Instance Date: 20090517

VehicleNumber---RequestNumber---MaxTravelTime---DisinfectionTime
    2              29               90             30

VehicleCapacity---VehicleLunchReadyTime---VehicleLunchDueTime---VehicleLunchDuration
    9                    870                    930                     60

LocationID---StaffDemand---SeatDemand---ReadyTime---DueTime---ServiceTime
    0            0              0          450        1230         0
    1            2              3          480        1200         8
    2            3              3          480        1200         8
    3            3              3          480        1200         8
    4            2              1          480        1200         8
    5            2              3          661         781         8
    6            2              1          480        1200         8
    7            2              1          480        1200         8
    8            2              1          480        1200         8
    9            3              3          480         750         8
   10            2              3          750        1200         8
   11            2              3          793         943         8
   12            2              3          750        1200         8
   13            2              3          795         915         8
   14            2              1          750        1200         8
   15            2              1          887        1007         8
   16            2              3          480        1200         8
   17            2              1          480        1200         8
   18            2              1          480        1200         8
   19            2              1          838         988         8
   20            2              3          480        1200         8
   21            2              1          480        1200         8
   22            2              3          792         912         8
   23            2              1          480        1200         8
   24            2              3          750        1200         8
   25            2              3          750        1200         8
   26            2              1          480        1200         8
   27            2              1          750        1200         8
   28            2              3          750        1200         8
   29            2              1          750        1200         8
   30            2             -3          480        1200         3
   31            3             -3          480        1200         3
   32            3             -3          480        1200         6
   33            2             -1          480        1200        10
   34            2             -3          661         811        10
   35            2             -1          480        1200         3
   36            2             -1          480        1200        10
   37            2             -1          480        1200         3
   38            3             -3          480         750        10
   39            2             -3          750        1200         3
   40            2             -3          793         973         3
   41            2             -3          750        1200         3
   42            2             -3          795         945        10
   43            2             -1          750        1200        10
   44            2             -1          887        1037        10
   45            2             -3          480        1200        10
   46            2             -1          480        1200        10
   47            2             -1          480        1200        10
   48            2             -1          838        1018         3
   49            2             -3          480        1200         3
   50            2             -1          480        1200        10
   51            2             -3          792         932        10
   52            2             -1          480        1200         3
   53            2             -3          750        1200         3
   54            2             -3          750        1200         3
   55            2             -1          480        1200         3
   56            2             -1          750        1200        10
   57            2             -3          750        1200        10
   58            2             -1          750        1200        10

Travel Time Between Locations
 0  0  0 12  0  0  0  0 12  0  0  0  0  0  0  0  0  0  0  0  0  0  0  0  0  0  0  0  0  0 12 12  8 14 14 12 14 16  6 12 12 12 16 16 15 16  6 13 12 12  7  9 12 12 12 12  5  8 12 
 0  0  0 12  0  0  0  0 12  0  0  0  0  0  0  0  0  0  0  0  0  0  0  0  0  0  0  0  0  0 12 12  8 14 14 12 14 16  6 12 12 12 16 16 15 16  6 13 12 12  7  9 12 12 12 12  5  8 12 
 0  0  0 12  0  0  0  0 12  0  0  0  0  0  0  0  0  0  0  0  0  0  0  0  0  0  0  0  0  0 12 12  8 14 14 12 14 16  6 12 12 12 16 16 15 16  6 13 12 12  7  9 12 12 12 12  5  8 12 
12 12 12  0 12 12 12 12  8 12 12 12 12 12 12 12 12 12 12 12 12 12 12 12 12 12 12 12 12 12  0  0  8  6  6  8  6 12 11  8  8  8  8  6  5  8 13 11  0  0  7 11  8  8  8  8 12 14  1 
 0  0  0 12  0  0  0  0 12  0  0  0  0  0  0  0  0  0  0  0  0  0  0  0  0  0  0  0  0  0 12 12  8 14 14 12 14 16  6 12 12 12 16 16 15 16  6 13 12 12  7  9 12 12 12 12  5  8 12 
 0  0  0 12  0  0  0  0 12  0  0  0  0  0  0  0  0  0  0  0  0  0  0  0  0  0  0  0  0  0 12 12  8 14 14 12 14 16  6 12 12 12 16 16 15 16  6 13 12 12  7  9 12 12 12 12  5  8 12 
 0  0  0 12  0  0  0  0 12  0  0  0  0  0  0  0  0  0  0  0  0  0  0  0  0  0  0  0  0  0 12 12  8 14 14 12 14 16  6 12 12 12 16 16 15 16  6 13 12 12  7  9 12 12 12 12  5  8 12 
 0  0  0 12  0  0  0  0 12  0  0  0  0  0  0  0  0  0  0  0  0  0  0  0  0  0  0  0  0  0 12 12  8 14 14 12 14 16  6 12 12 12 16 16 15 16  6 13 12 12  7  9 12 12 12 12  5  8 12 
12 12 12  8 12 12 12 12  0 12 12 12 12 12 12 12 12 12 12 12 12 12 12 12 12 12 12 12 12 12  8  8 10 12 12  0 11 16 11  0  0  0 13 11 10 13 14 12  8  8 10 13  0  0  0  0 11 13  9 
 0  0  0 12  0  0  0  0 12  0  0  0  0  0  0  0  0  0  0  0  0  0  0  0  0  0  0  0  0  0 12 12  8 14 14 12 14 16  6 12 12 12 16 16 15 16  6 13 12 12  7  9 12 12 12 12  5  8 12 
 0  0  0 12  0  0  0  0 12  0  0  0  0  0  0  0  0  0  0  0  0  0  0  0  0  0  0  0  0  0 12 12  8 14 14 12 14 16  6 12 12 12 16 16 15 16  6 13 12 12  7  9 12 12 12 12  5  8 12 
 0  0  0 12  0  0  0  0 12  0  0  0  0  0  0  0  0  0  0  0  0  0  0  0  0  0  0  0  0  0 12 12  8 14 14 12 14 16  6 12 12 12 16 16 15 16  6 13 12 12  7  9 12 12 12 12  5  8 12 
 0  0  0 12  0  0  0  0 12  0  0  0  0  0  0  0  0  0  0  0  0  0  0  0  0  0  0  0  0  0 12 12  8 14 14 12 14 16  6 12 12 12 16 16 15 16  6 13 12 12  7  9 12 12 12 12  5  8 12 
 0  0  0 12  0  0  0  0 12  0  0  0  0  0  0  0  0  0  0  0  0  0  0  0  0  0  0  0  0  0 12 12  8 14 14 12 14 16  6 12 12 12 16 16 15 16  6 13 12 12  7  9 12 12 12 12  5  8 12 
 0  0  0 12  0  0  0  0 12  0  0  0  0  0  0  0  0  0  0  0  0  0  0  0  0  0  0  0  0  0 12 12  8 14 14 12 14 16  6 12 12 12 16 16 15 16  6 13 12 12  7  9 12 12 12 12  5  8 12 
 0  0  0 12  0  0  0  0 12  0  0  0  0  0  0  0  0  0  0  0  0  0  0  0  0  0  0  0  0  0 12 12  8 14 14 12 14 16  6 12 12 12 16 16 15 16  6 13 12 12  7  9 12 12 12 12  5  8 12 
 0  0  0 12  0  0  0  0 12  0  0  0  0  0  0  0  0  0  0  0  0  0  0  0  0  0  0  0  0  0 12 12  8 14 14 12 14 16  6 12 12 12 16 16 15 16  6 13 12 12  7  9 12 12 12 12  5  8 12 
 0  0  0 12  0  0  0  0 12  0  0  0  0  0  0  0  0  0  0  0  0  0  0  0  0  0  0  0  0  0 12 12  8 14 14 12 14 16  6 12 12 12 16 16 15 16  6 13 12 12  7  9 12 12 12 12  5  8 12 
 0  0  0 12  0  0  0  0 12  0  0  0  0  0  0  0  0  0  0  0  0  0  0  0  0  0  0  0  0  0 12 12  8 14 14 12 14 16  6 12 12 12 16 16 15 16  6 13 12 12  7  9 12 12 12 12  5  8 12 
 0  0  0 12  0  0  0  0 12  0  0  0  0  0  0  0  0  0  0  0  0  0  0  0  0  0  0  0  0  0 12 12  8 14 14 12 14 16  6 12 12 12 16 16 15 16  6 13 12 12  7  9 12 12 12 12  5  8 12 
 0  0  0 12  0  0  0  0 12  0  0  0  0  0  0  0  0  0  0  0  0  0  0  0  0  0  0  0  0  0 12 12  8 14 14 12 14 16  6 12 12 12 16 16 15 16  6 13 12 12  7  9 12 12 12 12  5  8 12 
 0  0  0 12  0  0  0  0 12  0  0  0  0  0  0  0  0  0  0  0  0  0  0  0  0  0  0  0  0  0 12 12  8 14 14 12 14 16  6 12 12 12 16 16 15 16  6 13 12 12  7  9 12 12 12 12  5  8 12 
 0  0  0 12  0  0  0  0 12  0  0  0  0  0  0  0  0  0  0  0  0  0  0  0  0  0  0  0  0  0 12 12  8 14 14 12 14 16  6 12 12 12 16 16 15 16  6 13 12 12  7  9 12 12 12 12  5  8 12 
 0  0  0 12  0  0  0  0 12  0  0  0  0  0  0  0  0  0  0  0  0  0  0  0  0  0  0  0  0  0 12 12  8 14 14 12 14 16  6 12 12 12 16 16 15 16  6 13 12 12  7  9 12 12 12 12  5  8 12 
 0  0  0 12  0  0  0  0 12  0  0  0  0  0  0  0  0  0  0  0  0  0  0  0  0  0  0  0  0  0 12 12  8 14 14 12 14 16  6 12 12 12 16 16 15 16  6 13 12 12  7  9 12 12 12 12  5  8 12 
 0  0  0 12  0  0  0  0 12  0  0  0  0  0  0  0  0  0  0  0  0  0  0  0  0  0  0  0  0  0 12 12  8 14 14 12 14 16  6 12 12 12 16 16 15 16  6 13 12 12  7  9 12 12 12 12  5  8 12 
 0  0  0 12  0  0  0  0 12  0  0  0  0  0  0  0  0  0  0  0  0  0  0  0  0  0  0  0  0  0 12 12  8 14 14 12 14 16  6 12 12 12 16 16 15 16  6 13 12 12  7  9 12 12 12 12  5  8 12 
 0  0  0 12  0  0  0  0 12  0  0  0  0  0  0  0  0  0  0  0  0  0  0  0  0  0  0  0  0  0 12 12  8 14 14 12 14 16  6 12 12 12 16 16 15 16  6 13 12 12  7  9 12 12 12 12  5  8 12 
 0  0  0 12  0  0  0  0 12  0  0  0  0  0  0  0  0  0  0  0  0  0  0  0  0  0  0  0  0  0 12 12  8 14 14 12 14 16  6 12 12 12 16 16 15 16  6 13 12 12  7  9 12 12 12 12  5  8 12 
 0  0  0 12  0  0  0  0 12  0  0  0  0  0  0  0  0  0  0  0  0  0  0  0  0  0  0  0  0  0 12 12  8 14 14 12 14 16  6 12 12 12 16 16 15 16  6 13 12 12  7  9 12 12 12 12  5  8 12 
12 12 12  0 12 12 12 12  8 12 12 12 12 12 12 12 12 12 12 12 12 12 12 12 12 12 12 12 12 12  0  0  8  6  6  8  6 12 11  8  8  8  8  6  5  8 13 11  0  0  7 11  8  8  8  8 12 14  1 
12 12 12  0 12 12 12 12  8 12 12 12 12 12 12 12 12 12 12 12 12 12 12 12 12 12 12 12 12 12  0  0  8  6  6  8  6 12 11  8  8  8  8  6  5  8 13 11  0  0  7 11  8  8  8  8 12 14  1 
 8  8  8  8  8  8  8  8 10  8  8  8  8  8  8  8  8  8  8  8  8  8  8  8  8  8  8  8  8  8  8  8  0  8  8 10  7 13  8 10 10 10 11 13 12 11  9  9  8  8  2  5 10 10 10 10  8 11  7 
14 14 14  6 14 14 14 14 12 14 14 14 14 14 14 14 14 14 14 14 14 14 14 14 14 14 14 14 14 14  6  6  8  0  0 12  5 12 13 12 12 12  3  5  5  3 14  8  6  6  8 10 12 12 12 12 15 16  5 
14 14 14  6 14 14 14 14 12 14 14 14 14 14 14 14 14 14 14 14 14 14 14 14 14 14 14 14 14 14  6  6  8  0  0 12  5 12 13 12 12 12  3  5  5  3 14  8  6  6  8 10 12 12 12 12 15 16  5 
12 12 12  8 12 12 12 12  0 12 12 12 12 12 12 12 12 12 12 12 12 12 12 12 12 12 12 12 12 12  8  8 10 12 12  0 11 16 11  0  0  0 13 11 10 13 14 12  8  8 10 13  0  0  0  0 11 13  9 
14 14 14  6 14 14 14 14 11 14 14 14 14 14 14 14 14 14 14 14 14 14 14 14 14 14 14 14 14 14  6  6  7  5  5 11  0 10 13 11 11 11  7  9 10  7 13  8  6  6  7  9 11 11 11 11 14 15  6 
16 16 16 12 16 16 16 16 16 16 16 16 16 16 16 16 16 16 16 16 16 16 16 16 16 16 16 16 16 16 12 12 13 12 12 16 10  0 16 16 16 16 14 16 15 14 17  4 12 12 11 14 16 16 16 16 16 18 11 
 6  6  6 11  6  6  6  6 11  6  6  6  6  6  6  6  6  6  6  6  6  6  6  6  6  6  6  6  6  6 11 11  8 13 13 11 13 16  0 11 11 11 15 16 15 15  9 14 11 11  7  5 11 11 11 11  8  8 11 
12 12 12  8 12 12 12 12  0 12 12 12 12 12 12 12 12 12 12 12 12 12 12 12 12 12 12 12 12 12  8  8 10 12 12  0 11 16 11  0  0  0 13 11 10 13 14 12  8  8 10 13  0  0  0  0 11 13  9 
12 12 12  8 12 12 12 12  0 12 12 12 12 12 12 12 12 12 12 12 12 12 12 12 12 12 12 12 12 12  8  8 10 12 12  0 11 16 11  0  0  0 13 11 10 13 14 12  8  8 10 13  0  0  0  0 11 13  9 
12 12 12  8 12 12 12 12  0 12 12 12 12 12 12 12 12 12 12 12 12 12 12 12 12 12 12 12 12 12  8  8 10 12 12  0 11 16 11  0  0  0 13 11 10 13 14 12  8  8 10 13  0  0  0  0 11 13  9 
16 16 16  8 16 16 16 16 13 16 16 16 16 16 16 16 16 16 16 16 16 16 16 16 16 16 16 16 16 16  8  8 11  3  3 13  7 14 15 13 13 13  0  4  5  0 17 10  8  8 11 12 13 13 13 13 16 17  7 
16 16 16  6 16 16 16 16 11 16 16 16 16 16 16 16 16 16 16 16 16 16 16 16 16 16 16 16 16 16  6  6 13  5  5 11  9 16 16 11 11 11  4  0  1  4 16 12  6  6 12 15 11 11 11 11 14 16  7 
15 15 15  5 15 15 15 15 10 15 15 15 15 15 15 15 15 15 15 15 15 15 15 15 15 15 15 15 15 15  5  5 12  5  5 10 10 15 15 10 10 10  5  1  0  5 17 11  5  5 12 15 10 10 10 10 13 15  6 
16 16 16  8 16 16 16 16 13 16 16 16 16 16 16 16 16 16 16 16 16 16 16 16 16 16 16 16 16 16  8  8 11  3  3 13  7 14 15 13 13 13  0  4  5  0 17 10  8  8 11 12 13 13 13 13 16 17  7 
 6  6  6 13  6  6  6  6 14  6  6  6  6  6  6  6  6  6  6  6  6  6  6  6  6  6  6  6  6  6 13 13  9 14 14 14 13 17  9 14 14 14 17 16 17 17  0 15 13 13  8 12 14 14 14 14  7  6 13 
13 13 13 11 13 13 13 13 12 13 13 13 13 13 13 13 13 13 13 13 13 13 13 13 13 13 13 13 13 13 11 11  9  8  8 12  8  4 14 12 12 12 10 12 11 10 15  0 11 11  7 11 12 12 12 12 14 17 10 
12 12 12  0 12 12 12 12  8 12 12 12 12 12 12 12 12 12 12 12 12 12 12 12 12 12 12 12 12 12  0  0  8  6  6  8  6 12 11  8  8  8  8  6  5  8 13 11  0  0  7 11  8  8  8  8 12 14  1 
12 12 12  0 12 12 12 12  8 12 12 12 12 12 12 12 12 12 12 12 12 12 12 12 12 12 12 12 12 12  0  0  8  6  6  8  6 12 11  8  8  8  8  6  5  8 13 11  0  0  7 11  8  8  8  8 12 14  1 
 7  7  7  7  7  7  7  7 10  7  7  7  7  7  7  7  7  7  7  7  7  7  7  7  7  7  7  7  7  7  7  7  2  8  8 10  7 11  7 10 10 10 11 12 12 11  8  7  7  7  0  4 10 10 10 10  7 10  7 
 9  9  9 11  9  9  9  9 13  9  9  9  9  9  9  9  9  9  9  9  9  9  9  9  9  9  9  9  9  9 11 11  5 10 10 13  9 14  5 13 13 13 12 15 15 12 12 11 11 11  4  0 13 13 13 13  9 11 11 
12 12 12  8 12 12 12 12  0 12 12 12 12 12 12 12 12 12 12 12 12 12 12 12 12 12 12 12 12 12  8  8 10 12 12  0 11 16 11  0  0  0 13 11 10 13 14 12  8  8 10 13  0  0  0  0 11 13  9 
12 12 12  8 12 12 12 12  0 12 12 12 12 12 12 12 12 12 12 12 12 12 12 12 12 12 12 12 12 12  8  8 10 12 12  0 11 16 11  0  0  0 13 11 10 13 14 12  8  8 10 13  0  0  0  0 11 13  9 
12 12 12  8 12 12 12 12  0 12 12 12 12 12 12 12 12 12 12 12 12 12 12 12 12 12 12 12 12 12  8  8 10 12 12  0 11 16 11  0  0  0 13 11 10 13 14 12  8  8 10 13  0  0  0  0 11 13  9 
12 12 12  8 12 12 12 12  0 12 12 12 12 12 12 12 12 12 12 12 12 12 12 12 12 12 12 12 12 12  8  8 10 12 12  0 11 16 11  0  0  0 13 11 10 13 14 12  8  8 10 13  0  0  0  0 11 13  9 
 5  5  5 12  5  5  5  5 11  5  5  5  5  5  5  5  5  5  5  5  5  5  5  5  5  5  5  5  5  5 12 12  8 15 15 11 14 16  8 11 11 11 16 14 13 16  7 14 12 12  7  9 11 11 11 11  0  5 12 
 8  8  8 14  8  8  8  8 13  8  8  8  8  8  8  8  8  8  8  8  8  8  8  8  8  8  8  8  8  8 14 14 11 16 16 13 15 18  8 13 13 13 17 16 15 17  6 17 14 14 10 11 13 13 13 13  5  0 13 
12 12 12  1 12 12 12 12  9 12 12 12 12 12 12 12 12 12 12 12 12 12 12 12 12 12 12 12 12 12  1  1  7  5  5  9  6 11 11  9  9  9  7  7  6  7 13 10  1  1  7 11  9  9  9  9 12 13  0 
