Instance Date: 20090127

VehicleNumber---RequestNumber---MaxTravelTime---DisinfectionTime
    2              32               90             30

VehicleCapacity---VehicleLunchReadyTime---VehicleLunchDueTime---VehicleLunchDuration
    9                    870                    930                     60

LocationID---StaffDemand---SeatDemand---ReadyTime---DueTime---ServiceTime
    0            0              0          450        1230         0
    1            2              1          480         750         8
    2            2              1          480         750         8
    3            2              1          480        1200         8
    4            2            1.5          480         750         8
    5            2              1          480        1200         8
    6            2              1          750        1200         8
    7            2              3          480         750         8
    8            2              1          641         761         8
    9            2              1          480         750         8
   10            2              1          480        1200         8
   11            2              1          480        1200         8
   12            2              3          480        1200         8
   13            2              3          480        1200         8
   14            3              3          480        1200         8
   15            2              1          750        1200         8
   16            2              1          750        1200         8
   17            2              3          750        1200         8
   18            2              1          480        1200         8
   19            3              3          480        1200         8
   20            2              3          750        1200         8
   21            3              3          861         981         8
   22            2              1          750        1200         8
   23            2              3          750        1200         8
   24            2              1          750        1200         8
   25            2              1          480         750         8
   26            2              1          480        1200         8
   27            2              1          750        1200         8
   28            2              3          750        1200         8
   29            3              3          750        1200         8
   30            2              1         1003        1123         8
   31            2            1.5         1019        1139         8
   32            2              1          951        1071         8
   33            2             -1          480         750        10
   34            2             -1          480         750        10
   35            2             -1          480        1200        10
   36            2           -1.5          480         750         3
   37            2             -1          480        1200        10
   38            2             -1          750        1200        10
   39            2             -3          480         750        10
   40            2             -1          641         791        10
   41            2             -1          480         750         3
   42            2             -1          480        1200         3
   43            2             -1          480        1200        10
   44            2             -3          480        1200         3
   45            2             -3          480        1200        10
   46            3             -3          480        1200         3
   47            2             -1          750        1200         3
   48            2             -1          750        1200         3
   49            2             -3          750        1200         3
   50            2             -1          480        1200         3
   51            3             -3          480        1200        10
   52            2             -3          750        1200        10
   53            3             -3          861        1011        10
   54            2             -1          750        1200         3
   55            2             -3          750        1200        10
   56            2             -1          750        1200        10
   57            2             -1          480         750        10
   58            2             -1          480        1200        10
   59            2             -1          750        1200        10
   60            2             -3          750        1200        10
   61            3             -3          750        1200        10
   62            2             -1         1003        1143        10
   63            2           -1.5         1019        1159         3
   64            2             -1          951        1101        10

Travel Time Between Locations
 0  0  0  0 12 12 12  0  0  0  0  0  0  0  0  0  0  0  0  0  0  0  0  0  0  0  0  0  0  0  0  0  0  6  9  6  0  9  7 12 15 12 12 10 12  9 12 12 12 12 12 10 15 13 12 15 13  8  4  9  7  7  9 12 13 
 0  0  0  0 12 12 12  0  0  0  0  0  0  0  0  0  0  0  0  0  0  0  0  0  0  0  0  0  0  0  0  0  0  6  9  6  0  9  7 12 15 12 12 10 12  9 12 12 12 12 12 10 15 13 12 15 13  8  4  9  7  7  9 12 13 
 0  0  0  0 12 12 12  0  0  0  0  0  0  0  0  0  0  0  0  0  0  0  0  0  0  0  0  0  0  0  0  0  0  6  9  6  0  9  7 12 15 12 12 10 12  9 12 12 12 12 12 10 15 13 12 15 13  8  4  9  7  7  9 12 13 
 0  0  0  0 12 12 12  0  0  0  0  0  0  0  0  0  0  0  0  0  0  0  0  0  0  0  0  0  0  0  0  0  0  6  9  6  0  9  7 12 15 12 12 10 12  9 12 12 12 12 12 10 15 13 12 15 13  8  4  9  7  7  9 12 13 
12 12 12 12  0  0  0 12 12 12 12 12 12 12 12 12 12 12 12 12 12 12 12 12 12 12 12 12 12 12 12 12 12  7  7  8 12 11  7  6 10  8  8  6  8  8  0  0  0  8  0  6 10  8  8 10  9  8 12 10  7 10  7  0  9 
12 12 12 12  0  0  0 12 12 12 12 12 12 12 12 12 12 12 12 12 12 12 12 12 12 12 12 12 12 12 12 12 12  7  7  8 12 11  7  6 10  8  8  6  8  8  0  0  0  8  0  6 10  8  8 10  9  8 12 10  7 10  7  0  9 
12 12 12 12  0  0  0 12 12 12 12 12 12 12 12 12 12 12 12 12 12 12 12 12 12 12 12 12 12 12 12 12 12  7  7  8 12 11  7  6 10  8  8  6  8  8  0  0  0  8  0  6 10  8  8 10  9  8 12 10  7 10  7  0  9 
 0  0  0  0 12 12 12  0  0  0  0  0  0  0  0  0  0  0  0  0  0  0  0  0  0  0  0  0  0  0  0  0  0  6  9  6  0  9  7 12 15 12 12 10 12  9 12 12 12 12 12 10 15 13 12 15 13  8  4  9  7  7  9 12 13 
 0  0  0  0 12 12 12  0  0  0  0  0  0  0  0  0  0  0  0  0  0  0  0  0  0  0  0  0  0  0  0  0  0  6  9  6  0  9  7 12 15 12 12 10 12  9 12 12 12 12 12 10 15 13 12 15 13  8  4  9  7  7  9 12 13 
 0  0  0  0 12 12 12  0  0  0  0  0  0  0  0  0  0  0  0  0  0  0  0  0  0  0  0  0  0  0  0  0  0  6  9  6  0  9  7 12 15 12 12 10 12  9 12 12 12 12 12 10 15 13 12 15 13  8  4  9  7  7  9 12 13 
 0  0  0  0 12 12 12  0  0  0  0  0  0  0  0  0  0  0  0  0  0  0  0  0  0  0  0  0  0  0  0  0  0  6  9  6  0  9  7 12 15 12 12 10 12  9 12 12 12 12 12 10 15 13 12 15 13  8  4  9  7  7  9 12 13 
 0  0  0  0 12 12 12  0  0  0  0  0  0  0  0  0  0  0  0  0  0  0  0  0  0  0  0  0  0  0  0  0  0  6  9  6  0  9  7 12 15 12 12 10 12  9 12 12 12 12 12 10 15 13 12 15 13  8  4  9  7  7  9 12 13 
 0  0  0  0 12 12 12  0  0  0  0  0  0  0  0  0  0  0  0  0  0  0  0  0  0  0  0  0  0  0  0  0  0  6  9  6  0  9  7 12 15 12 12 10 12  9 12 12 12 12 12 10 15 13 12 15 13  8  4  9  7  7  9 12 13 
 0  0  0  0 12 12 12  0  0  0  0  0  0  0  0  0  0  0  0  0  0  0  0  0  0  0  0  0  0  0  0  0  0  6  9  6  0  9  7 12 15 12 12 10 12  9 12 12 12 12 12 10 15 13 12 15 13  8  4  9  7  7  9 12 13 
 0  0  0  0 12 12 12  0  0  0  0  0  0  0  0  0  0  0  0  0  0  0  0  0  0  0  0  0  0  0  0  0  0  6  9  6  0  9  7 12 15 12 12 10 12  9 12 12 12 12 12 10 15 13 12 15 13  8  4  9  7  7  9 12 13 
 0  0  0  0 12 12 12  0  0  0  0  0  0  0  0  0  0  0  0  0  0  0  0  0  0  0  0  0  0  0  0  0  0  6  9  6  0  9  7 12 15 12 12 10 12  9 12 12 12 12 12 10 15 13 12 15 13  8  4  9  7  7  9 12 13 
 0  0  0  0 12 12 12  0  0  0  0  0  0  0  0  0  0  0  0  0  0  0  0  0  0  0  0  0  0  0  0  0  0  6  9  6  0  9  7 12 15 12 12 10 12  9 12 12 12 12 12 10 15 13 12 15 13  8  4  9  7  7  9 12 13 
 0  0  0  0 12 12 12  0  0  0  0  0  0  0  0  0  0  0  0  0  0  0  0  0  0  0  0  0  0  0  0  0  0  6  9  6  0  9  7 12 15 12 12 10 12  9 12 12 12 12 12 10 15 13 12 15 13  8  4  9  7  7  9 12 13 
 0  0  0  0 12 12 12  0  0  0  0  0  0  0  0  0  0  0  0  0  0  0  0  0  0  0  0  0  0  0  0  0  0  6  9  6  0  9  7 12 15 12 12 10 12  9 12 12 12 12 12 10 15 13 12 15 13  8  4  9  7  7  9 12 13 
 0  0  0  0 12 12 12  0  0  0  0  0  0  0  0  0  0  0  0  0  0  0  0  0  0  0  0  0  0  0  0  0  0  6  9  6  0  9  7 12 15 12 12 10 12  9 12 12 12 12 12 10 15 13 12 15 13  8  4  9  7  7  9 12 13 
 0  0  0  0 12 12 12  0  0  0  0  0  0  0  0  0  0  0  0  0  0  0  0  0  0  0  0  0  0  0  0  0  0  6  9  6  0  9  7 12 15 12 12 10 12  9 12 12 12 12 12 10 15 13 12 15 13  8  4  9  7  7  9 12 13 
 0  0  0  0 12 12 12  0  0  0  0  0  0  0  0  0  0  0  0  0  0  0  0  0  0  0  0  0  0  0  0  0  0  6  9  6  0  9  7 12 15 12 12 10 12  9 12 12 12 12 12 10 15 13 12 15 13  8  4  9  7  7  9 12 13 
 0  0  0  0 12 12 12  0  0  0  0  0  0  0  0  0  0  0  0  0  0  0  0  0  0  0  0  0  0  0  0  0  0  6  9  6  0  9  7 12 15 12 12 10 12  9 12 12 12 12 12 10 15 13 12 15 13  8  4  9  7  7  9 12 13 
 0  0  0  0 12 12 12  0  0  0  0  0  0  0  0  0  0  0  0  0  0  0  0  0  0  0  0  0  0  0  0  0  0  6  9  6  0  9  7 12 15 12 12 10 12  9 12 12 12 12 12 10 15 13 12 15 13  8  4  9  7  7  9 12 13 
 0  0  0  0 12 12 12  0  0  0  0  0  0  0  0  0  0  0  0  0  0  0  0  0  0  0  0  0  0  0  0  0  0  6  9  6  0  9  7 12 15 12 12 10 12  9 12 12 12 12 12 10 15 13 12 15 13  8  4  9  7  7  9 12 13 
 0  0  0  0 12 12 12  0  0  0  0  0  0  0  0  0  0  0  0  0  0  0  0  0  0  0  0  0  0  0  0  0  0  6  9  6  0  9  7 12 15 12 12 10 12  9 12 12 12 12 12 10 15 13 12 15 13  8  4  9  7  7  9 12 13 
 0  0  0  0 12 12 12  0  0  0  0  0  0  0  0  0  0  0  0  0  0  0  0  0  0  0  0  0  0  0  0  0  0  6  9  6  0  9  7 12 15 12 12 10 12  9 12 12 12 12 12 10 15 13 12 15 13  8  4  9  7  7  9 12 13 
 0  0  0  0 12 12 12  0  0  0  0  0  0  0  0  0  0  0  0  0  0  0  0  0  0  0  0  0  0  0  0  0  0  6  9  6  0  9  7 12 15 12 12 10 12  9 12 12 12 12 12 10 15 13 12 15 13  8  4  9  7  7  9 12 13 
 0  0  0  0 12 12 12  0  0  0  0  0  0  0  0  0  0  0  0  0  0  0  0  0  0  0  0  0  0  0  0  0  0  6  9  6  0  9  7 12 15 12 12 10 12  9 12 12 12 12 12 10 15 13 12 15 13  8  4  9  7  7  9 12 13 
 0  0  0  0 12 12 12  0  0  0  0  0  0  0  0  0  0  0  0  0  0  0  0  0  0  0  0  0  0  0  0  0  0  6  9  6  0  9  7 12 15 12 12 10 12  9 12 12 12 12 12 10 15 13 12 15 13  8  4  9  7  7  9 12 13 
 0  0  0  0 12 12 12  0  0  0  0  0  0  0  0  0  0  0  0  0  0  0  0  0  0  0  0  0  0  0  0  0  0  6  9  6  0  9  7 12 15 12 12 10 12  9 12 12 12 12 12 10 15 13 12 15 13  8  4  9  7  7  9 12 13 
 0  0  0  0 12 12 12  0  0  0  0  0  0  0  0  0  0  0  0  0  0  0  0  0  0  0  0  0  0  0  0  0  0  6  9  6  0  9  7 12 15 12 12 10 12  9 12 12 12 12 12 10 15 13 12 15 13  8  4  9  7  7  9 12 13 
 0  0  0  0 12 12 12  0  0  0  0  0  0  0  0  0  0  0  0  0  0  0  0  0  0  0  0  0  0  0  0  0  0  6  9  6  0  9  7 12 15 12 12 10 12  9 12 12 12 12 12 10 15 13 12 15 13  8  4  9  7  7  9 12 13 
 6  6  6  6  7  7  7  6  6  6  6  6  6  6  6  6  6  6  6  6  6  6  6  6  6  6  6  6  6  6  6  6  6  0  5  6  6 11  7  8 14  9  9  7  9  6  7  7  7  9  7  9 11 11  9 11 11  7  9  9  7  7  5  7 11 
 9  9  9  9  7  7  7  9  9  9  9  9  9  9  9  9  9  9  9  9  9  9  9  9  9  9  9  9  9  9  9  9  9  5  0  4  9  7  4  7 11  7  7  7  7  6  7  7  7  7  7  6 10  8  7 10  9  4  8  6  4  3  0  7  9 
 6  6  6  6  8  8  8  6  6  6  6  6  6  6  6  6  6  6  6  6  6  6  6  6  6  6  6  6  6  6  6  6  6  6  4  0  6  8  6 11 14 11 11 10 11 10  8  8  8 11  8 10 11 12 11 12 13  7  5  7  6  3  4  8 13 
 0  0  0  0 12 12 12  0  0  0  0  0  0  0  0  0  0  0  0  0  0  0  0  0  0  0  0  0  0  0  0  0  0  6  9  6  0  9  7 12 15 12 12 10 12  9 12 12 12 12 12 10 15 13 12 15 13  8  4  9  7  7  9 12 13 
 9  9  9  9 11 11 11  9  9  9  9  9  9  9  9  9  9  9  9  9  9  9  9  9  9  9  9  9  9  9  9  9  9 11  7  8  9  0  4 10 15 11 11 10 11  8 11 11 11 11 11 10 11 13 11 14 11  5  9  4  4  7  7 11 11 
 7  7  7  7  7  7  7  7  7  7  7  7  7  7  7  7  7  7  7  7  7  7  7  7  7  7  7  7  7  7  7  7  7  7  4  6  7  4  0  6 12  7  7  7  7  4  7  7  7  7  7  7  9 10  7 10 10  1  8  3  0  5  4  7 10 
12 12 12 12  6  6  6 12 12 12 12 12 12 12 12 12 12 12 12 12 12 12 12 12 12 12 12 12 12 12 12 12 12  8  7 11 12 10  6  0  8  6  6  6  6  3  6  6  6  6  6  4  6  6  6  8  7  7 12  9  6 10  7  6  7 
15 15 15 15 10 10 10 15 15 15 15 15 15 15 15 15 15 15 15 15 15 15 15 15 15 15 15 15 15 15 15 15 15 14 11 14 15 15 12  8  0  9  9 11  9  8 10 10 10  9 10  8  4  3  9  5  6 11 15 13 12 13 11 10  6 
12 12 12 12  8  8  8 12 12 12 12 12 12 12 12 12 12 12 12 12 12 12 12 12 12 12 12 12 12 12 12 12 12  9  7 11 12 11  7  6  9  0  0  4  0  5  8  8  8  0  8  4  5  7  0  5  6  6 12 10  7  9  7  8  6 
12 12 12 12  8  8  8 12 12 12 12 12 12 12 12 12 12 12 12 12 12 12 12 12 12 12 12 12 12 12 12 12 12  9  7 11 12 11  7  6  9  0  0  4  0  5  8  8  8  0  8  4  5  7  0  5  6  6 12 10  7  9  7  8  6 
10 10 10 10  6  6  6 10 10 10 10 10 10 10 10 10 10 10 10 10 10 10 10 10 10 10 10 10 10 10 10 10 10  7  7 10 10 10  7  6 11  4  4  0  4  4  6  6  6  4  6  5  8  9  4  6  7  7 11  8  7  9  7  6  7 
12 12 12 12  8  8  8 12 12 12 12 12 12 12 12 12 12 12 12 12 12 12 12 12 12 12 12 12 12 12 12 12 12  9  7 11 12 11  7  6  9  0  0  4  0  5  8  8  8  0  8  4  5  7  0  5  6  6 12 10  7  9  7  8  6 
 9  9  9  9  8  8  8  9  9  9  9  9  9  9  9  9  9  9  9  9  9  9  9  9  9  9  9  9  9  9  9  9  9  6  6 10  9  8  4  3  8  5  5  4  5  0  8  8  8  5  8  3  7  6  5  6  6  5 11  7  4  9  6  8  6 
12 12 12 12  0  0  0 12 12 12 12 12 12 12 12 12 12 12 12 12 12 12 12 12 12 12 12 12 12 12 12 12 12  7  7  8 12 11  7  6 10  8  8  6  8  8  0  0  0  8  0  6 10  8  8 10  9  8 12 10  7 10  7  0  9 
12 12 12 12  0  0  0 12 12 12 12 12 12 12 12 12 12 12 12 12 12 12 12 12 12 12 12 12 12 12 12 12 12  7  7  8 12 11  7  6 10  8  8  6  8  8  0  0  0  8  0  6 10  8  8 10  9  8 12 10  7 10  7  0  9 
12 12 12 12  0  0  0 12 12 12 12 12 12 12 12 12 12 12 12 12 12 12 12 12 12 12 12 12 12 12 12 12 12  7  7  8 12 11  7  6 10  8  8  6  8  8  0  0  0  8  0  6 10  8  8 10  9  8 12 10  7 10  7  0  9 
12 12 12 12  8  8  8 12 12 12 12 12 12 12 12 12 12 12 12 12 12 12 12 12 12 12 12 12 12 12 12 12 12  9  7 11 12 11  7  6  9  0  0  4  0  5  8  8  8  0  8  4  5  7  0  5  6  6 12 10  7  9  7  8  6 
12 12 12 12  0  0  0 12 12 12 12 12 12 12 12 12 12 12 12 12 12 12 12 12 12 12 12 12 12 12 12 12 12  7  7  8 12 11  7  6 10  8  8  6  8  8  0  0  0  8  0  6 10  8  8 10  9  8 12 10  7 10  7  0  9 
10 10 10 10  6  6  6 10 10 10 10 10 10 10 10 10 10 10 10 10 10 10 10 10 10 10 10 10 10 10 10 10 10  9  6 10 10 10  7  4  8  4  4  5  4  3  6  6  6  4  6  0  5  6  4  6  5  7 11  8  7  9  6  6  5 
15 15 15 15 10 10 10 15 15 15 15 15 15 15 15 15 15 15 15 15 15 15 15 15 15 15 15 15 15 15 15 15 15 11 10 11 15 11  9  6  4  5  5  8  5  7 10 10 10  5 10  5  0  2  5  3  2  8 15 10  9 10 10 10  2 
13 13 13 13  8  8  8 13 13 13 13 13 13 13 13 13 13 13 13 13 13 13 13 13 13 13 13 13 13 13 13 13 13 11  8 12 13 13 10  6  3  7  7  9  7  6  8  8  8  7  8  6  2  0  7  5  4  9 13 11 10 11  8  8  4 
12 12 12 12  8  8  8 12 12 12 12 12 12 12 12 12 12 12 12 12 12 12 12 12 12 12 12 12 12 12 12 12 12  9  7 11 12 11  7  6  9  0  0  4  0  5  8  8  8  0  8  4  5  7  0  5  6  6 12 10  7  9  7  8  6 
15 15 15 15 10 10 10 15 15 15 15 15 15 15 15 15 15 15 15 15 15 15 15 15 15 15 15 15 15 15 15 15 15 11 10 12 15 14 10  8  5  5  5  6  5  6 10 10 10  5 10  6  3  5  5  0  3 11 15 13 10 13 10 10  3 
13 13 13 13  9  9  9 13 13 13 13 13 13 13 13 13 13 13 13 13 13 13 13 13 13 13 13 13 13 13 13 13 13 11  9 13 13 11 10  7  6  6  6  7  6  6  9  9  9  6  9  5  2  4  6  3  0  9 14 10 10 11  9  9  0 
 8  8  8  8  8  8  8  8  8  8  8  8  8  8  8  8  8  8  8  8  8  8  8  8  8  8  8  8  8  8  8  8  8  7  4  7  8  5  1  7 11  6  6  7  6  5  8  8  8  6  8  7  8  9  6 11  9  0  8  4  1  6  4  8  9 
 4  4  4  4 12 12 12  4  4  4  4  4  4  4  4  4  4  4  4  4  4  4  4  4  4  4  4  4  4  4  4  4  4  9  8  5  4  9  8 12 15 12 12 11 12 11 12 12 12 12 12 11 15 13 12 15 14  8  0  9  8  7  8 12 14 
 9  9  9  9 10 10 10  9  9  9  9  9  9  9  9  9  9  9  9  9  9  9  9  9  9  9  9  9  9  9  9  9  9  9  6  7  9  4  3  9 13 10 10  8 10  7 10 10 10 10 10  8 10 11 10 13 10  4  9  0  3  5  6 10 10 
 7  7  7  7  7  7  7  7  7  7  7  7  7  7  7  7  7  7  7  7  7  7  7  7  7  7  7  7  7  7  7  7  7  7  4  6  7  4  0  6 12  7  7  7  7  4  7  7  7  7  7  7  9 10  7 10 10  1  8  3  0  5  4  7 10 
 7  7  7  7 10 10 10  7  7  7  7  7  7  7  7  7  7  7  7  7  7  7  7  7  7  7  7  7  7  7  7  7  7  7  3  3  7  7  5 10 13  9  9  9  9  9 10 10 10  9 10  9 10 11  9 13 11  6  7  5  5  0  3 10 11 
 9  9  9  9  7  7  7  9  9  9  9  9  9  9  9  9  9  9  9  9  9  9  9  9  9  9  9  9  9  9  9  9  9  5  0  4  9  7  4  7 11  7  7  7  7  6  7  7  7  7  7  6 10  8  7 10  9  4  8  6  4  3  0  7  9 
12 12 12 12  0  0  0 12 12 12 12 12 12 12 12 12 12 12 12 12 12 12 12 12 12 12 12 12 12 12 12 12 12  7  7  8 12 11  7  6 10  8  8  6  8  8  0  0  0  8  0  6 10  8  8 10  9  8 12 10  7 10  7  0  9 
13 13 13 13  9  9  9 13 13 13 13 13 13 13 13 13 13 13 13 13 13 13 13 13 13 13 13 13 13 13 13 13 13 11  9 13 13 11 10  7  6  6  6  7  6  6  9  9  9  6  9  5  2  4  6  3  0  9 14 10 10 11  9  9  0 
