Instance Date: 20090301

VehicleNumber---RequestNumber---MaxTravelTime---DisinfectionTime
    2              37               90             30

VehicleCapacity---VehicleLunchReadyTime---VehicleLunchDueTime---VehicleLunchDuration
    9                    870                    930                     60

LocationID---StaffDemand---SeatDemand---ReadyTime---DueTime---ServiceTime
    0            0              0          450        1230         0
    1            2              3          480        1200         8
    2            3              3          750        1200         8
    3            2              1          654         774         8
    4            3              3          768         918         8
    5            2              1          750        1200         8
    6            2              1          750        1200         8
    7            2              3          720         870         8
    8            2              1          480        1200         8
    9            2              1          480         750         8
   10            2              1          480         750         8
   11            3              3          480        1200         8
   12            2              1          480         750         8
   13            2              3          480         750         8
   14            2              3          480        1200         8
   15            2              1          750        1200         8
   16            2              3          480        1200         8
   17            2              3          480         750         8
   18            2              1          480        1200         8
   19            2              1          480        1200         8
   20            2              3          480        1200         8
   21            2              3          480         750         8
   22            2              1          840         960         8
   23            2              3          895        1015         8
   24            2              1          480        1200         8
   25            2              3          480        1200         8
   26            2              1          876         996         8
   27            2              1          480        1200         8
   28            2              3          750        1200         8
   29            2              1          480        1200         8
   30            2              1          480        1200         8
   31            2              1          785         935         8
   32            2              3          480        1200         8
   33            2              1          907        1057         8
   34            2              1          750        1200         8
   35            2              1          750        1200         8
   36            2              3          750        1200         8
   37            2              1          750        1200         8
   38            2             -3          480        1200        10
   39            3             -3          750        1200        10
   40            2             -1          654         794        10
   41            3             -3          768         948         3
   42            2             -1          750        1200         3
   43            2             -1          750        1200         3
   44            2             -3          720         900         3
   45            2             -1          480        1200         3
   46            2             -1          480         750        10
   47            2             -1          480         750        10
   48            3             -3          480        1200         3
   49            2             -1          480         750        10
   50            2             -3          480         750         3
   51            2             -3          480        1200         3
   52            2             -1          750        1200         3
   53            2             -3          480        1200         3
   54            2             -3          480         750         3
   55            2             -1          480        1200         3
   56            2             -1          480        1200         3
   57            2             -3          480        1200        10
   58            2             -3          480         750        10
   59            2             -1          840         990        10
   60            2             -3          895        1045        10
   61            2             -1          480        1200        10
   62            2             -3          480        1200        10
   63            2             -1          876        1016        10
   64            2             -1          480        1200         3
   65            2             -3          750        1200        10
   66            2             -1          480        1200        10
   67            2             -1          480        1200         3
   68            2             -1          785         965         3
   69            2             -3          480        1200         3
   70            2             -1          907        1087         3
   71            2             -1          750        1200         3
   72            2             -1          750        1200         3
   73            2             -3          750        1200        10
   74            2             -1          750        1200        10

Travel Time Between Locations
 0  0  0  0  0  0  0  0  0  0  0  0  0  0  0  0  0  0  0  0  0  0  0  0  0  0  0  0  0  0  0  0  0  0  0  0  0  0  9  8  8 12 12 12 12 12 14 13 12  9 12 12 12 12 12 12 12 10 15 15 14  5  7  9 12 10  9 12 12 12 12 12 12 13 14 
 0  0  0  0  0  0  0  0  0  0  0  0  0  0  0  0  0  0  0  0  0  0  0  0  0  0  0  0  0  0  0  0  0  0  0  0  0  0  9  8  8 12 12 12 12 12 14 13 12  9 12 12 12 12 12 12 12 10 15 15 14  5  7  9 12 10  9 12 12 12 12 12 12 13 14 
 0  0  0  0  0  0  0  0  0  0  0  0  0  0  0  0  0  0  0  0  0  0  0  0  0  0  0  0  0  0  0  0  0  0  0  0  0  0  9  8  8 12 12 12 12 12 14 13 12  9 12 12 12 12 12 12 12 10 15 15 14  5  7  9 12 10  9 12 12 12 12 12 12 13 14 
 0  0  0  0  0  0  0  0  0  0  0  0  0  0  0  0  0  0  0  0  0  0  0  0  0  0  0  0  0  0  0  0  0  0  0  0  0  0  9  8  8 12 12 12 12 12 14 13 12  9 12 12 12 12 12 12 12 10 15 15 14  5  7  9 12 10  9 12 12 12 12 12 12 13 14 
 0  0  0  0  0  0  0  0  0  0  0  0  0  0  0  0  0  0  0  0  0  0  0  0  0  0  0  0  0  0  0  0  0  0  0  0  0  0  9  8  8 12 12 12 12 12 14 13 12  9 12 12 12 12 12 12 12 10 15 15 14  5  7  9 12 10  9 12 12 12 12 12 12 13 14 
 0  0  0  0  0  0  0  0  0  0  0  0  0  0  0  0  0  0  0  0  0  0  0  0  0  0  0  0  0  0  0  0  0  0  0  0  0  0  9  8  8 12 12 12 12 12 14 13 12  9 12 12 12 12 12 12 12 10 15 15 14  5  7  9 12 10  9 12 12 12 12 12 12 13 14 
 0  0  0  0  0  0  0  0  0  0  0  0  0  0  0  0  0  0  0  0  0  0  0  0  0  0  0  0  0  0  0  0  0  0  0  0  0  0  9  8  8 12 12 12 12 12 14 13 12  9 12 12 12 12 12 12 12 10 15 15 14  5  7  9 12 10  9 12 12 12 12 12 12 13 14 
 0  0  0  0  0  0  0  0  0  0  0  0  0  0  0  0  0  0  0  0  0  0  0  0  0  0  0  0  0  0  0  0  0  0  0  0  0  0  9  8  8 12 12 12 12 12 14 13 12  9 12 12 12 12 12 12 12 10 15 15 14  5  7  9 12 10  9 12 12 12 12 12 12 13 14 
 0  0  0  0  0  0  0  0  0  0  0  0  0  0  0  0  0  0  0  0  0  0  0  0  0  0  0  0  0  0  0  0  0  0  0  0  0  0  9  8  8 12 12 12 12 12 14 13 12  9 12 12 12 12 12 12 12 10 15 15 14  5  7  9 12 10  9 12 12 12 12 12 12 13 14 
 0  0  0  0  0  0  0  0  0  0  0  0  0  0  0  0  0  0  0  0  0  0  0  0  0  0  0  0  0  0  0  0  0  0  0  0  0  0  9  8  8 12 12 12 12 12 14 13 12  9 12 12 12 12 12 12 12 10 15 15 14  5  7  9 12 10  9 12 12 12 12 12 12 13 14 
 0  0  0  0  0  0  0  0  0  0  0  0  0  0  0  0  0  0  0  0  0  0  0  0  0  0  0  0  0  0  0  0  0  0  0  0  0  0  9  8  8 12 12 12 12 12 14 13 12  9 12 12 12 12 12 12 12 10 15 15 14  5  7  9 12 10  9 12 12 12 12 12 12 13 14 
 0  0  0  0  0  0  0  0  0  0  0  0  0  0  0  0  0  0  0  0  0  0  0  0  0  0  0  0  0  0  0  0  0  0  0  0  0  0  9  8  8 12 12 12 12 12 14 13 12  9 12 12 12 12 12 12 12 10 15 15 14  5  7  9 12 10  9 12 12 12 12 12 12 13 14 
 0  0  0  0  0  0  0  0  0  0  0  0  0  0  0  0  0  0  0  0  0  0  0  0  0  0  0  0  0  0  0  0  0  0  0  0  0  0  9  8  8 12 12 12 12 12 14 13 12  9 12 12 12 12 12 12 12 10 15 15 14  5  7  9 12 10  9 12 12 12 12 12 12 13 14 
 0  0  0  0  0  0  0  0  0  0  0  0  0  0  0  0  0  0  0  0  0  0  0  0  0  0  0  0  0  0  0  0  0  0  0  0  0  0  9  8  8 12 12 12 12 12 14 13 12  9 12 12 12 12 12 12 12 10 15 15 14  5  7  9 12 10  9 12 12 12 12 12 12 13 14 
 0  0  0  0  0  0  0  0  0  0  0  0  0  0  0  0  0  0  0  0  0  0  0  0  0  0  0  0  0  0  0  0  0  0  0  0  0  0  9  8  8 12 12 12 12 12 14 13 12  9 12 12 12 12 12 12 12 10 15 15 14  5  7  9 12 10  9 12 12 12 12 12 12 13 14 
 0  0  0  0  0  0  0  0  0  0  0  0  0  0  0  0  0  0  0  0  0  0  0  0  0  0  0  0  0  0  0  0  0  0  0  0  0  0  9  8  8 12 12 12 12 12 14 13 12  9 12 12 12 12 12 12 12 10 15 15 14  5  7  9 12 10  9 12 12 12 12 12 12 13 14 
 0  0  0  0  0  0  0  0  0  0  0  0  0  0  0  0  0  0  0  0  0  0  0  0  0  0  0  0  0  0  0  0  0  0  0  0  0  0  9  8  8 12 12 12 12 12 14 13 12  9 12 12 12 12 12 12 12 10 15 15 14  5  7  9 12 10  9 12 12 12 12 12 12 13 14 
 0  0  0  0  0  0  0  0  0  0  0  0  0  0  0  0  0  0  0  0  0  0  0  0  0  0  0  0  0  0  0  0  0  0  0  0  0  0  9  8  8 12 12 12 12 12 14 13 12  9 12 12 12 12 12 12 12 10 15 15 14  5  7  9 12 10  9 12 12 12 12 12 12 13 14 
 0  0  0  0  0  0  0  0  0  0  0  0  0  0  0  0  0  0  0  0  0  0  0  0  0  0  0  0  0  0  0  0  0  0  0  0  0  0  9  8  8 12 12 12 12 12 14 13 12  9 12 12 12 12 12 12 12 10 15 15 14  5  7  9 12 10  9 12 12 12 12 12 12 13 14 
 0  0  0  0  0  0  0  0  0  0  0  0  0  0  0  0  0  0  0  0  0  0  0  0  0  0  0  0  0  0  0  0  0  0  0  0  0  0  9  8  8 12 12 12 12 12 14 13 12  9 12 12 12 12 12 12 12 10 15 15 14  5  7  9 12 10  9 12 12 12 12 12 12 13 14 
 0  0  0  0  0  0  0  0  0  0  0  0  0  0  0  0  0  0  0  0  0  0  0  0  0  0  0  0  0  0  0  0  0  0  0  0  0  0  9  8  8 12 12 12 12 12 14 13 12  9 12 12 12 12 12 12 12 10 15 15 14  5  7  9 12 10  9 12 12 12 12 12 12 13 14 
 0  0  0  0  0  0  0  0  0  0  0  0  0  0  0  0  0  0  0  0  0  0  0  0  0  0  0  0  0  0  0  0  0  0  0  0  0  0  9  8  8 12 12 12 12 12 14 13 12  9 12 12 12 12 12 12 12 10 15 15 14  5  7  9 12 10  9 12 12 12 12 12 12 13 14 
 0  0  0  0  0  0  0  0  0  0  0  0  0  0  0  0  0  0  0  0  0  0  0  0  0  0  0  0  0  0  0  0  0  0  0  0  0  0  9  8  8 12 12 12 12 12 14 13 12  9 12 12 12 12 12 12 12 10 15 15 14  5  7  9 12 10  9 12 12 12 12 12 12 13 14 
 0  0  0  0  0  0  0  0  0  0  0  0  0  0  0  0  0  0  0  0  0  0  0  0  0  0  0  0  0  0  0  0  0  0  0  0  0  0  9  8  8 12 12 12 12 12 14 13 12  9 12 12 12 12 12 12 12 10 15 15 14  5  7  9 12 10  9 12 12 12 12 12 12 13 14 
 0  0  0  0  0  0  0  0  0  0  0  0  0  0  0  0  0  0  0  0  0  0  0  0  0  0  0  0  0  0  0  0  0  0  0  0  0  0  9  8  8 12 12 12 12 12 14 13 12  9 12 12 12 12 12 12 12 10 15 15 14  5  7  9 12 10  9 12 12 12 12 12 12 13 14 
 0  0  0  0  0  0  0  0  0  0  0  0  0  0  0  0  0  0  0  0  0  0  0  0  0  0  0  0  0  0  0  0  0  0  0  0  0  0  9  8  8 12 12 12 12 12 14 13 12  9 12 12 12 12 12 12 12 10 15 15 14  5  7  9 12 10  9 12 12 12 12 12 12 13 14 
 0  0  0  0  0  0  0  0  0  0  0  0  0  0  0  0  0  0  0  0  0  0  0  0  0  0  0  0  0  0  0  0  0  0  0  0  0  0  9  8  8 12 12 12 12 12 14 13 12  9 12 12 12 12 12 12 12 10 15 15 14  5  7  9 12 10  9 12 12 12 12 12 12 13 14 
 0  0  0  0  0  0  0  0  0  0  0  0  0  0  0  0  0  0  0  0  0  0  0  0  0  0  0  0  0  0  0  0  0  0  0  0  0  0  9  8  8 12 12 12 12 12 14 13 12  9 12 12 12 12 12 12 12 10 15 15 14  5  7  9 12 10  9 12 12 12 12 12 12 13 14 
 0  0  0  0  0  0  0  0  0  0  0  0  0  0  0  0  0  0  0  0  0  0  0  0  0  0  0  0  0  0  0  0  0  0  0  0  0  0  9  8  8 12 12 12 12 12 14 13 12  9 12 12 12 12 12 12 12 10 15 15 14  5  7  9 12 10  9 12 12 12 12 12 12 13 14 
 0  0  0  0  0  0  0  0  0  0  0  0  0  0  0  0  0  0  0  0  0  0  0  0  0  0  0  0  0  0  0  0  0  0  0  0  0  0  9  8  8 12 12 12 12 12 14 13 12  9 12 12 12 12 12 12 12 10 15 15 14  5  7  9 12 10  9 12 12 12 12 12 12 13 14 
 0  0  0  0  0  0  0  0  0  0  0  0  0  0  0  0  0  0  0  0  0  0  0  0  0  0  0  0  0  0  0  0  0  0  0  0  0  0  9  8  8 12 12 12 12 12 14 13 12  9 12 12 12 12 12 12 12 10 15 15 14  5  7  9 12 10  9 12 12 12 12 12 12 13 14 
 0  0  0  0  0  0  0  0  0  0  0  0  0  0  0  0  0  0  0  0  0  0  0  0  0  0  0  0  0  0  0  0  0  0  0  0  0  0  9  8  8 12 12 12 12 12 14 13 12  9 12 12 12 12 12 12 12 10 15 15 14  5  7  9 12 10  9 12 12 12 12 12 12 13 14 
 0  0  0  0  0  0  0  0  0  0  0  0  0  0  0  0  0  0  0  0  0  0  0  0  0  0  0  0  0  0  0  0  0  0  0  0  0  0  9  8  8 12 12 12 12 12 14 13 12  9 12 12 12 12 12 12 12 10 15 15 14  5  7  9 12 10  9 12 12 12 12 12 12 13 14 
 0  0  0  0  0  0  0  0  0  0  0  0  0  0  0  0  0  0  0  0  0  0  0  0  0  0  0  0  0  0  0  0  0  0  0  0  0  0  9  8  8 12 12 12 12 12 14 13 12  9 12 12 12 12 12 12 12 10 15 15 14  5  7  9 12 10  9 12 12 12 12 12 12 13 14 
 0  0  0  0  0  0  0  0  0  0  0  0  0  0  0  0  0  0  0  0  0  0  0  0  0  0  0  0  0  0  0  0  0  0  0  0  0  0  9  8  8 12 12 12 12 12 14 13 12  9 12 12 12 12 12 12 12 10 15 15 14  5  7  9 12 10  9 12 12 12 12 12 12 13 14 
 0  0  0  0  0  0  0  0  0  0  0  0  0  0  0  0  0  0  0  0  0  0  0  0  0  0  0  0  0  0  0  0  0  0  0  0  0  0  9  8  8 12 12 12 12 12 14 13 12  9 12 12 12 12 12 12 12 10 15 15 14  5  7  9 12 10  9 12 12 12 12 12 12 13 14 
 0  0  0  0  0  0  0  0  0  0  0  0  0  0  0  0  0  0  0  0  0  0  0  0  0  0  0  0  0  0  0  0  0  0  0  0  0  0  9  8  8 12 12 12 12 12 14 13 12  9 12 12 12 12 12 12 12 10 15 15 14  5  7  9 12 10  9 12 12 12 12 12 12 13 14 
 0  0  0  0  0  0  0  0  0  0  0  0  0  0  0  0  0  0  0  0  0  0  0  0  0  0  0  0  0  0  0  0  0  0  0  0  0  0  9  8  8 12 12 12 12 12 14 13 12  9 12 12 12 12 12 12 12 10 15 15 14  5  7  9 12 10  9 12 12 12 12 12 12 13 14 
 9  9  9  9  9  9  9  9  9  9  9  9  9  9  9  9  9  9  9  9  9  9  9  9  9  9  9  9  9  9  9  9  9  9  9  9  9  9  0  7  7  8  8  8  8  7  8 10  8  4  7  7  7  7  7  7  7  6 10 11  9  9  3  0  7  9  3  8  8  8  8  8  8  8  9 
 8  8  8  8  8  8  8  8  8  8  8  8  8  8  8  8  8  8  8  8  8  8  8  8  8  8  8  8  8  8  8  8  8  8  8  8  8  8  7  0  0 11 11 11 11 11 12 13 11 11 11 11 11 11 11 11 11  7 14 13 12  9  9  7 11  7  7 11 11 11 11 11 11 12 12 
 8  8  8  8  8  8  8  8  8  8  8  8  8  8  8  8  8  8  8  8  8  8  8  8  8  8  8  8  8  8  8  8  8  8  8  8  8  8  7  0  0 11 11 11 11 11 12 13 11 11 11 11 11 11 11 11 11  7 14 13 12  9  9  7 11  7  7 11 11 11 11 11 11 12 12 
12 12 12 12 12 12 12 12 12 12 12 12 12 12 12 12 12 12 12 12 12 12 12 12 12 12 12 12 12 12 12 12 12 12 12 12 12 12  8 11 11  0  0  0  0  8  8  9  0  8  8  8  8  8  8  8  8  5 11 11 10 12 11  8  8  5 11  0  0  0  0  0  0 10 10 
12 12 12 12 12 12 12 12 12 12 12 12 12 12 12 12 12 12 12 12 12 12 12 12 12 12 12 12 12 12 12 12 12 12 12 12 12 12  8 11 11  0  0  0  0  8  8  9  0  8  8  8  8  8  8  8  8  5 11 11 10 12 11  8  8  5 11  0  0  0  0  0  0 10 10 
12 12 12 12 12 12 12 12 12 12 12 12 12 12 12 12 12 12 12 12 12 12 12 12 12 12 12 12 12 12 12 12 12 12 12 12 12 12  8 11 11  0  0  0  0  8  8  9  0  8  8  8  8  8  8  8  8  5 11 11 10 12 11  8  8  5 11  0  0  0  0  0  0 10 10 
12 12 12 12 12 12 12 12 12 12 12 12 12 12 12 12 12 12 12 12 12 12 12 12 12 12 12 12 12 12 12 12 12 12 12 12 12 12  8 11 11  0  0  0  0  8  8  9  0  8  8  8  8  8  8  8  8  5 11 11 10 12 11  8  8  5 11  0  0  0  0  0  0 10 10 
12 12 12 12 12 12 12 12 12 12 12 12 12 12 12 12 12 12 12 12 12 12 12 12 12 12 12 12 12 12 12 12 12 12 12 12 12 12  7 11 11  8  8  8  8  0  3  6  8  5  0  0  0  0  0  0  0  4  6  6  5 13 10  7  0  6 10  8  8  8  8  8  8  7  5 
14 14 14 14 14 14 14 14 14 14 14 14 14 14 14 14 14 14 14 14 14 14 14 14 14 14 14 14 14 14 14 14 14 14 14 14 14 14  8 12 12  8  8  8  8  3  0  8  8  5  3  3  3  3  3  3  3  5  6  8  7 13  9  8  3  5 10  8  8  8  8  8  8  8  7 
13 13 13 13 13 13 13 13 13 13 13 13 13 13 13 13 13 13 13 13 13 13 13 13 13 13 13 13 13 13 13 13 13 13 13 13 13 13 10 13 13  9  9  9  9  6  8  0  9  6  6  6  6  6  6  6  6  7  5  2  1 13 10 10  6  9 10  9  9  9  9  9  9  5  1 
12 12 12 12 12 12 12 12 12 12 12 12 12 12 12 12 12 12 12 12 12 12 12 12 12 12 12 12 12 12 12 12 12 12 12 12 12 12  8 11 11  0  0  0  0  8  8  9  0  8  8  8  8  8  8  8  8  5 11 11 10 12 11  8  8  5 11  0  0  0  0  0  0 10 10 
 9  9  9  9  9  9  9  9  9  9  9  9  9  9  9  9  9  9  9  9  9  9  9  9  9  9  9  9  9  9  9  9  9  9  9  9  9  9  4 11 11  8  8  8  8  5  5  6  8  0  5  5  5  5  5  5  5  4  6  8  7 12  7  4  5  5  7  8  8  8  8  8  8  4  7 
12 12 12 12 12 12 12 12 12 12 12 12 12 12 12 12 12 12 12 12 12 12 12 12 12 12 12 12 12 12 12 12 12 12 12 12 12 12  7 11 11  8  8  8  8  0  3  6  8  5  0  0  0  0  0  0  0  4  6  6  5 13 10  7  0  6 10  8  8  8  8  8  8  7  5 
12 12 12 12 12 12 12 12 12 12 12 12 12 12 12 12 12 12 12 12 12 12 12 12 12 12 12 12 12 12 12 12 12 12 12 12 12 12  7 11 11  8  8  8  8  0  3  6  8  5  0  0  0  0  0  0  0  4  6  6  5 13 10  7  0  6 10  8  8  8  8  8  8  7  5 
12 12 12 12 12 12 12 12 12 12 12 12 12 12 12 12 12 12 12 12 12 12 12 12 12 12 12 12 12 12 12 12 12 12 12 12 12 12  7 11 11  8  8  8  8  0  3  6  8  5  0  0  0  0  0  0  0  4  6  6  5 13 10  7  0  6 10  8  8  8  8  8  8  7  5 
12 12 12 12 12 12 12 12 12 12 12 12 12 12 12 12 12 12 12 12 12 12 12 12 12 12 12 12 12 12 12 12 12 12 12 12 12 12  7 11 11  8  8  8  8  0  3  6  8  5  0  0  0  0  0  0  0  4  6  6  5 13 10  7  0  6 10  8  8  8  8  8  8  7  5 
12 12 12 12 12 12 12 12 12 12 12 12 12 12 12 12 12 12 12 12 12 12 12 12 12 12 12 12 12 12 12 12 12 12 12 12 12 12  7 11 11  8  8  8  8  0  3  6  8  5  0  0  0  0  0  0  0  4  6  6  5 13 10  7  0  6 10  8  8  8  8  8  8  7  5 
12 12 12 12 12 12 12 12 12 12 12 12 12 12 12 12 12 12 12 12 12 12 12 12 12 12 12 12 12 12 12 12 12 12 12 12 12 12  7 11 11  8  8  8  8  0  3  6  8  5  0  0  0  0  0  0  0  4  6  6  5 13 10  7  0  6 10  8  8  8  8  8  8  7  5 
12 12 12 12 12 12 12 12 12 12 12 12 12 12 12 12 12 12 12 12 12 12 12 12 12 12 12 12 12 12 12 12 12 12 12 12 12 12  7 11 11  8  8  8  8  0  3  6  8  5  0  0  0  0  0  0  0  4  6  6  5 13 10  7  0  6 10  8  8  8  8  8  8  7  5 
10 10 10 10 10 10 10 10 10 10 10 10 10 10 10 10 10 10 10 10 10 10 10 10 10 10 10 10 10 10 10 10 10 10 10 10 10 10  6  7  7  5  5  5  5  4  5  7  5  4  4  4  4  4  4  4  4  0  7  7  6 11  6  6  4  5  7  5  5  5  5  5  5  5  6 
15 15 15 15 15 15 15 15 15 15 15 15 15 15 15 15 15 15 15 15 15 15 15 15 15 15 15 15 15 15 15 15 15 15 15 15 15 15 10 14 14 11 11 11 11  6  6  5 11  6  6  6  6  6  6  6  6  7  0  4  4 16 11 10  6  8 10 11 11 11 11 11 11  7  4 
15 15 15 15 15 15 15 15 15 15 15 15 15 15 15 15 15 15 15 15 15 15 15 15 15 15 15 15 15 15 15 15 15 15 15 15 15 15 11 13 13 11 11 11 11  6  8  2 11  8  6  6  6  6  6  6  6  7  4  0  2 14 10 11  6  9 11 11 11 11 11 11 11  5  2 
14 14 14 14 14 14 14 14 14 14 14 14 14 14 14 14 14 14 14 14 14 14 14 14 14 14 14 14 14 14 14 14 14 14 14 14 14 14  9 12 12 10 10 10 10  5  7  1 10  7  5  5  5  5  5  5  5  6  4  2  0 12  9  9  5  8  9 10 10 10 10 10 10  5  0 
 5  5  5  5  5  5  5  5  5  5  5  5  5  5  5  5  5  5  5  5  5  5  5  5  5  5  5  5  5  5  5  5  5  5  5  5  5  5  9  9  9 12 12 12 12 13 13 13 12 12 13 13 13 13 13 13 13 11 16 14 12  0 10  9 13 11 10 12 12 12 12 12 12 12 12 
 7  7  7  7  7  7  7  7  7  7  7  7  7  7  7  7  7  7  7  7  7  7  7  7  7  7  7  7  7  7  7  7  7  7  7  7  7  7  3  9  9 11 11 11 11 10  9 10 11  7 10 10 10 10 10 10 10  6 11 10  9 10  0  3 10  7  4 11 11 11 11 11 11  8  9 
 9  9  9  9  9  9  9  9  9  9  9  9  9  9  9  9  9  9  9  9  9  9  9  9  9  9  9  9  9  9  9  9  9  9  9  9  9  9  0  7  7  8  8  8  8  7  8 10  8  4  7  7  7  7  7  7  7  6 10 11  9  9  3  0  7  9  3  8  8  8  8  8  8  8  9 
12 12 12 12 12 12 12 12 12 12 12 12 12 12 12 12 12 12 12 12 12 12 12 12 12 12 12 12 12 12 12 12 12 12 12 12 12 12  7 11 11  8  8  8  8  0  3  6  8  5  0  0  0  0  0  0  0  4  6  6  5 13 10  7  0  6 10  8  8  8  8  8  8  7  5 
10 10 10 10 10 10 10 10 10 10 10 10 10 10 10 10 10 10 10 10 10 10 10 10 10 10 10 10 10 10 10 10 10 10 10 10 10 10  9  7  7  5  5  5  5  6  5  9  5  5  6  6  6  6  6  6  6  5  8  9  8 11  7  9  6  0  8  5  5  5  5  5  5  7  8 
 9  9  9  9  9  9  9  9  9  9  9  9  9  9  9  9  9  9  9  9  9  9  9  9  9  9  9  9  9  9  9  9  9  9  9  9  9  9  3  7  7 11 11 11 11 10 10 10 11  7 10 10 10 10 10 10 10  7 10 11  9 10  4  3 10  8  0 11 11 11 11 11 11  8  9 
12 12 12 12 12 12 12 12 12 12 12 12 12 12 12 12 12 12 12 12 12 12 12 12 12 12 12 12 12 12 12 12 12 12 12 12 12 12  8 11 11  0  0  0  0  8  8  9  0  8  8  8  8  8  8  8  8  5 11 11 10 12 11  8  8  5 11  0  0  0  0  0  0 10 10 
12 12 12 12 12 12 12 12 12 12 12 12 12 12 12 12 12 12 12 12 12 12 12 12 12 12 12 12 12 12 12 12 12 12 12 12 12 12  8 11 11  0  0  0  0  8  8  9  0  8  8  8  8  8  8  8  8  5 11 11 10 12 11  8  8  5 11  0  0  0  0  0  0 10 10 
12 12 12 12 12 12 12 12 12 12 12 12 12 12 12 12 12 12 12 12 12 12 12 12 12 12 12 12 12 12 12 12 12 12 12 12 12 12  8 11 11  0  0  0  0  8  8  9  0  8  8  8  8  8  8  8  8  5 11 11 10 12 11  8  8  5 11  0  0  0  0  0  0 10 10 
12 12 12 12 12 12 12 12 12 12 12 12 12 12 12 12 12 12 12 12 12 12 12 12 12 12 12 12 12 12 12 12 12 12 12 12 12 12  8 11 11  0  0  0  0  8  8  9  0  8  8  8  8  8  8  8  8  5 11 11 10 12 11  8  8  5 11  0  0  0  0  0  0 10 10 
12 12 12 12 12 12 12 12 12 12 12 12 12 12 12 12 12 12 12 12 12 12 12 12 12 12 12 12 12 12 12 12 12 12 12 12 12 12  8 11 11  0  0  0  0  8  8  9  0  8  8  8  8  8  8  8  8  5 11 11 10 12 11  8  8  5 11  0  0  0  0  0  0 10 10 
12 12 12 12 12 12 12 12 12 12 12 12 12 12 12 12 12 12 12 12 12 12 12 12 12 12 12 12 12 12 12 12 12 12 12 12 12 12  8 11 11  0  0  0  0  8  8  9  0  8  8  8  8  8  8  8  8  5 11 11 10 12 11  8  8  5 11  0  0  0  0  0  0 10 10 
13 13 13 13 13 13 13 13 13 13 13 13 13 13 13 13 13 13 13 13 13 13 13 13 13 13 13 13 13 13 13 13 13 13 13 13 13 13  8 12 12 10 10 10 10  7  8  5 10  4  7  7  7  7  7  7  7  5  7  5  5 12  8  8  7  7  8 10 10 10 10 10 10  0  5 
14 14 14 14 14 14 14 14 14 14 14 14 14 14 14 14 14 14 14 14 14 14 14 14 14 14 14 14 14 14 14 14 14 14 14 14 14 14  9 12 12 10 10 10 10  5  7  1 10  7  5  5  5  5  5  5  5  6  4  2  0 12  9  9  5  8  9 10 10 10 10 10 10  5  0 
