Instance Date: 20090510

VehicleNumber---RequestNumber---MaxTravelTime---DisinfectionTime
    2              40               90             30

VehicleCapacity---VehicleLunchReadyTime---VehicleLunchDueTime---VehicleLunchDuration
    7                    870                    930                     60

LocationID---StaffDemand---SeatDemand---ReadyTime---DueTime---ServiceTime
    0            0              0          450        1230         0
    1            2              3          480        1200         8
    2            2              3          706         856         8
    3            2              1          480         750         8
    4            2              1          708         858         8
    5            2              3          480        1200         8
    6            2              3          480        1200         8
    7            2              1          480         750         8
    8            2              3          480         750         8
    9            2              3          480        1200         8
   10            3              3          700         850         8
   11            2              3          704         854         8
   12            2              1          480         750         8
   13            3              3          480         750         8
   14            3              3          480        1200         8
   15            2              1          820         970         8
   16            2              3          480         750         8
   17            2              1          480        1200         8
   18            2              3          859         979         8
   19            2              3          750        1200         8
   20            2              1          840         960         8
   21            2              1          750        1200         8
   22            2              3          750        1200         8
   23            2              3          750        1200         8
   24            2              3          480         750         8
   25            2              3          480        1200         8
   26            2              3          480        1200         8
   27            2              1          894        1044         8
   28            3              3          868         988         8
   29            2              3          480         750         8
   30            2              3          894        1044         8
   31            2              1          887        1037         8
   32            2              3          750        1200         8
   33            2              3          750        1200         8
   34            2              1          917        1037         8
   35            2              3          750        1200         8
   36            2              3          905        1055         8
   37            2              3          480        1200         8
   38            2              3          937        1057         8
   39            2              1          750        1200         8
   40            2              3          750        1200         8
   41            2             -3          480        1200         3
   42            2             -3          706         886         3
   43            2             -1          480         750         3
   44            2             -1          708         888         3
   45            2             -3          480        1200        10
   46            2             -3          480        1200        10
   47            2             -1          480         750        10
   48            2             -3          480         750        10
   49            2             -3          480        1200         3
   50            3             -3          700         880         3
   51            2             -3          704         884         3
   52            2             -1          480         750         3
   53            3             -3          480         750         3
   54            3             -3          480        1200         3
   55            2             -1          820        1000         3
   56            2             -3          480         750         3
   57            2             -1          480        1200         3
   58            2             -3          859         999        10
   59            2             -3          750        1200        10
   60            2             -1          840         980        10
   61            2             -1          750        1200        10
   62            2             -3          750        1200        10
   63            2             -3          750        1200        10
   64            2             -3          480         750         3
   65            2             -3          480        1200         3
   66            2             -3          480        1200         3
   67            2             -1          894        1074         3
   68            3             -3          868        1018        10
   69            2             -3          480         750         3
   70            2             -3          894        1074         3
   71            2             -1          887        1067         3
   72            2             -3          750        1200        10
   73            2             -3          750        1200        10
   74            2             -1          917        1057        10
   75            2             -3          750        1200        10
   76            2             -3          905        1085         3
   77            2             -3          480        1200        10
   78            2             -3          937        1087        10
   79            2             -1          750        1200        10
   80            2             -3          750        1200        10

Travel Time Between Locations
 0  0  0  0  0  0  0  0  0  0  0  0  0  0  0  0  0  0  0  0  0  0  0  0  0  0  0  0  0  0  0  0  0  0  0  0  0  0  0  0  0 12 12 12 12 14 14  7  7 12 12 12 12 12 12 12 12 12  6  6  7  7  6  6 12 12 12 12 13 12 12 12  7  9  4  4 12  9 12 14 12 
 0  0  0  0  0  0  0  0  0  0  0  0  0  0  0  0  0  0  0  0  0  0  0  0  0  0  0  0  0  0  0  0  0  0  0  0  0  0  0  0  0 12 12 12 12 14 14  7  7 12 12 12 12 12 12 12 12 12  6  6  7  7  6  6 12 12 12 12 13 12 12 12  7  9  4  4 12  9 12 14 12 
 0  0  0  0  0  0  0  0  0  0  0  0  0  0  0  0  0  0  0  0  0  0  0  0  0  0  0  0  0  0  0  0  0  0  0  0  0  0  0  0  0 12 12 12 12 14 14  7  7 12 12 12 12 12 12 12 12 12  6  6  7  7  6  6 12 12 12 12 13 12 12 12  7  9  4  4 12  9 12 14 12 
 0  0  0  0  0  0  0  0  0  0  0  0  0  0  0  0  0  0  0  0  0  0  0  0  0  0  0  0  0  0  0  0  0  0  0  0  0  0  0  0  0 12 12 12 12 14 14  7  7 12 12 12 12 12 12 12 12 12  6  6  7  7  6  6 12 12 12 12 13 12 12 12  7  9  4  4 12  9 12 14 12 
 0  0  0  0  0  0  0  0  0  0  0  0  0  0  0  0  0  0  0  0  0  0  0  0  0  0  0  0  0  0  0  0  0  0  0  0  0  0  0  0  0 12 12 12 12 14 14  7  7 12 12 12 12 12 12 12 12 12  6  6  7  7  6  6 12 12 12 12 13 12 12 12  7  9  4  4 12  9 12 14 12 
 0  0  0  0  0  0  0  0  0  0  0  0  0  0  0  0  0  0  0  0  0  0  0  0  0  0  0  0  0  0  0  0  0  0  0  0  0  0  0  0  0 12 12 12 12 14 14  7  7 12 12 12 12 12 12 12 12 12  6  6  7  7  6  6 12 12 12 12 13 12 12 12  7  9  4  4 12  9 12 14 12 
 0  0  0  0  0  0  0  0  0  0  0  0  0  0  0  0  0  0  0  0  0  0  0  0  0  0  0  0  0  0  0  0  0  0  0  0  0  0  0  0  0 12 12 12 12 14 14  7  7 12 12 12 12 12 12 12 12 12  6  6  7  7  6  6 12 12 12 12 13 12 12 12  7  9  4  4 12  9 12 14 12 
 0  0  0  0  0  0  0  0  0  0  0  0  0  0  0  0  0  0  0  0  0  0  0  0  0  0  0  0  0  0  0  0  0  0  0  0  0  0  0  0  0 12 12 12 12 14 14  7  7 12 12 12 12 12 12 12 12 12  6  6  7  7  6  6 12 12 12 12 13 12 12 12  7  9  4  4 12  9 12 14 12 
 0  0  0  0  0  0  0  0  0  0  0  0  0  0  0  0  0  0  0  0  0  0  0  0  0  0  0  0  0  0  0  0  0  0  0  0  0  0  0  0  0 12 12 12 12 14 14  7  7 12 12 12 12 12 12 12 12 12  6  6  7  7  6  6 12 12 12 12 13 12 12 12  7  9  4  4 12  9 12 14 12 
 0  0  0  0  0  0  0  0  0  0  0  0  0  0  0  0  0  0  0  0  0  0  0  0  0  0  0  0  0  0  0  0  0  0  0  0  0  0  0  0  0 12 12 12 12 14 14  7  7 12 12 12 12 12 12 12 12 12  6  6  7  7  6  6 12 12 12 12 13 12 12 12  7  9  4  4 12  9 12 14 12 
 0  0  0  0  0  0  0  0  0  0  0  0  0  0  0  0  0  0  0  0  0  0  0  0  0  0  0  0  0  0  0  0  0  0  0  0  0  0  0  0  0 12 12 12 12 14 14  7  7 12 12 12 12 12 12 12 12 12  6  6  7  7  6  6 12 12 12 12 13 12 12 12  7  9  4  4 12  9 12 14 12 
 0  0  0  0  0  0  0  0  0  0  0  0  0  0  0  0  0  0  0  0  0  0  0  0  0  0  0  0  0  0  0  0  0  0  0  0  0  0  0  0  0 12 12 12 12 14 14  7  7 12 12 12 12 12 12 12 12 12  6  6  7  7  6  6 12 12 12 12 13 12 12 12  7  9  4  4 12  9 12 14 12 
 0  0  0  0  0  0  0  0  0  0  0  0  0  0  0  0  0  0  0  0  0  0  0  0  0  0  0  0  0  0  0  0  0  0  0  0  0  0  0  0  0 12 12 12 12 14 14  7  7 12 12 12 12 12 12 12 12 12  6  6  7  7  6  6 12 12 12 12 13 12 12 12  7  9  4  4 12  9 12 14 12 
 0  0  0  0  0  0  0  0  0  0  0  0  0  0  0  0  0  0  0  0  0  0  0  0  0  0  0  0  0  0  0  0  0  0  0  0  0  0  0  0  0 12 12 12 12 14 14  7  7 12 12 12 12 12 12 12 12 12  6  6  7  7  6  6 12 12 12 12 13 12 12 12  7  9  4  4 12  9 12 14 12 
 0  0  0  0  0  0  0  0  0  0  0  0  0  0  0  0  0  0  0  0  0  0  0  0  0  0  0  0  0  0  0  0  0  0  0  0  0  0  0  0  0 12 12 12 12 14 14  7  7 12 12 12 12 12 12 12 12 12  6  6  7  7  6  6 12 12 12 12 13 12 12 12  7  9  4  4 12  9 12 14 12 
 0  0  0  0  0  0  0  0  0  0  0  0  0  0  0  0  0  0  0  0  0  0  0  0  0  0  0  0  0  0  0  0  0  0  0  0  0  0  0  0  0 12 12 12 12 14 14  7  7 12 12 12 12 12 12 12 12 12  6  6  7  7  6  6 12 12 12 12 13 12 12 12  7  9  4  4 12  9 12 14 12 
 0  0  0  0  0  0  0  0  0  0  0  0  0  0  0  0  0  0  0  0  0  0  0  0  0  0  0  0  0  0  0  0  0  0  0  0  0  0  0  0  0 12 12 12 12 14 14  7  7 12 12 12 12 12 12 12 12 12  6  6  7  7  6  6 12 12 12 12 13 12 12 12  7  9  4  4 12  9 12 14 12 
 0  0  0  0  0  0  0  0  0  0  0  0  0  0  0  0  0  0  0  0  0  0  0  0  0  0  0  0  0  0  0  0  0  0  0  0  0  0  0  0  0 12 12 12 12 14 14  7  7 12 12 12 12 12 12 12 12 12  6  6  7  7  6  6 12 12 12 12 13 12 12 12  7  9  4  4 12  9 12 14 12 
 0  0  0  0  0  0  0  0  0  0  0  0  0  0  0  0  0  0  0  0  0  0  0  0  0  0  0  0  0  0  0  0  0  0  0  0  0  0  0  0  0 12 12 12 12 14 14  7  7 12 12 12 12 12 12 12 12 12  6  6  7  7  6  6 12 12 12 12 13 12 12 12  7  9  4  4 12  9 12 14 12 
 0  0  0  0  0  0  0  0  0  0  0  0  0  0  0  0  0  0  0  0  0  0  0  0  0  0  0  0  0  0  0  0  0  0  0  0  0  0  0  0  0 12 12 12 12 14 14  7  7 12 12 12 12 12 12 12 12 12  6  6  7  7  6  6 12 12 12 12 13 12 12 12  7  9  4  4 12  9 12 14 12 
 0  0  0  0  0  0  0  0  0  0  0  0  0  0  0  0  0  0  0  0  0  0  0  0  0  0  0  0  0  0  0  0  0  0  0  0  0  0  0  0  0 12 12 12 12 14 14  7  7 12 12 12 12 12 12 12 12 12  6  6  7  7  6  6 12 12 12 12 13 12 12 12  7  9  4  4 12  9 12 14 12 
 0  0  0  0  0  0  0  0  0  0  0  0  0  0  0  0  0  0  0  0  0  0  0  0  0  0  0  0  0  0  0  0  0  0  0  0  0  0  0  0  0 12 12 12 12 14 14  7  7 12 12 12 12 12 12 12 12 12  6  6  7  7  6  6 12 12 12 12 13 12 12 12  7  9  4  4 12  9 12 14 12 
 0  0  0  0  0  0  0  0  0  0  0  0  0  0  0  0  0  0  0  0  0  0  0  0  0  0  0  0  0  0  0  0  0  0  0  0  0  0  0  0  0 12 12 12 12 14 14  7  7 12 12 12 12 12 12 12 12 12  6  6  7  7  6  6 12 12 12 12 13 12 12 12  7  9  4  4 12  9 12 14 12 
 0  0  0  0  0  0  0  0  0  0  0  0  0  0  0  0  0  0  0  0  0  0  0  0  0  0  0  0  0  0  0  0  0  0  0  0  0  0  0  0  0 12 12 12 12 14 14  7  7 12 12 12 12 12 12 12 12 12  6  6  7  7  6  6 12 12 12 12 13 12 12 12  7  9  4  4 12  9 12 14 12 
 0  0  0  0  0  0  0  0  0  0  0  0  0  0  0  0  0  0  0  0  0  0  0  0  0  0  0  0  0  0  0  0  0  0  0  0  0  0  0  0  0 12 12 12 12 14 14  7  7 12 12 12 12 12 12 12 12 12  6  6  7  7  6  6 12 12 12 12 13 12 12 12  7  9  4  4 12  9 12 14 12 
 0  0  0  0  0  0  0  0  0  0  0  0  0  0  0  0  0  0  0  0  0  0  0  0  0  0  0  0  0  0  0  0  0  0  0  0  0  0  0  0  0 12 12 12 12 14 14  7  7 12 12 12 12 12 12 12 12 12  6  6  7  7  6  6 12 12 12 12 13 12 12 12  7  9  4  4 12  9 12 14 12 
 0  0  0  0  0  0  0  0  0  0  0  0  0  0  0  0  0  0  0  0  0  0  0  0  0  0  0  0  0  0  0  0  0  0  0  0  0  0  0  0  0 12 12 12 12 14 14  7  7 12 12 12 12 12 12 12 12 12  6  6  7  7  6  6 12 12 12 12 13 12 12 12  7  9  4  4 12  9 12 14 12 
 0  0  0  0  0  0  0  0  0  0  0  0  0  0  0  0  0  0  0  0  0  0  0  0  0  0  0  0  0  0  0  0  0  0  0  0  0  0  0  0  0 12 12 12 12 14 14  7  7 12 12 12 12 12 12 12 12 12  6  6  7  7  6  6 12 12 12 12 13 12 12 12  7  9  4  4 12  9 12 14 12 
 0  0  0  0  0  0  0  0  0  0  0  0  0  0  0  0  0  0  0  0  0  0  0  0  0  0  0  0  0  0  0  0  0  0  0  0  0  0  0  0  0 12 12 12 12 14 14  7  7 12 12 12 12 12 12 12 12 12  6  6  7  7  6  6 12 12 12 12 13 12 12 12  7  9  4  4 12  9 12 14 12 
 0  0  0  0  0  0  0  0  0  0  0  0  0  0  0  0  0  0  0  0  0  0  0  0  0  0  0  0  0  0  0  0  0  0  0  0  0  0  0  0  0 12 12 12 12 14 14  7  7 12 12 12 12 12 12 12 12 12  6  6  7  7  6  6 12 12 12 12 13 12 12 12  7  9  4  4 12  9 12 14 12 
 0  0  0  0  0  0  0  0  0  0  0  0  0  0  0  0  0  0  0  0  0  0  0  0  0  0  0  0  0  0  0  0  0  0  0  0  0  0  0  0  0 12 12 12 12 14 14  7  7 12 12 12 12 12 12 12 12 12  6  6  7  7  6  6 12 12 12 12 13 12 12 12  7  9  4  4 12  9 12 14 12 
 0  0  0  0  0  0  0  0  0  0  0  0  0  0  0  0  0  0  0  0  0  0  0  0  0  0  0  0  0  0  0  0  0  0  0  0  0  0  0  0  0 12 12 12 12 14 14  7  7 12 12 12 12 12 12 12 12 12  6  6  7  7  6  6 12 12 12 12 13 12 12 12  7  9  4  4 12  9 12 14 12 
 0  0  0  0  0  0  0  0  0  0  0  0  0  0  0  0  0  0  0  0  0  0  0  0  0  0  0  0  0  0  0  0  0  0  0  0  0  0  0  0  0 12 12 12 12 14 14  7  7 12 12 12 12 12 12 12 12 12  6  6  7  7  6  6 12 12 12 12 13 12 12 12  7  9  4  4 12  9 12 14 12 
 0  0  0  0  0  0  0  0  0  0  0  0  0  0  0  0  0  0  0  0  0  0  0  0  0  0  0  0  0  0  0  0  0  0  0  0  0  0  0  0  0 12 12 12 12 14 14  7  7 12 12 12 12 12 12 12 12 12  6  6  7  7  6  6 12 12 12 12 13 12 12 12  7  9  4  4 12  9 12 14 12 
 0  0  0  0  0  0  0  0  0  0  0  0  0  0  0  0  0  0  0  0  0  0  0  0  0  0  0  0  0  0  0  0  0  0  0  0  0  0  0  0  0 12 12 12 12 14 14  7  7 12 12 12 12 12 12 12 12 12  6  6  7  7  6  6 12 12 12 12 13 12 12 12  7  9  4  4 12  9 12 14 12 
 0  0  0  0  0  0  0  0  0  0  0  0  0  0  0  0  0  0  0  0  0  0  0  0  0  0  0  0  0  0  0  0  0  0  0  0  0  0  0  0  0 12 12 12 12 14 14  7  7 12 12 12 12 12 12 12 12 12  6  6  7  7  6  6 12 12 12 12 13 12 12 12  7  9  4  4 12  9 12 14 12 
 0  0  0  0  0  0  0  0  0  0  0  0  0  0  0  0  0  0  0  0  0  0  0  0  0  0  0  0  0  0  0  0  0  0  0  0  0  0  0  0  0 12 12 12 12 14 14  7  7 12 12 12 12 12 12 12 12 12  6  6  7  7  6  6 12 12 12 12 13 12 12 12  7  9  4  4 12  9 12 14 12 
 0  0  0  0  0  0  0  0  0  0  0  0  0  0  0  0  0  0  0  0  0  0  0  0  0  0  0  0  0  0  0  0  0  0  0  0  0  0  0  0  0 12 12 12 12 14 14  7  7 12 12 12 12 12 12 12 12 12  6  6  7  7  6  6 12 12 12 12 13 12 12 12  7  9  4  4 12  9 12 14 12 
 0  0  0  0  0  0  0  0  0  0  0  0  0  0  0  0  0  0  0  0  0  0  0  0  0  0  0  0  0  0  0  0  0  0  0  0  0  0  0  0  0 12 12 12 12 14 14  7  7 12 12 12 12 12 12 12 12 12  6  6  7  7  6  6 12 12 12 12 13 12 12 12  7  9  4  4 12  9 12 14 12 
 0  0  0  0  0  0  0  0  0  0  0  0  0  0  0  0  0  0  0  0  0  0  0  0  0  0  0  0  0  0  0  0  0  0  0  0  0  0  0  0  0 12 12 12 12 14 14  7  7 12 12 12 12 12 12 12 12 12  6  6  7  7  6  6 12 12 12 12 13 12 12 12  7  9  4  4 12  9 12 14 12 
 0  0  0  0  0  0  0  0  0  0  0  0  0  0  0  0  0  0  0  0  0  0  0  0  0  0  0  0  0  0  0  0  0  0  0  0  0  0  0  0  0 12 12 12 12 14 14  7  7 12 12 12 12 12 12 12 12 12  6  6  7  7  6  6 12 12 12 12 13 12 12 12  7  9  4  4 12  9 12 14 12 
12 12 12 12 12 12 12 12 12 12 12 12 12 12 12 12 12 12 12 12 12 12 12 12 12 12 12 12 12 12 12 12 12 12 12 12 12 12 12 12 12  0  0  0  0 10 10 10  9  8  8  8  8  8  0  0  0  0 14  9  8  9  7  7  8  8  8  8  9  0  0  0  9  7 11 11  0  8  8 10  8 
12 12 12 12 12 12 12 12 12 12 12 12 12 12 12 12 12 12 12 12 12 12 12 12 12 12 12 12 12 12 12 12 12 12 12 12 12 12 12 12 12  0  0  0  0 10 10 10  9  8  8  8  8  8  0  0  0  0 14  9  8  9  7  7  8  8  8  8  9  0  0  0  9  7 11 11  0  8  8 10  8 
12 12 12 12 12 12 12 12 12 12 12 12 12 12 12 12 12 12 12 12 12 12 12 12 12 12 12 12 12 12 12 12 12 12 12 12 12 12 12 12 12  0  0  0  0 10 10 10  9  8  8  8  8  8  0  0  0  0 14  9  8  9  7  7  8  8  8  8  9  0  0  0  9  7 11 11  0  8  8 10  8 
12 12 12 12 12 12 12 12 12 12 12 12 12 12 12 12 12 12 12 12 12 12 12 12 12 12 12 12 12 12 12 12 12 12 12 12 12 12 12 12 12  0  0  0  0 10 10 10  9  8  8  8  8  8  0  0  0  0 14  9  8  9  7  7  8  8  8  8  9  0  0  0  9  7 11 11  0  8  8 10  8 
14 14 14 14 14 14 14 14 14 14 14 14 14 14 14 14 14 14 14 14 14 14 14 14 14 14 14 14 14 14 14 14 14 14 14 14 14 14 14 14 14 10 10 10 10  0  2 12  9  7  7  7  7  7 10 10 10 10 15 11 10 12 13 13  7  7  7  7  2 10 10 10  9 11 14 14 10  7  2  3  2 
14 14 14 14 14 14 14 14 14 14 14 14 14 14 14 14 14 14 14 14 14 14 14 14 14 14 14 14 14 14 14 14 14 14 14 14 14 14 14 14 14 10 10 10 10  2  0 10 10  5  5  5  5  5 10 10 10 10 17  9 10 10 11 11  5  5  5  5  3 10 10 10 10 10 12 12 10  7  2  2  2 
 7  7  7  7  7  7  7  7  7  7  7  7  7  7  7  7  7  7  7  7  7  7  7  7  7  7  7  7  7  7  7  7  7  7  7  7  7  7  7  7  7 10 10 10 10 12 10  0  5  9  9  9  9  9 10 10 10 10 10  5  4  1  3  3  9  9  9  9 11 10 10 10  5  3  7  7 10  9 10 12 10 
 7  7  7  7  7  7  7  7  7  7  7  7  7  7  7  7  7  7  7  7  7  7  7  7  7  7  7  7  7  7  7  7  7  7  7  7  7  7  7  7  7  9  9  9  9  9 10  5  0  9  9  9  9  9  9  9  9  9 11  2  1  5  5  5  9  9  9  9  9  9  9  9  0  4  7  7  9  6  8  9  8 
12 12 12 12 12 12 12 12 12 12 12 12 12 12 12 12 12 12 12 12 12 12 12 12 12 12 12 12 12 12 12 12 12 12 12 12 12 12 12 12 12  8  8  8  8  7  5  9  9  0  0  0  0  0  8  8  8  8 16  9  8  9  9  9  0  0  0  0  7  8  8  8  9  7 12 12  8  5  6  6  6 
12 12 12 12 12 12 12 12 12 12 12 12 12 12 12 12 12 12 12 12 12 12 12 12 12 12 12 12 12 12 12 12 12 12 12 12 12 12 12 12 12  8  8  8  8  7  5  9  9  0  0  0  0  0  8  8  8  8 16  9  8  9  9  9  0  0  0  0  7  8  8  8  9  7 12 12  8  5  6  6  6 
12 12 12 12 12 12 12 12 12 12 12 12 12 12 12 12 12 12 12 12 12 12 12 12 12 12 12 12 12 12 12 12 12 12 12 12 12 12 12 12 12  8  8  8  8  7  5  9  9  0  0  0  0  0  8  8  8  8 16  9  8  9  9  9  0  0  0  0  7  8  8  8  9  7 12 12  8  5  6  6  6 
12 12 12 12 12 12 12 12 12 12 12 12 12 12 12 12 12 12 12 12 12 12 12 12 12 12 12 12 12 12 12 12 12 12 12 12 12 12 12 12 12  8  8  8  8  7  5  9  9  0  0  0  0  0  8  8  8  8 16  9  8  9  9  9  0  0  0  0  7  8  8  8  9  7 12 12  8  5  6  6  6 
12 12 12 12 12 12 12 12 12 12 12 12 12 12 12 12 12 12 12 12 12 12 12 12 12 12 12 12 12 12 12 12 12 12 12 12 12 12 12 12 12  8  8  8  8  7  5  9  9  0  0  0  0  0  8  8  8  8 16  9  8  9  9  9  0  0  0  0  7  8  8  8  9  7 12 12  8  5  6  6  6 
12 12 12 12 12 12 12 12 12 12 12 12 12 12 12 12 12 12 12 12 12 12 12 12 12 12 12 12 12 12 12 12 12 12 12 12 12 12 12 12 12  0  0  0  0 10 10 10  9  8  8  8  8  8  0  0  0  0 14  9  8  9  7  7  8  8  8  8  9  0  0  0  9  7 11 11  0  8  8 10  8 
12 12 12 12 12 12 12 12 12 12 12 12 12 12 12 12 12 12 12 12 12 12 12 12 12 12 12 12 12 12 12 12 12 12 12 12 12 12 12 12 12  0  0  0  0 10 10 10  9  8  8  8  8  8  0  0  0  0 14  9  8  9  7  7  8  8  8  8  9  0  0  0  9  7 11 11  0  8  8 10  8 
12 12 12 12 12 12 12 12 12 12 12 12 12 12 12 12 12 12 12 12 12 12 12 12 12 12 12 12 12 12 12 12 12 12 12 12 12 12 12 12 12  0  0  0  0 10 10 10  9  8  8  8  8  8  0  0  0  0 14  9  8  9  7  7  8  8  8  8  9  0  0  0  9  7 11 11  0  8  8 10  8 
12 12 12 12 12 12 12 12 12 12 12 12 12 12 12 12 12 12 12 12 12 12 12 12 12 12 12 12 12 12 12 12 12 12 12 12 12 12 12 12 12  0  0  0  0 10 10 10  9  8  8  8  8  8  0  0  0  0 14  9  8  9  7  7  8  8  8  8  9  0  0  0  9  7 11 11  0  8  8 10  8 
 6  6  6  6  6  6  6  6  6  6  6  6  6  6  6  6  6  6  6  6  6  6  6  6  6  6  6  6  6  6  6  6  6  6  6  6  6  6  6  6  6 14 14 14 14 15 17 10 11 16 16 16 16 16 14 14 14 14  0 10 10 10 11 11 16 16 16 16 16 14 14 14 11  9  5  5 14 13 15 17 15 
 6  6  6  6  6  6  6  6  6  6  6  6  6  6  6  6  6  6  6  6  6  6  6  6  6  6  6  6  6  6  6  6  6  6  6  6  6  6  6  6  6  9  9  9  9 11  9  5  2  9  9  9  9  9  9  9  9  9 10  0  1  5  5  5  9  9  9  9 11  9  9  9  2  5  6  6  9  6 10 10 10 
 7  7  7  7  7  7  7  7  7  7  7  7  7  7  7  7  7  7  7  7  7  7  7  7  7  7  7  7  7  7  7  7  7  7  7  7  7  7  7  7  7  8  8  8  8 10 10  4  1  8  8  8  8  8  8  8  8  8 10  1  0  4  4  4  8  8  8  8 10  8  8  8  1  5  7  7  8  5  9 10  9 
 7  7  7  7  7  7  7  7  7  7  7  7  7  7  7  7  7  7  7  7  7  7  7  7  7  7  7  7  7  7  7  7  7  7  7  7  7  7  7  7  7  9  9  9  9 12 10  1  5  9  9  9  9  9  9  9  9  9 10  5  4  0  2  2  9  9  9  9 11  9  9  9  5  3  7  7  9  8 10 12 10 
 6  6  6  6  6  6  6  6  6  6  6  6  6  6  6  6  6  6  6  6  6  6  6  6  6  6  6  6  6  6  6  6  6  6  6  6  6  6  6  6  6  7  7  7  7 13 11  3  5  9  9  9  9  9  7  7  7  7 11  5  4  2  0  0  9  9  9  9 12  7  7  7  5  5  9  9  7  6 11 12 11 
 6  6  6  6  6  6  6  6  6  6  6  6  6  6  6  6  6  6  6  6  6  6  6  6  6  6  6  6  6  6  6  6  6  6  6  6  6  6  6  6  6  7  7  7  7 13 11  3  5  9  9  9  9  9  7  7  7  7 11  5  4  2  0  0  9  9  9  9 12  7  7  7  5  5  9  9  7  6 11 12 11 
12 12 12 12 12 12 12 12 12 12 12 12 12 12 12 12 12 12 12 12 12 12 12 12 12 12 12 12 12 12 12 12 12 12 12 12 12 12 12 12 12  8  8  8  8  7  5  9  9  0  0  0  0  0  8  8  8  8 16  9  8  9  9  9  0  0  0  0  7  8  8  8  9  7 12 12  8  5  6  6  6 
12 12 12 12 12 12 12 12 12 12 12 12 12 12 12 12 12 12 12 12 12 12 12 12 12 12 12 12 12 12 12 12 12 12 12 12 12 12 12 12 12  8  8  8  8  7  5  9  9  0  0  0  0  0  8  8  8  8 16  9  8  9  9  9  0  0  0  0  7  8  8  8  9  7 12 12  8  5  6  6  6 
12 12 12 12 12 12 12 12 12 12 12 12 12 12 12 12 12 12 12 12 12 12 12 12 12 12 12 12 12 12 12 12 12 12 12 12 12 12 12 12 12  8  8  8  8  7  5  9  9  0  0  0  0  0  8  8  8  8 16  9  8  9  9  9  0  0  0  0  7  8  8  8  9  7 12 12  8  5  6  6  6 
12 12 12 12 12 12 12 12 12 12 12 12 12 12 12 12 12 12 12 12 12 12 12 12 12 12 12 12 12 12 12 12 12 12 12 12 12 12 12 12 12  8  8  8  8  7  5  9  9  0  0  0  0  0  8  8  8  8 16  9  8  9  9  9  0  0  0  0  7  8  8  8  9  7 12 12  8  5  6  6  6 
13 13 13 13 13 13 13 13 13 13 13 13 13 13 13 13 13 13 13 13 13 13 13 13 13 13 13 13 13 13 13 13 13 13 13 13 13 13 13 13 13  9  9  9  9  2  3 11  9  7  7  7  7  7  9  9  9  9 16 11 10 11 12 12  7  7  7  7  0  9  9  9  9  9 13 13  9  6  1  3  1 
12 12 12 12 12 12 12 12 12 12 12 12 12 12 12 12 12 12 12 12 12 12 12 12 12 12 12 12 12 12 12 12 12 12 12 12 12 12 12 12 12  0  0  0  0 10 10 10  9  8  8  8  8  8  0  0  0  0 14  9  8  9  7  7  8  8  8  8  9  0  0  0  9  7 11 11  0  8  8 10  8 
12 12 12 12 12 12 12 12 12 12 12 12 12 12 12 12 12 12 12 12 12 12 12 12 12 12 12 12 12 12 12 12 12 12 12 12 12 12 12 12 12  0  0  0  0 10 10 10  9  8  8  8  8  8  0  0  0  0 14  9  8  9  7  7  8  8  8  8  9  0  0  0  9  7 11 11  0  8  8 10  8 
12 12 12 12 12 12 12 12 12 12 12 12 12 12 12 12 12 12 12 12 12 12 12 12 12 12 12 12 12 12 12 12 12 12 12 12 12 12 12 12 12  0  0  0  0 10 10 10  9  8  8  8  8  8  0  0  0  0 14  9  8  9  7  7  8  8  8  8  9  0  0  0  9  7 11 11  0  8  8 10  8 
 7  7  7  7  7  7  7  7  7  7  7  7  7  7  7  7  7  7  7  7  7  7  7  7  7  7  7  7  7  7  7  7  7  7  7  7  7  7  7  7  7  9  9  9  9  9 10  5  0  9  9  9  9  9  9  9  9  9 11  2  1  5  5  5  9  9  9  9  9  9  9  9  0  4  7  7  9  6  8  9  8 
 9  9  9  9  9  9  9  9  9  9  9  9  9  9  9  9  9  9  9  9  9  9  9  9  9  9  9  9  9  9  9  9  9  9  9  9  9  9  9  9  9  7  7  7  7 11 10  3  4  7  7  7  7  7  7  7  7  7  9  5  5  3  5  5  7  7  7  7  9  7  7  7  4  0  7  7  7  6 10 10 10 
 4  4  4  4  4  4  4  4  4  4  4  4  4  4  4  4  4  4  4  4  4  4  4  4  4  4  4  4  4  4  4  4  4  4  4  4  4  4  4  4  4 11 11 11 11 14 12  7  7 12 12 12 12 12 11 11 11 11  5  6  7  7  9  9 12 12 12 12 13 11 11 11  7  7  0  0 11 11 12 13 12 
 4  4  4  4  4  4  4  4  4  4  4  4  4  4  4  4  4  4  4  4  4  4  4  4  4  4  4  4  4  4  4  4  4  4  4  4  4  4  4  4  4 11 11 11 11 14 12  7  7 12 12 12 12 12 11 11 11 11  5  6  7  7  9  9 12 12 12 12 13 11 11 11  7  7  0  0 11 11 12 13 12 
12 12 12 12 12 12 12 12 12 12 12 12 12 12 12 12 12 12 12 12 12 12 12 12 12 12 12 12 12 12 12 12 12 12 12 12 12 12 12 12 12  0  0  0  0 10 10 10  9  8  8  8  8  8  0  0  0  0 14  9  8  9  7  7  8  8  8  8  9  0  0  0  9  7 11 11  0  8  8 10  8 
 9  9  9  9  9  9  9  9  9  9  9  9  9  9  9  9  9  9  9  9  9  9  9  9  9  9  9  9  9  9  9  9  9  9  9  9  9  9  9  9  9  8  8  8  8  7  7  9  6  5  5  5  5  5  8  8  8  8 13  6  5  8  6  6  5  5  5  5  6  8  8  8  6  6 11 11  8  0  5  7  5 
12 12 12 12 12 12 12 12 12 12 12 12 12 12 12 12 12 12 12 12 12 12 12 12 12 12 12 12 12 12 12 12 12 12 12 12 12 12 12 12 12  8  8  8  8  2  2 10  8  6  6  6  6  6  8  8  8  8 15 10  9 10 11 11  6  6  6  6  1  8  8  8  8 10 12 12  8  5  0  2  0 
14 14 14 14 14 14 14 14 14 14 14 14 14 14 14 14 14 14 14 14 14 14 14 14 14 14 14 14 14 14 14 14 14 14 14 14 14 14 14 14 14 10 10 10 10  3  2 12  9  6  6  6  6  6 10 10 10 10 17 10 10 12 12 12  6  6  6  6  3 10 10 10  9 10 13 13 10  7  2  0  2 
12 12 12 12 12 12 12 12 12 12 12 12 12 12 12 12 12 12 12 12 12 12 12 12 12 12 12 12 12 12 12 12 12 12 12 12 12 12 12 12 12  8  8  8  8  2  2 10  8  6  6  6  6  6  8  8  8  8 15 10  9 10 11 11  6  6  6  6  1  8  8  8  8 10 12 12  8  5  0  2  0 
