Instance Date: 20090405

VehicleNumber---RequestNumber---MaxTravelTime---DisinfectionTime
    2              44               90             30

VehicleCapacity---VehicleLunchReadyTime---VehicleLunchDueTime---VehicleLunchDuration
    10                    870                    930                     60

LocationID---StaffDemand---SeatDemand---ReadyTime---DueTime---ServiceTime
    0            0              0          450        1230         0
    1            2              3          480         750         8
    2            2              1          480         750         8
    3            2              3          587         707         8
    4            2              1          608         728         8
    5            2              1          746         866         8
    6            2              1          750        1200         8
    7            2              1          750        1200         8
    8            2              1          480         750         8
    9            2              1          480         750         8
   10            2              1          480        1200         8
   11            2              1          947        1067         8
   12            2              3          947        1067         8
   13            2              3          947        1067         8
   14            2              3          480        1200         8
   15            2              3          480        1200         8
   16            2              1          480         750         8
   17            2              1          480        1200         8
   18            2              1          480        1200         8
   19            2              3          480        1200         8
   20            2              3          750        1200         8
   21            2              1          480        1200         8
   22            2              1          480        1200         8
   23            2              3          480        1200         8
   24            3              3          750        1200         8
   25            2              1          750        1200         8
   26            2              3          750        1200         8
   27            2              1          720         840         8
   28            2              1          480        1200         8
   29            2              1          706         826         8
   30            2              1          480         750         8
   31            3              3          743         863         8
   32            2              3          480        1200         8
   33            2              1          480        1200         8
   34            2              3          750        1200         8
   35            2              3          750        1200         8
   36            2              1          480        1200         8
   37            2              1          816         966         8
   38            2              1          480        1200         8
   39            2              1          831         981         8
   40            2              1          889        1039         8
   41            2            1.5          480        1200         8
   42            2              1          870         990         8
   43            2              3          865         985         8
   44            2              1          750        1200         8
   45            2             -3          480         750        10
   46            2             -1          480         750        10
   47            2             -3          587         737        10
   48            2             -1          608         758        10
   49            2             -1          746         886        10
   50            2             -1          750        1200         3
   51            2             -1          750        1200         3
   52            2             -1          480         750         3
   53            2             -1          480         750         3
   54            2             -1          480        1200        10
   55            2             -1          947        1097        10
   56            2             -3          947        1097        10
   57            2             -3          947        1097        10
   58            2             -3          480        1200        10
   59            2             -3          480        1200        10
   60            2             -1          480         750        10
   61            2             -1          480        1200        10
   62            2             -1          480        1200        10
   63            2             -3          480        1200         3
   64            2             -3          750        1200         3
   65            2             -1          480        1200         3
   66            2             -1          480        1200         3
   67            2             -3          480        1200         3
   68            3             -3          750        1200         3
   69            2             -1          750        1200        10
   70            2             -3          750        1200         3
   71            2             -1          720         860        10
   72            2             -1          480        1200        10
   73            2             -1          706         846        10
   74            2             -1          480         750        10
   75            3             -3          743         883        10
   76            2             -3          480        1200        10
   77            2             -1          480        1200        10
   78            2             -3          750        1200        10
   79            2             -3          750        1200        10
   80            2             -1          480        1200        10
   81            2             -1          816         996         3
   82            2             -1          480        1200         3
   83            2             -1          831        1011         3
   84            2             -1          889        1069         3
   85            2           -1.5          480        1200         3
   86            2             -1          870        1020        10
   87            2             -3          865        1015        10
   88            2             -1          750        1200        10

Travel Time Between Locations
 0  0  0  0  0  0  0  0 12 12  0  0  0  0  0  0  0  0  0  0  0  0  0  0  0  0  0 12  0  0  0  0  0  0  0  0  0  0  0  0  0 12  0  0  0 14 14 12 17  6 12 12  0  0 15 13 13 15  8  7  7  9  9 12 12 12 12 12 12 15 12 16  6  6  4  5 10 13  9  8  6 12 12 12 12  0 12 13 14 
 0  0  0  0  0  0  0  0 12 12  0  0  0  0  0  0  0  0  0  0  0  0  0  0  0  0  0 12  0  0  0  0  0  0  0  0  0  0  0  0  0 12  0  0  0 14 14 12 17  6 12 12  0  0 15 13 13 15  8  7  7  9  9 12 12 12 12 12 12 15 12 16  6  6  4  5 10 13  9  8  6 12 12 12 12  0 12 13 14 
 0  0  0  0  0  0  0  0 12 12  0  0  0  0  0  0  0  0  0  0  0  0  0  0  0  0  0 12  0  0  0  0  0  0  0  0  0  0  0  0  0 12  0  0  0 14 14 12 17  6 12 12  0  0 15 13 13 15  8  7  7  9  9 12 12 12 12 12 12 15 12 16  6  6  4  5 10 13  9  8  6 12 12 12 12  0 12 13 14 
 0  0  0  0  0  0  0  0 12 12  0  0  0  0  0  0  0  0  0  0  0  0  0  0  0  0  0 12  0  0  0  0  0  0  0  0  0  0  0  0  0 12  0  0  0 14 14 12 17  6 12 12  0  0 15 13 13 15  8  7  7  9  9 12 12 12 12 12 12 15 12 16  6  6  4  5 10 13  9  8  6 12 12 12 12  0 12 13 14 
 0  0  0  0  0  0  0  0 12 12  0  0  0  0  0  0  0  0  0  0  0  0  0  0  0  0  0 12  0  0  0  0  0  0  0  0  0  0  0  0  0 12  0  0  0 14 14 12 17  6 12 12  0  0 15 13 13 15  8  7  7  9  9 12 12 12 12 12 12 15 12 16  6  6  4  5 10 13  9  8  6 12 12 12 12  0 12 13 14 
 0  0  0  0  0  0  0  0 12 12  0  0  0  0  0  0  0  0  0  0  0  0  0  0  0  0  0 12  0  0  0  0  0  0  0  0  0  0  0  0  0 12  0  0  0 14 14 12 17  6 12 12  0  0 15 13 13 15  8  7  7  9  9 12 12 12 12 12 12 15 12 16  6  6  4  5 10 13  9  8  6 12 12 12 12  0 12 13 14 
 0  0  0  0  0  0  0  0 12 12  0  0  0  0  0  0  0  0  0  0  0  0  0  0  0  0  0 12  0  0  0  0  0  0  0  0  0  0  0  0  0 12  0  0  0 14 14 12 17  6 12 12  0  0 15 13 13 15  8  7  7  9  9 12 12 12 12 12 12 15 12 16  6  6  4  5 10 13  9  8  6 12 12 12 12  0 12 13 14 
 0  0  0  0  0  0  0  0 12 12  0  0  0  0  0  0  0  0  0  0  0  0  0  0  0  0  0 12  0  0  0  0  0  0  0  0  0  0  0  0  0 12  0  0  0 14 14 12 17  6 12 12  0  0 15 13 13 15  8  7  7  9  9 12 12 12 12 12 12 15 12 16  6  6  4  5 10 13  9  8  6 12 12 12 12  0 12 13 14 
12 12 12 12 12 12 12 12  0  0 12 12 12 12 12 12 12 12 12 12 12 12 12 12 12 12 12  0 12 12 12 12 12 12 12 12 12 12 12 12 12  0 12 12 12 10 10 12 15  7  0  0 12 12 10  9  8 10  8  7  7 11 11  8  8  8  8  0  0 10  8 11 11 10 12  8  6  9 17 10 14  0  0  0  0 12  6  9  9 
12 12 12 12 12 12 12 12  0  0 12 12 12 12 12 12 12 12 12 12 12 12 12 12 12 12 12  0 12 12 12 12 12 12 12 12 12 12 12 12 12  0 12 12 12 10 10 12 15  7  0  0 12 12 10  9  8 10  8  7  7 11 11  8  8  8  8  0  0 10  8 11 11 10 12  8  6  9 17 10 14  0  0  0  0 12  6  9  9 
 0  0  0  0  0  0  0  0 12 12  0  0  0  0  0  0  0  0  0  0  0  0  0  0  0  0  0 12  0  0  0  0  0  0  0  0  0  0  0  0  0 12  0  0  0 14 14 12 17  6 12 12  0  0 15 13 13 15  8  7  7  9  9 12 12 12 12 12 12 15 12 16  6  6  4  5 10 13  9  8  6 12 12 12 12  0 12 13 14 
 0  0  0  0  0  0  0  0 12 12  0  0  0  0  0  0  0  0  0  0  0  0  0  0  0  0  0 12  0  0  0  0  0  0  0  0  0  0  0  0  0 12  0  0  0 14 14 12 17  6 12 12  0  0 15 13 13 15  8  7  7  9  9 12 12 12 12 12 12 15 12 16  6  6  4  5 10 13  9  8  6 12 12 12 12  0 12 13 14 
 0  0  0  0  0  0  0  0 12 12  0  0  0  0  0  0  0  0  0  0  0  0  0  0  0  0  0 12  0  0  0  0  0  0  0  0  0  0  0  0  0 12  0  0  0 14 14 12 17  6 12 12  0  0 15 13 13 15  8  7  7  9  9 12 12 12 12 12 12 15 12 16  6  6  4  5 10 13  9  8  6 12 12 12 12  0 12 13 14 
 0  0  0  0  0  0  0  0 12 12  0  0  0  0  0  0  0  0  0  0  0  0  0  0  0  0  0 12  0  0  0  0  0  0  0  0  0  0  0  0  0 12  0  0  0 14 14 12 17  6 12 12  0  0 15 13 13 15  8  7  7  9  9 12 12 12 12 12 12 15 12 16  6  6  4  5 10 13  9  8  6 12 12 12 12  0 12 13 14 
 0  0  0  0  0  0  0  0 12 12  0  0  0  0  0  0  0  0  0  0  0  0  0  0  0  0  0 12  0  0  0  0  0  0  0  0  0  0  0  0  0 12  0  0  0 14 14 12 17  6 12 12  0  0 15 13 13 15  8  7  7  9  9 12 12 12 12 12 12 15 12 16  6  6  4  5 10 13  9  8  6 12 12 12 12  0 12 13 14 
 0  0  0  0  0  0  0  0 12 12  0  0  0  0  0  0  0  0  0  0  0  0  0  0  0  0  0 12  0  0  0  0  0  0  0  0  0  0  0  0  0 12  0  0  0 14 14 12 17  6 12 12  0  0 15 13 13 15  8  7  7  9  9 12 12 12 12 12 12 15 12 16  6  6  4  5 10 13  9  8  6 12 12 12 12  0 12 13 14 
 0  0  0  0  0  0  0  0 12 12  0  0  0  0  0  0  0  0  0  0  0  0  0  0  0  0  0 12  0  0  0  0  0  0  0  0  0  0  0  0  0 12  0  0  0 14 14 12 17  6 12 12  0  0 15 13 13 15  8  7  7  9  9 12 12 12 12 12 12 15 12 16  6  6  4  5 10 13  9  8  6 12 12 12 12  0 12 13 14 
 0  0  0  0  0  0  0  0 12 12  0  0  0  0  0  0  0  0  0  0  0  0  0  0  0  0  0 12  0  0  0  0  0  0  0  0  0  0  0  0  0 12  0  0  0 14 14 12 17  6 12 12  0  0 15 13 13 15  8  7  7  9  9 12 12 12 12 12 12 15 12 16  6  6  4  5 10 13  9  8  6 12 12 12 12  0 12 13 14 
 0  0  0  0  0  0  0  0 12 12  0  0  0  0  0  0  0  0  0  0  0  0  0  0  0  0  0 12  0  0  0  0  0  0  0  0  0  0  0  0  0 12  0  0  0 14 14 12 17  6 12 12  0  0 15 13 13 15  8  7  7  9  9 12 12 12 12 12 12 15 12 16  6  6  4  5 10 13  9  8  6 12 12 12 12  0 12 13 14 
 0  0  0  0  0  0  0  0 12 12  0  0  0  0  0  0  0  0  0  0  0  0  0  0  0  0  0 12  0  0  0  0  0  0  0  0  0  0  0  0  0 12  0  0  0 14 14 12 17  6 12 12  0  0 15 13 13 15  8  7  7  9  9 12 12 12 12 12 12 15 12 16  6  6  4  5 10 13  9  8  6 12 12 12 12  0 12 13 14 
 0  0  0  0  0  0  0  0 12 12  0  0  0  0  0  0  0  0  0  0  0  0  0  0  0  0  0 12  0  0  0  0  0  0  0  0  0  0  0  0  0 12  0  0  0 14 14 12 17  6 12 12  0  0 15 13 13 15  8  7  7  9  9 12 12 12 12 12 12 15 12 16  6  6  4  5 10 13  9  8  6 12 12 12 12  0 12 13 14 
 0  0  0  0  0  0  0  0 12 12  0  0  0  0  0  0  0  0  0  0  0  0  0  0  0  0  0 12  0  0  0  0  0  0  0  0  0  0  0  0  0 12  0  0  0 14 14 12 17  6 12 12  0  0 15 13 13 15  8  7  7  9  9 12 12 12 12 12 12 15 12 16  6  6  4  5 10 13  9  8  6 12 12 12 12  0 12 13 14 
 0  0  0  0  0  0  0  0 12 12  0  0  0  0  0  0  0  0  0  0  0  0  0  0  0  0  0 12  0  0  0  0  0  0  0  0  0  0  0  0  0 12  0  0  0 14 14 12 17  6 12 12  0  0 15 13 13 15  8  7  7  9  9 12 12 12 12 12 12 15 12 16  6  6  4  5 10 13  9  8  6 12 12 12 12  0 12 13 14 
 0  0  0  0  0  0  0  0 12 12  0  0  0  0  0  0  0  0  0  0  0  0  0  0  0  0  0 12  0  0  0  0  0  0  0  0  0  0  0  0  0 12  0  0  0 14 14 12 17  6 12 12  0  0 15 13 13 15  8  7  7  9  9 12 12 12 12 12 12 15 12 16  6  6  4  5 10 13  9  8  6 12 12 12 12  0 12 13 14 
 0  0  0  0  0  0  0  0 12 12  0  0  0  0  0  0  0  0  0  0  0  0  0  0  0  0  0 12  0  0  0  0  0  0  0  0  0  0  0  0  0 12  0  0  0 14 14 12 17  6 12 12  0  0 15 13 13 15  8  7  7  9  9 12 12 12 12 12 12 15 12 16  6  6  4  5 10 13  9  8  6 12 12 12 12  0 12 13 14 
 0  0  0  0  0  0  0  0 12 12  0  0  0  0  0  0  0  0  0  0  0  0  0  0  0  0  0 12  0  0  0  0  0  0  0  0  0  0  0  0  0 12  0  0  0 14 14 12 17  6 12 12  0  0 15 13 13 15  8  7  7  9  9 12 12 12 12 12 12 15 12 16  6  6  4  5 10 13  9  8  6 12 12 12 12  0 12 13 14 
 0  0  0  0  0  0  0  0 12 12  0  0  0  0  0  0  0  0  0  0  0  0  0  0  0  0  0 12  0  0  0  0  0  0  0  0  0  0  0  0  0 12  0  0  0 14 14 12 17  6 12 12  0  0 15 13 13 15  8  7  7  9  9 12 12 12 12 12 12 15 12 16  6  6  4  5 10 13  9  8  6 12 12 12 12  0 12 13 14 
12 12 12 12 12 12 12 12  0  0 12 12 12 12 12 12 12 12 12 12 12 12 12 12 12 12 12  0 12 12 12 12 12 12 12 12 12 12 12 12 12  0 12 12 12 10 10 12 15  7  0  0 12 12 10  9  8 10  8  7  7 11 11  8  8  8  8  0  0 10  8 11 11 10 12  8  6  9 17 10 14  0  0  0  0 12  6  9  9 
 0  0  0  0  0  0  0  0 12 12  0  0  0  0  0  0  0  0  0  0  0  0  0  0  0  0  0 12  0  0  0  0  0  0  0  0  0  0  0  0  0 12  0  0  0 14 14 12 17  6 12 12  0  0 15 13 13 15  8  7  7  9  9 12 12 12 12 12 12 15 12 16  6  6  4  5 10 13  9  8  6 12 12 12 12  0 12 13 14 
 0  0  0  0  0  0  0  0 12 12  0  0  0  0  0  0  0  0  0  0  0  0  0  0  0  0  0 12  0  0  0  0  0  0  0  0  0  0  0  0  0 12  0  0  0 14 14 12 17  6 12 12  0  0 15 13 13 15  8  7  7  9  9 12 12 12 12 12 12 15 12 16  6  6  4  5 10 13  9  8  6 12 12 12 12  0 12 13 14 
 0  0  0  0  0  0  0  0 12 12  0  0  0  0  0  0  0  0  0  0  0  0  0  0  0  0  0 12  0  0  0  0  0  0  0  0  0  0  0  0  0 12  0  0  0 14 14 12 17  6 12 12  0  0 15 13 13 15  8  7  7  9  9 12 12 12 12 12 12 15 12 16  6  6  4  5 10 13  9  8  6 12 12 12 12  0 12 13 14 
 0  0  0  0  0  0  0  0 12 12  0  0  0  0  0  0  0  0  0  0  0  0  0  0  0  0  0 12  0  0  0  0  0  0  0  0  0  0  0  0  0 12  0  0  0 14 14 12 17  6 12 12  0  0 15 13 13 15  8  7  7  9  9 12 12 12 12 12 12 15 12 16  6  6  4  5 10 13  9  8  6 12 12 12 12  0 12 13 14 
 0  0  0  0  0  0  0  0 12 12  0  0  0  0  0  0  0  0  0  0  0  0  0  0  0  0  0 12  0  0  0  0  0  0  0  0  0  0  0  0  0 12  0  0  0 14 14 12 17  6 12 12  0  0 15 13 13 15  8  7  7  9  9 12 12 12 12 12 12 15 12 16  6  6  4  5 10 13  9  8  6 12 12 12 12  0 12 13 14 
 0  0  0  0  0  0  0  0 12 12  0  0  0  0  0  0  0  0  0  0  0  0  0  0  0  0  0 12  0  0  0  0  0  0  0  0  0  0  0  0  0 12  0  0  0 14 14 12 17  6 12 12  0  0 15 13 13 15  8  7  7  9  9 12 12 12 12 12 12 15 12 16  6  6  4  5 10 13  9  8  6 12 12 12 12  0 12 13 14 
 0  0  0  0  0  0  0  0 12 12  0  0  0  0  0  0  0  0  0  0  0  0  0  0  0  0  0 12  0  0  0  0  0  0  0  0  0  0  0  0  0 12  0  0  0 14 14 12 17  6 12 12  0  0 15 13 13 15  8  7  7  9  9 12 12 12 12 12 12 15 12 16  6  6  4  5 10 13  9  8  6 12 12 12 12  0 12 13 14 
 0  0  0  0  0  0  0  0 12 12  0  0  0  0  0  0  0  0  0  0  0  0  0  0  0  0  0 12  0  0  0  0  0  0  0  0  0  0  0  0  0 12  0  0  0 14 14 12 17  6 12 12  0  0 15 13 13 15  8  7  7  9  9 12 12 12 12 12 12 15 12 16  6  6  4  5 10 13  9  8  6 12 12 12 12  0 12 13 14 
 0  0  0  0  0  0  0  0 12 12  0  0  0  0  0  0  0  0  0  0  0  0  0  0  0  0  0 12  0  0  0  0  0  0  0  0  0  0  0  0  0 12  0  0  0 14 14 12 17  6 12 12  0  0 15 13 13 15  8  7  7  9  9 12 12 12 12 12 12 15 12 16  6  6  4  5 10 13  9  8  6 12 12 12 12  0 12 13 14 
 0  0  0  0  0  0  0  0 12 12  0  0  0  0  0  0  0  0  0  0  0  0  0  0  0  0  0 12  0  0  0  0  0  0  0  0  0  0  0  0  0 12  0  0  0 14 14 12 17  6 12 12  0  0 15 13 13 15  8  7  7  9  9 12 12 12 12 12 12 15 12 16  6  6  4  5 10 13  9  8  6 12 12 12 12  0 12 13 14 
 0  0  0  0  0  0  0  0 12 12  0  0  0  0  0  0  0  0  0  0  0  0  0  0  0  0  0 12  0  0  0  0  0  0  0  0  0  0  0  0  0 12  0  0  0 14 14 12 17  6 12 12  0  0 15 13 13 15  8  7  7  9  9 12 12 12 12 12 12 15 12 16  6  6  4  5 10 13  9  8  6 12 12 12 12  0 12 13 14 
 0  0  0  0  0  0  0  0 12 12  0  0  0  0  0  0  0  0  0  0  0  0  0  0  0  0  0 12  0  0  0  0  0  0  0  0  0  0  0  0  0 12  0  0  0 14 14 12 17  6 12 12  0  0 15 13 13 15  8  7  7  9  9 12 12 12 12 12 12 15 12 16  6  6  4  5 10 13  9  8  6 12 12 12 12  0 12 13 14 
 0  0  0  0  0  0  0  0 12 12  0  0  0  0  0  0  0  0  0  0  0  0  0  0  0  0  0 12  0  0  0  0  0  0  0  0  0  0  0  0  0 12  0  0  0 14 14 12 17  6 12 12  0  0 15 13 13 15  8  7  7  9  9 12 12 12 12 12 12 15 12 16  6  6  4  5 10 13  9  8  6 12 12 12 12  0 12 13 14 
12 12 12 12 12 12 12 12  0  0 12 12 12 12 12 12 12 12 12 12 12 12 12 12 12 12 12  0 12 12 12 12 12 12 12 12 12 12 12 12 12  0 12 12 12 10 10 12 15  7  0  0 12 12 10  9  8 10  8  7  7 11 11  8  8  8  8  0  0 10  8 11 11 10 12  8  6  9 17 10 14  0  0  0  0 12  6  9  9 
 0  0  0  0  0  0  0  0 12 12  0  0  0  0  0  0  0  0  0  0  0  0  0  0  0  0  0 12  0  0  0  0  0  0  0  0  0  0  0  0  0 12  0  0  0 14 14 12 17  6 12 12  0  0 15 13 13 15  8  7  7  9  9 12 12 12 12 12 12 15 12 16  6  6  4  5 10 13  9  8  6 12 12 12 12  0 12 13 14 
 0  0  0  0  0  0  0  0 12 12  0  0  0  0  0  0  0  0  0  0  0  0  0  0  0  0  0 12  0  0  0  0  0  0  0  0  0  0  0  0  0 12  0  0  0 14 14 12 17  6 12 12  0  0 15 13 13 15  8  7  7  9  9 12 12 12 12 12 12 15 12 16  6  6  4  5 10 13  9  8  6 12 12 12 12  0 12 13 14 
 0  0  0  0  0  0  0  0 12 12  0  0  0  0  0  0  0  0  0  0  0  0  0  0  0  0  0 12  0  0  0  0  0  0  0  0  0  0  0  0  0 12  0  0  0 14 14 12 17  6 12 12  0  0 15 13 13 15  8  7  7  9  9 12 12 12 12 12 12 15 12 16  6  6  4  5 10 13  9  8  6 12 12 12 12  0 12 13 14 
14 14 14 14 14 14 14 14 10 10 14 14 14 14 14 14 14 14 14 14 14 14 14 14 14 14 14 10 14 14 14 14 14 14 14 14 14 14 14 14 14 10 14 14 14  0  6 10 13 11 10 10 14 14  3  3  2  3 11 11 11 11 11  7  7  7  7 10 10  3  7  5 13 11 13 12  6  3 18 15 17 10 10 10 10 14  7  1  1 
14 14 14 14 14 14 14 14 10 10 14 14 14 14 14 14 14 14 14 14 14 14 14 14 14 14 14 10 14 14 14 14 14 14 14 14 14 14 14 14 14 10 14 14 14  6  0  7 12 10 10 10 14 14  9  7  7  6 10  8  8 10 10  7  7  7  7 10 10  9  7 10 12 13 12 11  6  5 18 12 14 10 10 10 10 14  4  7  7 
12 12 12 12 12 12 12 12 12 12 12 12 12 12 12 12 12 12 12 12 12 12 12 12 12 12 12 12 12 12 12 12 12 12 12 12 12 12 12 12 12 12 12 12 12 10  7  0 12 11 12 12 12 12 12 11 10 10  8  7  7 10 10 10 10 10 10 12 12 12 10 14 11 11 11 12  9  9 15 14 12 12 12 12 12 12  9 11 11 
17 17 17 17 17 17 17 17 15 15 17 17 17 17 17 17 17 17 17 17 17 17 17 17 17 17 17 15 17 17 17 17 17 17 17 17 17 17 17 17 17 15 17 17 17 13 12 12  0 18 15 15 17 17 13 12 13 12 18 17 17 20 20 14 14 14 14 15 15 13 14 15 18 15 17 17 14 10 23 20 19 15 15 15 15 17 13 13 13 
 6  6  6  6  6  6  6  6  7  7  6  6  6  6  6  6  6  6  6  6  6  6  6  6  6  6  6  7  6  6  6  6  6  6  6  6  6  6  6  6  6  7  6  6  6 11 10 11 18  0  7  7  6  6 11 11 11 13  5  6  6  8  8  9  9  9  9  7  7 11  9 12  8  8  9  2  9 12 10  7 10  7  7  7  7  6  8 11 12 
12 12 12 12 12 12 12 12  0  0 12 12 12 12 12 12 12 12 12 12 12 12 12 12 12 12 12  0 12 12 12 12 12 12 12 12 12 12 12 12 12  0 12 12 12 10 10 12 15  7  0  0 12 12 10  9  8 10  8  7  7 11 11  8  8  8  8  0  0 10  8 11 11 10 12  8  6  9 17 10 14  0  0  0  0 12  6  9  9 
12 12 12 12 12 12 12 12  0  0 12 12 12 12 12 12 12 12 12 12 12 12 12 12 12 12 12  0 12 12 12 12 12 12 12 12 12 12 12 12 12  0 12 12 12 10 10 12 15  7  0  0 12 12 10  9  8 10  8  7  7 11 11  8  8  8  8  0  0 10  8 11 11 10 12  8  6  9 17 10 14  0  0  0  0 12  6  9  9 
 0  0  0  0  0  0  0  0 12 12  0  0  0  0  0  0  0  0  0  0  0  0  0  0  0  0  0 12  0  0  0  0  0  0  0  0  0  0  0  0  0 12  0  0  0 14 14 12 17  6 12 12  0  0 15 13 13 15  8  7  7  9  9 12 12 12 12 12 12 15 12 16  6  6  4  5 10 13  9  8  6 12 12 12 12  0 12 13 14 
 0  0  0  0  0  0  0  0 12 12  0  0  0  0  0  0  0  0  0  0  0  0  0  0  0  0  0 12  0  0  0  0  0  0  0  0  0  0  0  0  0 12  0  0  0 14 14 12 17  6 12 12  0  0 15 13 13 15  8  7  7  9  9 12 12 12 12 12 12 15 12 16  6  6  4  5 10 13  9  8  6 12 12 12 12  0 12 13 14 
15 15 15 15 15 15 15 15 10 10 15 15 15 15 15 15 15 15 15 15 15 15 15 15 15 15 15 10 15 15 15 15 15 15 15 15 15 15 15 15 15 10 15 15 15  3  9 12 13 11 10 10 15 15  0  6  4  5 11 10 10 11 11  5  5  5  5 10 10  0  5  2 15 12 15 10  6  6 20 15 17 10 10 10 10 15  8  4  3 
13 13 13 13 13 13 13 13  9  9 13 13 13 13 13 13 13 13 13 13 13 13 13 13 13 13 13  9 13 13 13 13 13 13 13 13 13 13 13 13 13  9 13 13 13  3  7 11 12 11  9  9 13 13  6  0  3  3 12 10 10 13 13  7  7  7  7  9  9  6  7  7 14 11 13 13  6  3 19 14 15  9  9  9  9 13  6  3  3 
13 13 13 13 13 13 13 13  8  8 13 13 13 13 13 13 13 13 13 13 13 13 13 13 13 13 13  8 13 13 13 13 13 13 13 13 13 13 13 13 13  8 13 13 13  2  7 10 13 11  8  8 13 13  4  3  0  2 11 10 10 13 13  7  7  7  7  8  8  4  7  5 14 11 13 10  6  5 18 14 15  8  8  8  8 13  6  2  1 
15 15 15 15 15 15 15 15 10 10 15 15 15 15 15 15 15 15 15 15 15 15 15 15 15 15 15 10 15 15 15 15 15 15 15 15 15 15 15 15 15 10 15 15 15  3  6 10 12 13 10 10 15 15  5  3  2  0 12 11 11 12 12  7  7  7  7 10 10  5  7  6 14 11 13 12  6  4 19 16 17 10 10 10 10 15  7  3  2 
 8  8  8  8  8  8  8  8  8  8  8  8  8  8  8  8  8  8  8  8  8  8  8  8  8  8  8  8  8  8  8  8  8  8  8  8  8  8  8  8  8  8  8  8  8 11 10  8 18  5  8  8  8  8 11 12 11 12  0  2  2  3  3  8  8  8  8  8  8 11  8 12  6  6  8  7  9 10 13  9 10  8  8  8  8  8  7 12 12 
 7  7  7  7  7  7  7  7  7  7  7  7  7  7  7  7  7  7  7  7  7  7  7  7  7  7  7  7  7  7  7  7  7  7  7  7  7  7  7  7  7  7  7  7  7 11  8  7 17  6  7  7  7  7 10 10 10 11  2  0  0  4  4  7  7  7  7  7  7 10  7 11  7  5  7  8  7 10 11 10 10  7  7  7  7  7  6 11 11 
 7  7  7  7  7  7  7  7  7  7  7  7  7  7  7  7  7  7  7  7  7  7  7  7  7  7  7  7  7  7  7  7  7  7  7  7  7  7  7  7  7  7  7  7  7 11  8  7 17  6  7  7  7  7 10 10 10 11  2  0  0  4  4  7  7  7  7  7  7 10  7 11  7  5  7  8  7 10 11 10 10  7  7  7  7  7  6 11 11 
 9  9  9  9  9  9  9  9 11 11  9  9  9  9  9  9  9  9  9  9  9  9  9  9  9  9  9 11  9  9  9  9  9  9  9  9  9  9  9  9  9 11  9  9  9 11 10 10 20  8 11 11  9  9 11 13 13 12  3  4  4  0  0 11 11 11 11 11 11 11 11 13  8  7  9 10 10 13 13 12 12 11 11 11 11  9 10 12 12 
 9  9  9  9  9  9  9  9 11 11  9  9  9  9  9  9  9  9  9  9  9  9  9  9  9  9  9 11  9  9  9  9  9  9  9  9  9  9  9  9  9 11  9  9  9 11 10 10 20  8 11 11  9  9 11 13 13 12  3  4  4  0  0 11 11 11 11 11 11 11 11 13  8  7  9 10 10 13 13 12 12 11 11 11 11  9 10 12 12 
12 12 12 12 12 12 12 12  8  8 12 12 12 12 12 12 12 12 12 12 12 12 12 12 12 12 12  8 12 12 12 12 12 12 12 12 12 12 12 12 12  8 12 12 12  7  7 10 14  9  8  8 12 12  5  7  7  7  8  7  7 11 11  0  0  0  0  8  8  5  0  7 13 10 12  9  4  9 16 14 16  8  8  8  8 12  6  7  6 
12 12 12 12 12 12 12 12  8  8 12 12 12 12 12 12 12 12 12 12 12 12 12 12 12 12 12  8 12 12 12 12 12 12 12 12 12 12 12 12 12  8 12 12 12  7  7 10 14  9  8  8 12 12  5  7  7  7  8  7  7 11 11  0  0  0  0  8  8  5  0  7 13 10 12  9  4  9 16 14 16  8  8  8  8 12  6  7  6 
12 12 12 12 12 12 12 12  8  8 12 12 12 12 12 12 12 12 12 12 12 12 12 12 12 12 12  8 12 12 12 12 12 12 12 12 12 12 12 12 12  8 12 12 12  7  7 10 14  9  8  8 12 12  5  7  7  7  8  7  7 11 11  0  0  0  0  8  8  5  0  7 13 10 12  9  4  9 16 14 16  8  8  8  8 12  6  7  6 
12 12 12 12 12 12 12 12  8  8 12 12 12 12 12 12 12 12 12 12 12 12 12 12 12 12 12  8 12 12 12 12 12 12 12 12 12 12 12 12 12  8 12 12 12  7  7 10 14  9  8  8 12 12  5  7  7  7  8  7  7 11 11  0  0  0  0  8  8  5  0  7 13 10 12  9  4  9 16 14 16  8  8  8  8 12  6  7  6 
12 12 12 12 12 12 12 12  0  0 12 12 12 12 12 12 12 12 12 12 12 12 12 12 12 12 12  0 12 12 12 12 12 12 12 12 12 12 12 12 12  0 12 12 12 10 10 12 15  7  0  0 12 12 10  9  8 10  8  7  7 11 11  8  8  8  8  0  0 10  8 11 11 10 12  8  6  9 17 10 14  0  0  0  0 12  6  9  9 
12 12 12 12 12 12 12 12  0  0 12 12 12 12 12 12 12 12 12 12 12 12 12 12 12 12 12  0 12 12 12 12 12 12 12 12 12 12 12 12 12  0 12 12 12 10 10 12 15  7  0  0 12 12 10  9  8 10  8  7  7 11 11  8  8  8  8  0  0 10  8 11 11 10 12  8  6  9 17 10 14  0  0  0  0 12  6  9  9 
15 15 15 15 15 15 15 15 10 10 15 15 15 15 15 15 15 15 15 15 15 15 15 15 15 15 15 10 15 15 15 15 15 15 15 15 15 15 15 15 15 10 15 15 15  3  9 12 13 11 10 10 15 15  0  6  4  5 11 10 10 11 11  5  5  5  5 10 10  0  5  2 15 12 15 10  6  6 20 15 17 10 10 10 10 15  8  4  3 
12 12 12 12 12 12 12 12  8  8 12 12 12 12 12 12 12 12 12 12 12 12 12 12 12 12 12  8 12 12 12 12 12 12 12 12 12 12 12 12 12  8 12 12 12  7  7 10 14  9  8  8 12 12  5  7  7  7  8  7  7 11 11  0  0  0  0  8  8  5  0  7 13 10 12  9  4  9 16 14 16  8  8  8  8 12  6  7  6 
16 16 16 16 16 16 16 16 11 11 16 16 16 16 16 16 16 16 16 16 16 16 16 16 16 16 16 11 16 16 16 16 16 16 16 16 16 16 16 16 16 11 16 16 16  5 10 14 15 12 11 11 16 16  2  7  5  6 12 11 11 13 13  7  7  7  7 11 11  2  7  0 16 14 16 12  7  7 21 17 18 11 11 11 11 16  9  5  4 
 6  6  6  6  6  6  6  6 11 11  6  6  6  6  6  6  6  6  6  6  6  6  6  6  6  6  6 11  6  6  6  6  6  6  6  6  6  6  6  6  6 11  6  6  6 13 12 11 18  8 11 11  6  6 15 14 14 14  6  7  7  8  8 13 13 13 13 11 11 15 13 16  0  3  6  7 11 14 10  9 10 11 11 11 11  6 12 14 14 
 6  6  6  6  6  6  6  6 10 10  6  6  6  6  6  6  6  6  6  6  6  6  6  6  6  6  6 10  6  6  6  6  6  6  6  6  6  6  6  6  6 10  6  6  6 11 13 11 15  8 10 10  6  6 12 11 11 11  6  5  5  7  7 10 10 10 10 10 10 12 10 14  3  0  6  7  8 11 10 11 10 10 10 10 10  6  9 11 12 
 4  4  4  4  4  4  4  4 12 12  4  4  4  4  4  4  4  4  4  4  4  4  4  4  4  4  4 12  4  4  4  4  4  4  4  4  4  4  4  4  4 12  4  4  4 13 12 11 17  9 12 12  4  4 15 13 13 13  8  7  7  9  9 12 12 12 12 12 12 15 12 16  6  6  0  8 11 14  6  8  7 12 12 12 12  4 12 14 14 
 5  5  5  5  5  5  5  5  8  8  5  5  5  5  5  5  5  5  5  5  5  5  5  5  5  5  5  8  5  5  5  5  5  5  5  5  5  5  5  5  5  8  5  5  5 12 11 12 17  2  8  8  5  5 10 13 10 12  7  8  8 10 10  9  9  9  9  8  8 10  9 12  7  7  8  0  8 12 12  7 10  8  8  8  8  5  8 12 11 
10 10 10 10 10 10 10 10  6  6 10 10 10 10 10 10 10 10 10 10 10 10 10 10 10 10 10  6 10 10 10 10 10 10 10 10 10 10 10 10 10  6 10 10 10  6  6  9 14  9  6  6 10 10  6  6  6  6  9  7  7 10 10  4  4  4  4  6  6  6  4  7 11  8 11  8  0  7 16 11 13  6  6  6  6 10  4  6  6 
13 13 13 13 13 13 13 13  9  9 13 13 13 13 13 13 13 13 13 13 13 13 13 13 13 13 13  9 13 13 13 13 13 13 13 13 13 13 13 13 13  9 13 13 13  3  5  9 10 12  9  9 13 13  6  3  5  4 10 10 10 13 13  9  9  9  9  9  9  6  9  7 14 11 14 12  7  0 19 14 16  9  9  9  9 13  6  4  4 
 9  9  9  9  9  9  9  9 17 17  9  9  9  9  9  9  9  9  9  9  9  9  9  9  9  9  9 17  9  9  9  9  9  9  9  9  9  9  9  9  9 17  9  9  9 18 18 15 23 10 17 17  9  9 20 19 18 19 13 11 11 13 13 16 16 16 16 17 17 20 16 21 10 10  6 12 16 19  0  8  5 17 17 17 17  9 15 19 19 
 8  8  8  8  8  8  8  8 10 10  8  8  8  8  8  8  8  8  8  8  8  8  8  8  8  8  8 10  8  8  8  8  8  8  8  8  8  8  8  8  8 10  8  8  8 15 12 14 20  7 10 10  8  8 15 14 14 16  9 10 10 12 12 14 14 14 14 10 10 15 14 17  9 11  8  7 11 14  8  0  4 10 10 10 10  8 11 14 15 
 6  6  6  6  6  6  6  6 14 14  6  6  6  6  6  6  6  6  6  6  6  6  6  6  6  6  6 14  6  6  6  6  6  6  6  6  6  6  6  6  6 14  6  6  6 17 14 12 19 10 14 14  6  6 17 15 15 17 10 10 10 12 12 16 16 16 16 14 14 17 16 18 10 10  7 10 13 16  5  4  0 14 14 14 14  6 14 16 16 
12 12 12 12 12 12 12 12  0  0 12 12 12 12 12 12 12 12 12 12 12 12 12 12 12 12 12  0 12 12 12 12 12 12 12 12 12 12 12 12 12  0 12 12 12 10 10 12 15  7  0  0 12 12 10  9  8 10  8  7  7 11 11  8  8  8  8  0  0 10  8 11 11 10 12  8  6  9 17 10 14  0  0  0  0 12  6  9  9 
12 12 12 12 12 12 12 12  0  0 12 12 12 12 12 12 12 12 12 12 12 12 12 12 12 12 12  0 12 12 12 12 12 12 12 12 12 12 12 12 12  0 12 12 12 10 10 12 15  7  0  0 12 12 10  9  8 10  8  7  7 11 11  8  8  8  8  0  0 10  8 11 11 10 12  8  6  9 17 10 14  0  0  0  0 12  6  9  9 
12 12 12 12 12 12 12 12  0  0 12 12 12 12 12 12 12 12 12 12 12 12 12 12 12 12 12  0 12 12 12 12 12 12 12 12 12 12 12 12 12  0 12 12 12 10 10 12 15  7  0  0 12 12 10  9  8 10  8  7  7 11 11  8  8  8  8  0  0 10  8 11 11 10 12  8  6  9 17 10 14  0  0  0  0 12  6  9  9 
12 12 12 12 12 12 12 12  0  0 12 12 12 12 12 12 12 12 12 12 12 12 12 12 12 12 12  0 12 12 12 12 12 12 12 12 12 12 12 12 12  0 12 12 12 10 10 12 15  7  0  0 12 12 10  9  8 10  8  7  7 11 11  8  8  8  8  0  0 10  8 11 11 10 12  8  6  9 17 10 14  0  0  0  0 12  6  9  9 
 0  0  0  0  0  0  0  0 12 12  0  0  0  0  0  0  0  0  0  0  0  0  0  0  0  0  0 12  0  0  0  0  0  0  0  0  0  0  0  0  0 12  0  0  0 14 14 12 17  6 12 12  0  0 15 13 13 15  8  7  7  9  9 12 12 12 12 12 12 15 12 16  6  6  4  5 10 13  9  8  6 12 12 12 12  0 12 13 14 
12 12 12 12 12 12 12 12  6  6 12 12 12 12 12 12 12 12 12 12 12 12 12 12 12 12 12  6 12 12 12 12 12 12 12 12 12 12 12 12 12  6 12 12 12  7  4  9 13  8  6  6 12 12  8  6  6  7  7  6  6 10 10  6  6  6  6  6  6  8  6  9 12  9 12  8  4  6 15 11 14  6  6  6  6 12  0  7  7 
13 13 13 13 13 13 13 13  9  9 13 13 13 13 13 13 13 13 13 13 13 13 13 13 13 13 13  9 13 13 13 13 13 13 13 13 13 13 13 13 13  9 13 13 13  1  7 11 13 11  9  9 13 13  4  3  2  3 12 11 11 12 12  7  7  7  7  9  9  4  7  5 14 11 14 12  6  4 19 14 16  9  9  9  9 13  7  0  1 
14 14 14 14 14 14 14 14  9  9 14 14 14 14 14 14 14 14 14 14 14 14 14 14 14 14 14  9 14 14 14 14 14 14 14 14 14 14 14 14 14  9 14 14 14  1  7 11 13 12  9  9 14 14  3  3  1  2 12 11 11 12 12  6  6  6  6  9  9  3  6  4 14 12 14 11  6  4 19 15 16  9  9  9  9 14  7  1  0 
