Instance Date: 20090410

VehicleNumber---RequestNumber---MaxTravelTime---DisinfectionTime
    3              58               90             30

VehicleCapacity---VehicleLunchReadyTime---VehicleLunchDueTime---VehicleLunchDuration
    6                    870                    930                     60

LocationID---StaffDemand---SeatDemand---ReadyTime---DueTime---ServiceTime
    0            0              0          450        1230         0
    1            2              3          480         750         8
    2            2              3          480         750         8
    3            2              3          480        1200         8
    4            2              1          480         750         8
    5            2              1          480         750         8
    6            2              1          480         750         8
    7            2              1          480         750         8
    8            2              1          480        1200         8
    9            2              1          750        1200         8
   10            2              3          480         750         8
   11            2              3          480        1200         8
   12            2              3          480         750         8
   13            2              3          684         804         8
   14            2              3          750        1200         8
   15            2              3          750        1200         8
   16            2              3          480         750         8
   17            2              3          766         886         8
   18            2              3          480        1200         8
   19            3              3          750        1200         8
   20            2              1          748         868         8
   21            2              3          701         851         8
   22            2              3          480        1200         8
   23            2              1          480        1200         8
   24            2              1          480        1200         8
   25            2              3          480        1200         8
   26            2              1          480        1200         8
   27            2              1          480        1200         8
   28            2              1          750        1200         8
   29            2              1          830         980         8
   30            2              1          868        1018         8
   31            2              3          480        1200         8
   32            2              1          833         953         8
   33            2              3          750        1200         8
   34            2              1          480        1200         8
   35            2              1          789         909         8
   36            2              3          480         750         8
   37            2              1          480        1200         8
   38            2              3          750        1200         8
   39            2              1          954        1074         8
   40            2              1          480        1200         8
   41            2              1          750        1200         8
   42            2              1          480        1200         8
   43            2              1          480        1200         8
   44            2              1          480        1200         8
   45            2              1          750        1200         8
   46            2              1          750        1200         8
   47            2              3          480        1200         8
   48            2              1          750        1200         8
   49            2              3          750        1200         8
   50            2              3          480        1200         8
   51            2              3          953        1073         8
   52            2              1          480        1200         8
   53            3              3          480         750         8
   54            2              1          480        1200         8
   55            2              1          750        1200         8
   56            2              3          954        1074         8
   57            2              3          951        1071         8
   58            2              3          480        1200         8
   59            2             -3          480         750         3
   60            2             -3          480         750         3
   61            2             -3          480        1200        10
   62            2             -1          480         750        10
   63            2             -1          480         750        10
   64            2             -1          480         750        10
   65            2             -1          480         750         3
   66            2             -1          480        1200        10
   67            2             -1          750        1200        10
   68            2             -3          480         750         3
   69            2             -3          480        1200         3
   70            2             -3          480         750        10
   71            2             -3          684         834        10
   72            2             -3          750        1200        10
   73            2             -3          750        1200        10
   74            2             -3          480         750        10
   75            2             -3          766         916        10
   76            2             -3          480        1200        10
   77            3             -3          750        1200         6
   78            2             -1          748         898        10
   79            2             -3          701         881         3
   80            2             -3          480        1200         3
   81            2             -1          480        1200         3
   82            2             -1          480        1200         3
   83            2             -3          480        1200         3
   84            2             -1          480        1200         3
   85            2             -1          480        1200         3
   86            2             -1          750        1200         3
   87            2             -1          830        1010         3
   88            2             -1          868        1048         3
   89            2             -3          480        1200        10
   90            2             -1          833         973        10
   91            2             -3          750        1200         3
   92            2             -1          480        1200        10
   93            2             -1          789         939        10
   94            2             -3          480         750        10
   95            2             -1          480        1200        10
   96            2             -3          750        1200        10
   97            2             -1          954        1094        10
   98            2             -1          480        1200        10
   99            2             -1          750        1200        10
  100            2             -1          480        1200        10
  101            2             -1          480        1200        10
  102            2             -1          480        1200         3
  103            2             -1          750        1200         3
  104            2             -1          750        1200         3
  105            2             -3          480        1200         3
  106            2             -1          750        1200         3
  107            2             -3          750        1200         3
  108            2             -3          480        1200        10
  109            2             -3          953        1093        10
  110            2             -1          480        1200        10
  111            3             -3          480         750         6
  112            2             -1          480        1200        10
  113            2             -1          750        1200        10
  114            2             -3          954        1104        10
  115            2             -3          951        1101        10
  116            2             -3          480        1200        10

Travel Time Between Locations
 0  0  0  0  0  0  0  0  0 12  0  0  0  0 12  0  0  0  0  0  0  0  0  0  0  0  0  0  0  0  0  0  0  0  0  0  0  0  0  0  0  0  0  0  0  0  0  0  0  0  0  0  0  0  0  0  0  0  0 12 12 10  7  7  7 12  9  7 12 12 14 15 12  6  7 15 14 14 15 12 12 12 12 12 12 12 12 12 12 10 11 12 15 13  7  6  9  9  9 13 13 13 12 12 12 12 12 12  7  8  8 11 11 16 15 13  6 
 0  0  0  0  0  0  0  0  0 12  0  0  0  0 12  0  0  0  0  0  0  0  0  0  0  0  0  0  0  0  0  0  0  0  0  0  0  0  0  0  0  0  0  0  0  0  0  0  0  0  0  0  0  0  0  0  0  0  0 12 12 10  7  7  7 12  9  7 12 12 14 15 12  6  7 15 14 14 15 12 12 12 12 12 12 12 12 12 12 10 11 12 15 13  7  6  9  9  9 13 13 13 12 12 12 12 12 12  7  8  8 11 11 16 15 13  6 
 0  0  0  0  0  0  0  0  0 12  0  0  0  0 12  0  0  0  0  0  0  0  0  0  0  0  0  0  0  0  0  0  0  0  0  0  0  0  0  0  0  0  0  0  0  0  0  0  0  0  0  0  0  0  0  0  0  0  0 12 12 10  7  7  7 12  9  7 12 12 14 15 12  6  7 15 14 14 15 12 12 12 12 12 12 12 12 12 12 10 11 12 15 13  7  6  9  9  9 13 13 13 12 12 12 12 12 12  7  8  8 11 11 16 15 13  6 
 0  0  0  0  0  0  0  0  0 12  0  0  0  0 12  0  0  0  0  0  0  0  0  0  0  0  0  0  0  0  0  0  0  0  0  0  0  0  0  0  0  0  0  0  0  0  0  0  0  0  0  0  0  0  0  0  0  0  0 12 12 10  7  7  7 12  9  7 12 12 14 15 12  6  7 15 14 14 15 12 12 12 12 12 12 12 12 12 12 10 11 12 15 13  7  6  9  9  9 13 13 13 12 12 12 12 12 12  7  8  8 11 11 16 15 13  6 
 0  0  0  0  0  0  0  0  0 12  0  0  0  0 12  0  0  0  0  0  0  0  0  0  0  0  0  0  0  0  0  0  0  0  0  0  0  0  0  0  0  0  0  0  0  0  0  0  0  0  0  0  0  0  0  0  0  0  0 12 12 10  7  7  7 12  9  7 12 12 14 15 12  6  7 15 14 14 15 12 12 12 12 12 12 12 12 12 12 10 11 12 15 13  7  6  9  9  9 13 13 13 12 12 12 12 12 12  7  8  8 11 11 16 15 13  6 
 0  0  0  0  0  0  0  0  0 12  0  0  0  0 12  0  0  0  0  0  0  0  0  0  0  0  0  0  0  0  0  0  0  0  0  0  0  0  0  0  0  0  0  0  0  0  0  0  0  0  0  0  0  0  0  0  0  0  0 12 12 10  7  7  7 12  9  7 12 12 14 15 12  6  7 15 14 14 15 12 12 12 12 12 12 12 12 12 12 10 11 12 15 13  7  6  9  9  9 13 13 13 12 12 12 12 12 12  7  8  8 11 11 16 15 13  6 
 0  0  0  0  0  0  0  0  0 12  0  0  0  0 12  0  0  0  0  0  0  0  0  0  0  0  0  0  0  0  0  0  0  0  0  0  0  0  0  0  0  0  0  0  0  0  0  0  0  0  0  0  0  0  0  0  0  0  0 12 12 10  7  7  7 12  9  7 12 12 14 15 12  6  7 15 14 14 15 12 12 12 12 12 12 12 12 12 12 10 11 12 15 13  7  6  9  9  9 13 13 13 12 12 12 12 12 12  7  8  8 11 11 16 15 13  6 
 0  0  0  0  0  0  0  0  0 12  0  0  0  0 12  0  0  0  0  0  0  0  0  0  0  0  0  0  0  0  0  0  0  0  0  0  0  0  0  0  0  0  0  0  0  0  0  0  0  0  0  0  0  0  0  0  0  0  0 12 12 10  7  7  7 12  9  7 12 12 14 15 12  6  7 15 14 14 15 12 12 12 12 12 12 12 12 12 12 10 11 12 15 13  7  6  9  9  9 13 13 13 12 12 12 12 12 12  7  8  8 11 11 16 15 13  6 
 0  0  0  0  0  0  0  0  0 12  0  0  0  0 12  0  0  0  0  0  0  0  0  0  0  0  0  0  0  0  0  0  0  0  0  0  0  0  0  0  0  0  0  0  0  0  0  0  0  0  0  0  0  0  0  0  0  0  0 12 12 10  7  7  7 12  9  7 12 12 14 15 12  6  7 15 14 14 15 12 12 12 12 12 12 12 12 12 12 10 11 12 15 13  7  6  9  9  9 13 13 13 12 12 12 12 12 12  7  8  8 11 11 16 15 13  6 
12 12 12 12 12 12 12 12 12  0 12 12 12 12  0 12 12 12 12 12 12 12 12 12 12 12 12 12 12 12 12 12 12 12 12 12 12 12 12 12 12 12 12 12 12 12 12 12 12 12 12 12 12 12 12 12 12 12 12  8  8  6  5  9  5  0  7  9  8  8  9 10 12 10 11  9 10  9  9  8  8  8  8  8  8  0  0  0  0 11  7  8 11  7  8 10 11 11  8 10  9  8  0  0  0  0  0  0  8  8  8  6  6 11 10  8  7 
 0  0  0  0  0  0  0  0  0 12  0  0  0  0 12  0  0  0  0  0  0  0  0  0  0  0  0  0  0  0  0  0  0  0  0  0  0  0  0  0  0  0  0  0  0  0  0  0  0  0  0  0  0  0  0  0  0  0  0 12 12 10  7  7  7 12  9  7 12 12 14 15 12  6  7 15 14 14 15 12 12 12 12 12 12 12 12 12 12 10 11 12 15 13  7  6  9  9  9 13 13 13 12 12 12 12 12 12  7  8  8 11 11 16 15 13  6 
 0  0  0  0  0  0  0  0  0 12  0  0  0  0 12  0  0  0  0  0  0  0  0  0  0  0  0  0  0  0  0  0  0  0  0  0  0  0  0  0  0  0  0  0  0  0  0  0  0  0  0  0  0  0  0  0  0  0  0 12 12 10  7  7  7 12  9  7 12 12 14 15 12  6  7 15 14 14 15 12 12 12 12 12 12 12 12 12 12 10 11 12 15 13  7  6  9  9  9 13 13 13 12 12 12 12 12 12  7  8  8 11 11 16 15 13  6 
 0  0  0  0  0  0  0  0  0 12  0  0  0  0 12  0  0  0  0  0  0  0  0  0  0  0  0  0  0  0  0  0  0  0  0  0  0  0  0  0  0  0  0  0  0  0  0  0  0  0  0  0  0  0  0  0  0  0  0 12 12 10  7  7  7 12  9  7 12 12 14 15 12  6  7 15 14 14 15 12 12 12 12 12 12 12 12 12 12 10 11 12 15 13  7  6  9  9  9 13 13 13 12 12 12 12 12 12  7  8  8 11 11 16 15 13  6 
 0  0  0  0  0  0  0  0  0 12  0  0  0  0 12  0  0  0  0  0  0  0  0  0  0  0  0  0  0  0  0  0  0  0  0  0  0  0  0  0  0  0  0  0  0  0  0  0  0  0  0  0  0  0  0  0  0  0  0 12 12 10  7  7  7 12  9  7 12 12 14 15 12  6  7 15 14 14 15 12 12 12 12 12 12 12 12 12 12 10 11 12 15 13  7  6  9  9  9 13 13 13 12 12 12 12 12 12  7  8  8 11 11 16 15 13  6 
12 12 12 12 12 12 12 12 12  0 12 12 12 12  0 12 12 12 12 12 12 12 12 12 12 12 12 12 12 12 12 12 12 12 12 12 12 12 12 12 12 12 12 12 12 12 12 12 12 12 12 12 12 12 12 12 12 12 12  8  8  6  5  9  5  0  7  9  8  8  9 10 12 10 11  9 10  9  9  8  8  8  8  8  8  0  0  0  0 11  7  8 11  7  8 10 11 11  8 10  9  8  0  0  0  0  0  0  8  8  8  6  6 11 10  8  7 
 0  0  0  0  0  0  0  0  0 12  0  0  0  0 12  0  0  0  0  0  0  0  0  0  0  0  0  0  0  0  0  0  0  0  0  0  0  0  0  0  0  0  0  0  0  0  0  0  0  0  0  0  0  0  0  0  0  0  0 12 12 10  7  7  7 12  9  7 12 12 14 15 12  6  7 15 14 14 15 12 12 12 12 12 12 12 12 12 12 10 11 12 15 13  7  6  9  9  9 13 13 13 12 12 12 12 12 12  7  8  8 11 11 16 15 13  6 
 0  0  0  0  0  0  0  0  0 12  0  0  0  0 12  0  0  0  0  0  0  0  0  0  0  0  0  0  0  0  0  0  0  0  0  0  0  0  0  0  0  0  0  0  0  0  0  0  0  0  0  0  0  0  0  0  0  0  0 12 12 10  7  7  7 12  9  7 12 12 14 15 12  6  7 15 14 14 15 12 12 12 12 12 12 12 12 12 12 10 11 12 15 13  7  6  9  9  9 13 13 13 12 12 12 12 12 12  7  8  8 11 11 16 15 13  6 
 0  0  0  0  0  0  0  0  0 12  0  0  0  0 12  0  0  0  0  0  0  0  0  0  0  0  0  0  0  0  0  0  0  0  0  0  0  0  0  0  0  0  0  0  0  0  0  0  0  0  0  0  0  0  0  0  0  0  0 12 12 10  7  7  7 12  9  7 12 12 14 15 12  6  7 15 14 14 15 12 12 12 12 12 12 12 12 12 12 10 11 12 15 13  7  6  9  9  9 13 13 13 12 12 12 12 12 12  7  8  8 11 11 16 15 13  6 
 0  0  0  0  0  0  0  0  0 12  0  0  0  0 12  0  0  0  0  0  0  0  0  0  0  0  0  0  0  0  0  0  0  0  0  0  0  0  0  0  0  0  0  0  0  0  0  0  0  0  0  0  0  0  0  0  0  0  0 12 12 10  7  7  7 12  9  7 12 12 14 15 12  6  7 15 14 14 15 12 12 12 12 12 12 12 12 12 12 10 11 12 15 13  7  6  9  9  9 13 13 13 12 12 12 12 12 12  7  8  8 11 11 16 15 13  6 
 0  0  0  0  0  0  0  0  0 12  0  0  0  0 12  0  0  0  0  0  0  0  0  0  0  0  0  0  0  0  0  0  0  0  0  0  0  0  0  0  0  0  0  0  0  0  0  0  0  0  0  0  0  0  0  0  0  0  0 12 12 10  7  7  7 12  9  7 12 12 14 15 12  6  7 15 14 14 15 12 12 12 12 12 12 12 12 12 12 10 11 12 15 13  7  6  9  9  9 13 13 13 12 12 12 12 12 12  7  8  8 11 11 16 15 13  6 
 0  0  0  0  0  0  0  0  0 12  0  0  0  0 12  0  0  0  0  0  0  0  0  0  0  0  0  0  0  0  0  0  0  0  0  0  0  0  0  0  0  0  0  0  0  0  0  0  0  0  0  0  0  0  0  0  0  0  0 12 12 10  7  7  7 12  9  7 12 12 14 15 12  6  7 15 14 14 15 12 12 12 12 12 12 12 12 12 12 10 11 12 15 13  7  6  9  9  9 13 13 13 12 12 12 12 12 12  7  8  8 11 11 16 15 13  6 
 0  0  0  0  0  0  0  0  0 12  0  0  0  0 12  0  0  0  0  0  0  0  0  0  0  0  0  0  0  0  0  0  0  0  0  0  0  0  0  0  0  0  0  0  0  0  0  0  0  0  0  0  0  0  0  0  0  0  0 12 12 10  7  7  7 12  9  7 12 12 14 15 12  6  7 15 14 14 15 12 12 12 12 12 12 12 12 12 12 10 11 12 15 13  7  6  9  9  9 13 13 13 12 12 12 12 12 12  7  8  8 11 11 16 15 13  6 
 0  0  0  0  0  0  0  0  0 12  0  0  0  0 12  0  0  0  0  0  0  0  0  0  0  0  0  0  0  0  0  0  0  0  0  0  0  0  0  0  0  0  0  0  0  0  0  0  0  0  0  0  0  0  0  0  0  0  0 12 12 10  7  7  7 12  9  7 12 12 14 15 12  6  7 15 14 14 15 12 12 12 12 12 12 12 12 12 12 10 11 12 15 13  7  6  9  9  9 13 13 13 12 12 12 12 12 12  7  8  8 11 11 16 15 13  6 
 0  0  0  0  0  0  0  0  0 12  0  0  0  0 12  0  0  0  0  0  0  0  0  0  0  0  0  0  0  0  0  0  0  0  0  0  0  0  0  0  0  0  0  0  0  0  0  0  0  0  0  0  0  0  0  0  0  0  0 12 12 10  7  7  7 12  9  7 12 12 14 15 12  6  7 15 14 14 15 12 12 12 12 12 12 12 12 12 12 10 11 12 15 13  7  6  9  9  9 13 13 13 12 12 12 12 12 12  7  8  8 11 11 16 15 13  6 
 0  0  0  0  0  0  0  0  0 12  0  0  0  0 12  0  0  0  0  0  0  0  0  0  0  0  0  0  0  0  0  0  0  0  0  0  0  0  0  0  0  0  0  0  0  0  0  0  0  0  0  0  0  0  0  0  0  0  0 12 12 10  7  7  7 12  9  7 12 12 14 15 12  6  7 15 14 14 15 12 12 12 12 12 12 12 12 12 12 10 11 12 15 13  7  6  9  9  9 13 13 13 12 12 12 12 12 12  7  8  8 11 11 16 15 13  6 
 0  0  0  0  0  0  0  0  0 12  0  0  0  0 12  0  0  0  0  0  0  0  0  0  0  0  0  0  0  0  0  0  0  0  0  0  0  0  0  0  0  0  0  0  0  0  0  0  0  0  0  0  0  0  0  0  0  0  0 12 12 10  7  7  7 12  9  7 12 12 14 15 12  6  7 15 14 14 15 12 12 12 12 12 12 12 12 12 12 10 11 12 15 13  7  6  9  9  9 13 13 13 12 12 12 12 12 12  7  8  8 11 11 16 15 13  6 
 0  0  0  0  0  0  0  0  0 12  0  0  0  0 12  0  0  0  0  0  0  0  0  0  0  0  0  0  0  0  0  0  0  0  0  0  0  0  0  0  0  0  0  0  0  0  0  0  0  0  0  0  0  0  0  0  0  0  0 12 12 10  7  7  7 12  9  7 12 12 14 15 12  6  7 15 14 14 15 12 12 12 12 12 12 12 12 12 12 10 11 12 15 13  7  6  9  9  9 13 13 13 12 12 12 12 12 12  7  8  8 11 11 16 15 13  6 
 0  0  0  0  0  0  0  0  0 12  0  0  0  0 12  0  0  0  0  0  0  0  0  0  0  0  0  0  0  0  0  0  0  0  0  0  0  0  0  0  0  0  0  0  0  0  0  0  0  0  0  0  0  0  0  0  0  0  0 12 12 10  7  7  7 12  9  7 12 12 14 15 12  6  7 15 14 14 15 12 12 12 12 12 12 12 12 12 12 10 11 12 15 13  7  6  9  9  9 13 13 13 12 12 12 12 12 12  7  8  8 11 11 16 15 13  6 
 0  0  0  0  0  0  0  0  0 12  0  0  0  0 12  0  0  0  0  0  0  0  0  0  0  0  0  0  0  0  0  0  0  0  0  0  0  0  0  0  0  0  0  0  0  0  0  0  0  0  0  0  0  0  0  0  0  0  0 12 12 10  7  7  7 12  9  7 12 12 14 15 12  6  7 15 14 14 15 12 12 12 12 12 12 12 12 12 12 10 11 12 15 13  7  6  9  9  9 13 13 13 12 12 12 12 12 12  7  8  8 11 11 16 15 13  6 
 0  0  0  0  0  0  0  0  0 12  0  0  0  0 12  0  0  0  0  0  0  0  0  0  0  0  0  0  0  0  0  0  0  0  0  0  0  0  0  0  0  0  0  0  0  0  0  0  0  0  0  0  0  0  0  0  0  0  0 12 12 10  7  7  7 12  9  7 12 12 14 15 12  6  7 15 14 14 15 12 12 12 12 12 12 12 12 12 12 10 11 12 15 13  7  6  9  9  9 13 13 13 12 12 12 12 12 12  7  8  8 11 11 16 15 13  6 
 0  0  0  0  0  0  0  0  0 12  0  0  0  0 12  0  0  0  0  0  0  0  0  0  0  0  0  0  0  0  0  0  0  0  0  0  0  0  0  0  0  0  0  0  0  0  0  0  0  0  0  0  0  0  0  0  0  0  0 12 12 10  7  7  7 12  9  7 12 12 14 15 12  6  7 15 14 14 15 12 12 12 12 12 12 12 12 12 12 10 11 12 15 13  7  6  9  9  9 13 13 13 12 12 12 12 12 12  7  8  8 11 11 16 15 13  6 
 0  0  0  0  0  0  0  0  0 12  0  0  0  0 12  0  0  0  0  0  0  0  0  0  0  0  0  0  0  0  0  0  0  0  0  0  0  0  0  0  0  0  0  0  0  0  0  0  0  0  0  0  0  0  0  0  0  0  0 12 12 10  7  7  7 12  9  7 12 12 14 15 12  6  7 15 14 14 15 12 12 12 12 12 12 12 12 12 12 10 11 12 15 13  7  6  9  9  9 13 13 13 12 12 12 12 12 12  7  8  8 11 11 16 15 13  6 
 0  0  0  0  0  0  0  0  0 12  0  0  0  0 12  0  0  0  0  0  0  0  0  0  0  0  0  0  0  0  0  0  0  0  0  0  0  0  0  0  0  0  0  0  0  0  0  0  0  0  0  0  0  0  0  0  0  0  0 12 12 10  7  7  7 12  9  7 12 12 14 15 12  6  7 15 14 14 15 12 12 12 12 12 12 12 12 12 12 10 11 12 15 13  7  6  9  9  9 13 13 13 12 12 12 12 12 12  7  8  8 11 11 16 15 13  6 
 0  0  0  0  0  0  0  0  0 12  0  0  0  0 12  0  0  0  0  0  0  0  0  0  0  0  0  0  0  0  0  0  0  0  0  0  0  0  0  0  0  0  0  0  0  0  0  0  0  0  0  0  0  0  0  0  0  0  0 12 12 10  7  7  7 12  9  7 12 12 14 15 12  6  7 15 14 14 15 12 12 12 12 12 12 12 12 12 12 10 11 12 15 13  7  6  9  9  9 13 13 13 12 12 12 12 12 12  7  8  8 11 11 16 15 13  6 
 0  0  0  0  0  0  0  0  0 12  0  0  0  0 12  0  0  0  0  0  0  0  0  0  0  0  0  0  0  0  0  0  0  0  0  0  0  0  0  0  0  0  0  0  0  0  0  0  0  0  0  0  0  0  0  0  0  0  0 12 12 10  7  7  7 12  9  7 12 12 14 15 12  6  7 15 14 14 15 12 12 12 12 12 12 12 12 12 12 10 11 12 15 13  7  6  9  9  9 13 13 13 12 12 12 12 12 12  7  8  8 11 11 16 15 13  6 
 0  0  0  0  0  0  0  0  0 12  0  0  0  0 12  0  0  0  0  0  0  0  0  0  0  0  0  0  0  0  0  0  0  0  0  0  0  0  0  0  0  0  0  0  0  0  0  0  0  0  0  0  0  0  0  0  0  0  0 12 12 10  7  7  7 12  9  7 12 12 14 15 12  6  7 15 14 14 15 12 12 12 12 12 12 12 12 12 12 10 11 12 15 13  7  6  9  9  9 13 13 13 12 12 12 12 12 12  7  8  8 11 11 16 15 13  6 
 0  0  0  0  0  0  0  0  0 12  0  0  0  0 12  0  0  0  0  0  0  0  0  0  0  0  0  0  0  0  0  0  0  0  0  0  0  0  0  0  0  0  0  0  0  0  0  0  0  0  0  0  0  0  0  0  0  0  0 12 12 10  7  7  7 12  9  7 12 12 14 15 12  6  7 15 14 14 15 12 12 12 12 12 12 12 12 12 12 10 11 12 15 13  7  6  9  9  9 13 13 13 12 12 12 12 12 12  7  8  8 11 11 16 15 13  6 
 0  0  0  0  0  0  0  0  0 12  0  0  0  0 12  0  0  0  0  0  0  0  0  0  0  0  0  0  0  0  0  0  0  0  0  0  0  0  0  0  0  0  0  0  0  0  0  0  0  0  0  0  0  0  0  0  0  0  0 12 12 10  7  7  7 12  9  7 12 12 14 15 12  6  7 15 14 14 15 12 12 12 12 12 12 12 12 12 12 10 11 12 15 13  7  6  9  9  9 13 13 13 12 12 12 12 12 12  7  8  8 11 11 16 15 13  6 
 0  0  0  0  0  0  0  0  0 12  0  0  0  0 12  0  0  0  0  0  0  0  0  0  0  0  0  0  0  0  0  0  0  0  0  0  0  0  0  0  0  0  0  0  0  0  0  0  0  0  0  0  0  0  0  0  0  0  0 12 12 10  7  7  7 12  9  7 12 12 14 15 12  6  7 15 14 14 15 12 12 12 12 12 12 12 12 12 12 10 11 12 15 13  7  6  9  9  9 13 13 13 12 12 12 12 12 12  7  8  8 11 11 16 15 13  6 
 0  0  0  0  0  0  0  0  0 12  0  0  0  0 12  0  0  0  0  0  0  0  0  0  0  0  0  0  0  0  0  0  0  0  0  0  0  0  0  0  0  0  0  0  0  0  0  0  0  0  0  0  0  0  0  0  0  0  0 12 12 10  7  7  7 12  9  7 12 12 14 15 12  6  7 15 14 14 15 12 12 12 12 12 12 12 12 12 12 10 11 12 15 13  7  6  9  9  9 13 13 13 12 12 12 12 12 12  7  8  8 11 11 16 15 13  6 
 0  0  0  0  0  0  0  0  0 12  0  0  0  0 12  0  0  0  0  0  0  0  0  0  0  0  0  0  0  0  0  0  0  0  0  0  0  0  0  0  0  0  0  0  0  0  0  0  0  0  0  0  0  0  0  0  0  0  0 12 12 10  7  7  7 12  9  7 12 12 14 15 12  6  7 15 14 14 15 12 12 12 12 12 12 12 12 12 12 10 11 12 15 13  7  6  9  9  9 13 13 13 12 12 12 12 12 12  7  8  8 11 11 16 15 13  6 
 0  0  0  0  0  0  0  0  0 12  0  0  0  0 12  0  0  0  0  0  0  0  0  0  0  0  0  0  0  0  0  0  0  0  0  0  0  0  0  0  0  0  0  0  0  0  0  0  0  0  0  0  0  0  0  0  0  0  0 12 12 10  7  7  7 12  9  7 12 12 14 15 12  6  7 15 14 14 15 12 12 12 12 12 12 12 12 12 12 10 11 12 15 13  7  6  9  9  9 13 13 13 12 12 12 12 12 12  7  8  8 11 11 16 15 13  6 
 0  0  0  0  0  0  0  0  0 12  0  0  0  0 12  0  0  0  0  0  0  0  0  0  0  0  0  0  0  0  0  0  0  0  0  0  0  0  0  0  0  0  0  0  0  0  0  0  0  0  0  0  0  0  0  0  0  0  0 12 12 10  7  7  7 12  9  7 12 12 14 15 12  6  7 15 14 14 15 12 12 12 12 12 12 12 12 12 12 10 11 12 15 13  7  6  9  9  9 13 13 13 12 12 12 12 12 12  7  8  8 11 11 16 15 13  6 
 0  0  0  0  0  0  0  0  0 12  0  0  0  0 12  0  0  0  0  0  0  0  0  0  0  0  0  0  0  0  0  0  0  0  0  0  0  0  0  0  0  0  0  0  0  0  0  0  0  0  0  0  0  0  0  0  0  0  0 12 12 10  7  7  7 12  9  7 12 12 14 15 12  6  7 15 14 14 15 12 12 12 12 12 12 12 12 12 12 10 11 12 15 13  7  6  9  9  9 13 13 13 12 12 12 12 12 12  7  8  8 11 11 16 15 13  6 
 0  0  0  0  0  0  0  0  0 12  0  0  0  0 12  0  0  0  0  0  0  0  0  0  0  0  0  0  0  0  0  0  0  0  0  0  0  0  0  0  0  0  0  0  0  0  0  0  0  0  0  0  0  0  0  0  0  0  0 12 12 10  7  7  7 12  9  7 12 12 14 15 12  6  7 15 14 14 15 12 12 12 12 12 12 12 12 12 12 10 11 12 15 13  7  6  9  9  9 13 13 13 12 12 12 12 12 12  7  8  8 11 11 16 15 13  6 
 0  0  0  0  0  0  0  0  0 12  0  0  0  0 12  0  0  0  0  0  0  0  0  0  0  0  0  0  0  0  0  0  0  0  0  0  0  0  0  0  0  0  0  0  0  0  0  0  0  0  0  0  0  0  0  0  0  0  0 12 12 10  7  7  7 12  9  7 12 12 14 15 12  6  7 15 14 14 15 12 12 12 12 12 12 12 12 12 12 10 11 12 15 13  7  6  9  9  9 13 13 13 12 12 12 12 12 12  7  8  8 11 11 16 15 13  6 
 0  0  0  0  0  0  0  0  0 12  0  0  0  0 12  0  0  0  0  0  0  0  0  0  0  0  0  0  0  0  0  0  0  0  0  0  0  0  0  0  0  0  0  0  0  0  0  0  0  0  0  0  0  0  0  0  0  0  0 12 12 10  7  7  7 12  9  7 12 12 14 15 12  6  7 15 14 14 15 12 12 12 12 12 12 12 12 12 12 10 11 12 15 13  7  6  9  9  9 13 13 13 12 12 12 12 12 12  7  8  8 11 11 16 15 13  6 
 0  0  0  0  0  0  0  0  0 12  0  0  0  0 12  0  0  0  0  0  0  0  0  0  0  0  0  0  0  0  0  0  0  0  0  0  0  0  0  0  0  0  0  0  0  0  0  0  0  0  0  0  0  0  0  0  0  0  0 12 12 10  7  7  7 12  9  7 12 12 14 15 12  6  7 15 14 14 15 12 12 12 12 12 12 12 12 12 12 10 11 12 15 13  7  6  9  9  9 13 13 13 12 12 12 12 12 12  7  8  8 11 11 16 15 13  6 
 0  0  0  0  0  0  0  0  0 12  0  0  0  0 12  0  0  0  0  0  0  0  0  0  0  0  0  0  0  0  0  0  0  0  0  0  0  0  0  0  0  0  0  0  0  0  0  0  0  0  0  0  0  0  0  0  0  0  0 12 12 10  7  7  7 12  9  7 12 12 14 15 12  6  7 15 14 14 15 12 12 12 12 12 12 12 12 12 12 10 11 12 15 13  7  6  9  9  9 13 13 13 12 12 12 12 12 12  7  8  8 11 11 16 15 13  6 
 0  0  0  0  0  0  0  0  0 12  0  0  0  0 12  0  0  0  0  0  0  0  0  0  0  0  0  0  0  0  0  0  0  0  0  0  0  0  0  0  0  0  0  0  0  0  0  0  0  0  0  0  0  0  0  0  0  0  0 12 12 10  7  7  7 12  9  7 12 12 14 15 12  6  7 15 14 14 15 12 12 12 12 12 12 12 12 12 12 10 11 12 15 13  7  6  9  9  9 13 13 13 12 12 12 12 12 12  7  8  8 11 11 16 15 13  6 
 0  0  0  0  0  0  0  0  0 12  0  0  0  0 12  0  0  0  0  0  0  0  0  0  0  0  0  0  0  0  0  0  0  0  0  0  0  0  0  0  0  0  0  0  0  0  0  0  0  0  0  0  0  0  0  0  0  0  0 12 12 10  7  7  7 12  9  7 12 12 14 15 12  6  7 15 14 14 15 12 12 12 12 12 12 12 12 12 12 10 11 12 15 13  7  6  9  9  9 13 13 13 12 12 12 12 12 12  7  8  8 11 11 16 15 13  6 
 0  0  0  0  0  0  0  0  0 12  0  0  0  0 12  0  0  0  0  0  0  0  0  0  0  0  0  0  0  0  0  0  0  0  0  0  0  0  0  0  0  0  0  0  0  0  0  0  0  0  0  0  0  0  0  0  0  0  0 12 12 10  7  7  7 12  9  7 12 12 14 15 12  6  7 15 14 14 15 12 12 12 12 12 12 12 12 12 12 10 11 12 15 13  7  6  9  9  9 13 13 13 12 12 12 12 12 12  7  8  8 11 11 16 15 13  6 
 0  0  0  0  0  0  0  0  0 12  0  0  0  0 12  0  0  0  0  0  0  0  0  0  0  0  0  0  0  0  0  0  0  0  0  0  0  0  0  0  0  0  0  0  0  0  0  0  0  0  0  0  0  0  0  0  0  0  0 12 12 10  7  7  7 12  9  7 12 12 14 15 12  6  7 15 14 14 15 12 12 12 12 12 12 12 12 12 12 10 11 12 15 13  7  6  9  9  9 13 13 13 12 12 12 12 12 12  7  8  8 11 11 16 15 13  6 
 0  0  0  0  0  0  0  0  0 12  0  0  0  0 12  0  0  0  0  0  0  0  0  0  0  0  0  0  0  0  0  0  0  0  0  0  0  0  0  0  0  0  0  0  0  0  0  0  0  0  0  0  0  0  0  0  0  0  0 12 12 10  7  7  7 12  9  7 12 12 14 15 12  6  7 15 14 14 15 12 12 12 12 12 12 12 12 12 12 10 11 12 15 13  7  6  9  9  9 13 13 13 12 12 12 12 12 12  7  8  8 11 11 16 15 13  6 
 0  0  0  0  0  0  0  0  0 12  0  0  0  0 12  0  0  0  0  0  0  0  0  0  0  0  0  0  0  0  0  0  0  0  0  0  0  0  0  0  0  0  0  0  0  0  0  0  0  0  0  0  0  0  0  0  0  0  0 12 12 10  7  7  7 12  9  7 12 12 14 15 12  6  7 15 14 14 15 12 12 12 12 12 12 12 12 12 12 10 11 12 15 13  7  6  9  9  9 13 13 13 12 12 12 12 12 12  7  8  8 11 11 16 15 13  6 
 0  0  0  0  0  0  0  0  0 12  0  0  0  0 12  0  0  0  0  0  0  0  0  0  0  0  0  0  0  0  0  0  0  0  0  0  0  0  0  0  0  0  0  0  0  0  0  0  0  0  0  0  0  0  0  0  0  0  0 12 12 10  7  7  7 12  9  7 12 12 14 15 12  6  7 15 14 14 15 12 12 12 12 12 12 12 12 12 12 10 11 12 15 13  7  6  9  9  9 13 13 13 12 12 12 12 12 12  7  8  8 11 11 16 15 13  6 
 0  0  0  0  0  0  0  0  0 12  0  0  0  0 12  0  0  0  0  0  0  0  0  0  0  0  0  0  0  0  0  0  0  0  0  0  0  0  0  0  0  0  0  0  0  0  0  0  0  0  0  0  0  0  0  0  0  0  0 12 12 10  7  7  7 12  9  7 12 12 14 15 12  6  7 15 14 14 15 12 12 12 12 12 12 12 12 12 12 10 11 12 15 13  7  6  9  9  9 13 13 13 12 12 12 12 12 12  7  8  8 11 11 16 15 13  6 
 0  0  0  0  0  0  0  0  0 12  0  0  0  0 12  0  0  0  0  0  0  0  0  0  0  0  0  0  0  0  0  0  0  0  0  0  0  0  0  0  0  0  0  0  0  0  0  0  0  0  0  0  0  0  0  0  0  0  0 12 12 10  7  7  7 12  9  7 12 12 14 15 12  6  7 15 14 14 15 12 12 12 12 12 12 12 12 12 12 10 11 12 15 13  7  6  9  9  9 13 13 13 12 12 12 12 12 12  7  8  8 11 11 16 15 13  6 
 0  0  0  0  0  0  0  0  0 12  0  0  0  0 12  0  0  0  0  0  0  0  0  0  0  0  0  0  0  0  0  0  0  0  0  0  0  0  0  0  0  0  0  0  0  0  0  0  0  0  0  0  0  0  0  0  0  0  0 12 12 10  7  7  7 12  9  7 12 12 14 15 12  6  7 15 14 14 15 12 12 12 12 12 12 12 12 12 12 10 11 12 15 13  7  6  9  9  9 13 13 13 12 12 12 12 12 12  7  8  8 11 11 16 15 13  6 
12 12 12 12 12 12 12 12 12  8 12 12 12 12  8 12 12 12 12 12 12 12 12 12 12 12 12 12 12 12 12 12 12 12 12 12 12 12 12 12 12 12 12 12 12 12 12 12 12 12 12 12 12 12 12 12 12 12 12  0  0  4 10  9 10  8  7  9  0  0  6  9 10 10 11  7  6  6  7  0  0  0  0  0  0  8  8  8  8 11  5  0  6  6  7  8  7  7  5  5  7  7  8  8  8  8  8  8  7  7  7  6  6  8  9  7  9 
12 12 12 12 12 12 12 12 12  8 12 12 12 12  8 12 12 12 12 12 12 12 12 12 12 12 12 12 12 12 12 12 12 12 12 12 12 12 12 12 12 12 12 12 12 12 12 12 12 12 12 12 12 12 12 12 12 12 12  0  0  4 10  9 10  8  7  9  0  0  6  9 10 10 11  7  6  6  7  0  0  0  0  0  0  8  8  8  8 11  5  0  6  6  7  8  7  7  5  5  7  7  8  8  8  8  8  8  7  7  7  6  6  8  9  7  9 
10 10 10 10 10 10 10 10 10  6 10 10 10 10  6 10 10 10 10 10 10 10 10 10 10 10 10 10 10 10 10 10 10 10 10 10 10 10 10 10 10 10 10 10 10 10 10 10 10 10 10 10 10 10 10 10 10 10 10  4  4  0  8  9  8  6  7  9  4  4  8 11  9  9 11  9  8  9  9  4  4  4  4  4  4  6  6  6  6  9  7  4  8  7  7  8  7  7  3  7  8  9  6  6  6  6  6  6  7  7  7  6  6 11 11  9  7 
 7  7  7  7  7  7  7  7  7  5  7  7  7  7  5  7  7  7  7  7  7  7  7  7  7  7  7  7  7  7  7  7  7  7  7  7  7  7  7  7  7  7  7  7  7  7  7  7  7  7  7  7  7  7  7  7  7  7  7 10 10  8  0  4  0  5  5  4 10 10 10 12 12  6  8 10  9  9 11 10 10 10 10 10 10  5  5  5  5  7  9 10 11 10  7  6  9  9  7  9 11 10  5  5  5  5  5  5  7  8  8  7  7 12 12 10  2 
 7  7  7  7  7  7  7  7  7  9  7  7  7  7  9  7  7  7  7  7  7  7  7  7  7  7  7  7  7  7  7  7  7  7  7  7  7  7  7  7  7  7  7  7  7  7  7  7  7  7  7  7  7  7  7  7  7  7  7  9  9  9  4  0  4  9  3  0  9  9 11 13 11  5  5 11 10 10 11  9  9  9  9  9  9  9  9  9  9 11  9  9 13  7  5  4  7  7  6 10 11 11  9  9  9  9  9  9  5  5  5  9  9 13 13 11  6 
 7  7  7  7  7  7  7  7  7  5  7  7  7  7  5  7  7  7  7  7  7  7  7  7  7  7  7  7  7  7  7  7  7  7  7  7  7  7  7  7  7  7  7  7  7  7  7  7  7  7  7  7  7  7  7  7  7  7  7 10 10  8  0  4  0  5  5  4 10 10 10 12 12  6  8 10  9  9 11 10 10 10 10 10 10  5  5  5  5  7  9 10 11 10  7  6  9  9  7  9 11 10  5  5  5  5  5  5  7  8  8  7  7 12 12 10  2 
12 12 12 12 12 12 12 12 12  0 12 12 12 12  0 12 12 12 12 12 12 12 12 12 12 12 12 12 12 12 12 12 12 12 12 12 12 12 12 12 12 12 12 12 12 12 12 12 12 12 12 12 12 12 12 12 12 12 12  8  8  6  5  9  5  0  7  9  8  8  9 10 12 10 11  9 10  9  9  8  8  8  8  8  8  0  0  0  0 11  7  8 11  7  8 10 11 11  8 10  9  8  0  0  0  0  0  0  8  8  8  6  6 11 10  8  7 
 9  9  9  9  9  9  9  9  9  7  9  9  9  9  7  9  9  9  9  9  9  9  9  9  9  9  9  9  9  9  9  9  9  9  9  9  9  9  9  9  9  9  9  9  9  9  9  9  9  9  9  9  9  9  9  9  9  9  9  7  7  7  5  3  5  7  0  3  7  7  9 11  9  5  8 10  9  9 10  7  7  7  7  7  7  7  7  7  7 11  6  7 10  8  4  6  6  6  4  8  9  8  7  7  7  7  7  7  3  3  3  6  6 11 11  8  5 
 7  7  7  7  7  7  7  7  7  9  7  7  7  7  9  7  7  7  7  7  7  7  7  7  7  7  7  7  7  7  7  7  7  7  7  7  7  7  7  7  7  7  7  7  7  7  7  7  7  7  7  7  7  7  7  7  7  7  7  9  9  9  4  0  4  9  3  0  9  9 11 13 11  5  5 11 10 10 11  9  9  9  9  9  9  9  9  9  9 11  9  9 13  7  5  4  7  7  6 10 11 11  9  9  9  9  9  9  5  5  5  9  9 13 13 11  6 
12 12 12 12 12 12 12 12 12  8 12 12 12 12  8 12 12 12 12 12 12 12 12 12 12 12 12 12 12 12 12 12 12 12 12 12 12 12 12 12 12 12 12 12 12 12 12 12 12 12 12 12 12 12 12 12 12 12 12  0  0  4 10  9 10  8  7  9  0  0  6  9 10 10 11  7  6  6  7  0  0  0  0  0  0  8  8  8  8 11  5  0  6  6  7  8  7  7  5  5  7  7  8  8  8  8  8  8  7  7  7  6  6  8  9  7  9 
12 12 12 12 12 12 12 12 12  8 12 12 12 12  8 12 12 12 12 12 12 12 12 12 12 12 12 12 12 12 12 12 12 12 12 12 12 12 12 12 12 12 12 12 12 12 12 12 12 12 12 12 12 12 12 12 12 12 12  0  0  4 10  9 10  8  7  9  0  0  6  9 10 10 11  7  6  6  7  0  0  0  0  0  0  8  8  8  8 11  5  0  6  6  7  8  7  7  5  5  7  7  8  8  8  8  8  8  7  7  7  6  6  8  9  7  9 
14 14 14 14 14 14 14 14 14  9 14 14 14 14  9 14 14 14 14 14 14 14 14 14 14 14 14 14 14 14 14 14 14 14 14 14 14 14 14 14 14 14 14 14 14 14 14 14 14 14 14 14 14 14 14 14 14 14 14  6  6  8 10 11 10  9  9 11  6  6  0  4 10 10 13  2  2  1  1  6  6  6  6  6  6  9  9  9  9 10  4  6  3 10  9 10  9  9  5  1  3  1  9  9  9  9  9  9  9  9  9  6  6  4  4  1 11 
15 15 15 15 15 15 15 15 15 10 15 15 15 15 10 15 15 15 15 15 15 15 15 15 15 15 15 15 15 15 15 15 15 15 15 15 15 15 15 15 15 15 15 15 15 15 15 15 15 15 15 15 15 15 15 15 15 15 15  9  9 11 12 13 12 10 11 13  9  9  4  0 12 13 16  4  3  4  5  9  9  9  9  9  9 10 10 10 10 11  6  9  4 11 12 12 12 12  8  4  5  3 10 10 10 10 10 10 12 11 11  8  8  3  0  3 14 
12 12 12 12 12 12 12 12 12 12 12 12 12 12 12 12 12 12 12 12 12 12 12 12 12 12 12 12 12 12 12 12 12 12 12 12 12 12 12 12 12 12 12 12 12 12 12 12 12 12 12 12 12 12 12 12 12 12 12 10 10  9 12 11 12 12  9 11 10 10 10 12  0 11 11 10  9  9 11 10 10 10 10 10 10 12 12 12 12 14  7 10 12 14  8  9  9  9  9  9  9 10 12 12 12 12 12 12  7  7  7  9  9 11 12 10 11 
 6  6  6  6  6  6  6  6  6 10  6  6  6  6 10  6  6  6  6  6  6  6  6  6  6  6  6  6  6  6  6  6  6  6  6  6  6  6  6  6  6  6  6  6  6  6  6  6  6  6  6  6  6  6  6  6  6  6  6 10 10  9  6  5  6 10  5  5 10 10 10 13 11  0  5 11 10 10 11 10 10 10 10 10 10 10 10 10 10 12  9 10 12 10  6  6  7  7  8  9 11 11 10 10 10 10 10 10  6  5  5  9  9 13 13 11  8 
 7  7  7  7  7  7  7  7  7 11  7  7  7  7 11  7  7  7  7  7  7  7  7  7  7  7  7  7  7  7  7  7  7  7  7  7  7  7  7  7  7  7  7  7  7  7  7  7  7  7  7  7  7  7  7  7  7  7  7 11 11 11  8  5  8 11  8  5 11 11 13 16 11  5  0 14 13 13 14 11 11 11 11 11 11 11 11 11 11 12 12 11 15 10  7  6  4  4  8 12 14 14 11 11 11 11 11 11  7  7  7 11 11 16 16 14  9 
15 15 15 15 15 15 15 15 15  9 15 15 15 15  9 15 15 15 15 15 15 15 15 15 15 15 15 15 15 15 15 15 15 15 15 15 15 15 15 15 15 15 15 15 15 15 15 15 15 15 15 15 15 15 15 15 15 15 15  7  7  9 10 11 10  9 10 11  7  7  2  4 10 11 14  0  1  2  3  7  7  7  7  7  7  9  9  9  9  9  5  7  5 10 10 10 10 10  6  2  3  2  9  9  9  9  9  9 10  9  9  7  7  3  4  2 12 
14 14 14 14 14 14 14 14 14 10 14 14 14 14 10 14 14 14 14 14 14 14 14 14 14 14 14 14 14 14 14 14 14 14 14 14 14 14 14 14 14 14 14 14 14 14 14 14 14 14 14 14 14 14 14 14 14 14 14  6  6  8  9 10  9 10  9 10  6  6  2  3  9 10 13  1  0  1  2  6  6  6  6  6  6 10 10 10 10  8  4  6  4  9  9  9  9  9  5  1  2  2 10 10 10 10 10 10  9  8  8  6  6  4  3  2 11 
14 14 14 14 14 14 14 14 14  9 14 14 14 14  9 14 14 14 14 14 14 14 14 14 14 14 14 14 14 14 14 14 14 14 14 14 14 14 14 14 14 14 14 14 14 14 14 14 14 14 14 14 14 14 14 14 14 14 14  6  6  9  9 10  9  9  9 10  6  6  1  4  9 10 13  2  1  0  2  6  6  6  6  6  6  9  9  9  9  9  3  6  4  9 10 10 10 10  6  2  3  1  9  9  9  9  9  9  9  8  8  5  5  3  4  1 10 
15 15 15 15 15 15 15 15 15  9 15 15 15 15  9 15 15 15 15 15 15 15 15 15 15 15 15 15 15 15 15 15 15 15 15 15 15 15 15 15 15 15 15 15 15 15 15 15 15 15 15 15 15 15 15 15 15 15 15  7  7  9 11 11 11  9 10 11  7  7  1  5 11 11 14  3  2  2  0  7  7  7  7  7  7  9  9  9  9 10  5  7  4 10 10 11 10 10  6  2  4  2  9  9  9  9  9  9 10 10 10  7  7  4  5  2 12 
12 12 12 12 12 12 12 12 12  8 12 12 12 12  8 12 12 12 12 12 12 12 12 12 12 12 12 12 12 12 12 12 12 12 12 12 12 12 12 12 12 12 12 12 12 12 12 12 12 12 12 12 12 12 12 12 12 12 12  0  0  4 10  9 10  8  7  9  0  0  6  9 10 10 11  7  6  6  7  0  0  0  0  0  0  8  8  8  8 11  5  0  6  6  7  8  7  7  5  5  7  7  8  8  8  8  8  8  7  7  7  6  6  8  9  7  9 
12 12 12 12 12 12 12 12 12  8 12 12 12 12  8 12 12 12 12 12 12 12 12 12 12 12 12 12 12 12 12 12 12 12 12 12 12 12 12 12 12 12 12 12 12 12 12 12 12 12 12 12 12 12 12 12 12 12 12  0  0  4 10  9 10  8  7  9  0  0  6  9 10 10 11  7  6  6  7  0  0  0  0  0  0  8  8  8  8 11  5  0  6  6  7  8  7  7  5  5  7  7  8  8  8  8  8  8  7  7  7  6  6  8  9  7  9 
12 12 12 12 12 12 12 12 12  8 12 12 12 12  8 12 12 12 12 12 12 12 12 12 12 12 12 12 12 12 12 12 12 12 12 12 12 12 12 12 12 12 12 12 12 12 12 12 12 12 12 12 12 12 12 12 12 12 12  0  0  4 10  9 10  8  7  9  0  0  6  9 10 10 11  7  6  6  7  0  0  0  0  0  0  8  8  8  8 11  5  0  6  6  7  8  7  7  5  5  7  7  8  8  8  8  8  8  7  7  7  6  6  8  9  7  9 
12 12 12 12 12 12 12 12 12  8 12 12 12 12  8 12 12 12 12 12 12 12 12 12 12 12 12 12 12 12 12 12 12 12 12 12 12 12 12 12 12 12 12 12 12 12 12 12 12 12 12 12 12 12 12 12 12 12 12  0  0  4 10  9 10  8  7  9  0  0  6  9 10 10 11  7  6  6  7  0  0  0  0  0  0  8  8  8  8 11  5  0  6  6  7  8  7  7  5  5  7  7  8  8  8  8  8  8  7  7  7  6  6  8  9  7  9 
12 12 12 12 12 12 12 12 12  8 12 12 12 12  8 12 12 12 12 12 12 12 12 12 12 12 12 12 12 12 12 12 12 12 12 12 12 12 12 12 12 12 12 12 12 12 12 12 12 12 12 12 12 12 12 12 12 12 12  0  0  4 10  9 10  8  7  9  0  0  6  9 10 10 11  7  6  6  7  0  0  0  0  0  0  8  8  8  8 11  5  0  6  6  7  8  7  7  5  5  7  7  8  8  8  8  8  8  7  7  7  6  6  8  9  7  9 
12 12 12 12 12 12 12 12 12  8 12 12 12 12  8 12 12 12 12 12 12 12 12 12 12 12 12 12 12 12 12 12 12 12 12 12 12 12 12 12 12 12 12 12 12 12 12 12 12 12 12 12 12 12 12 12 12 12 12  0  0  4 10  9 10  8  7  9  0  0  6  9 10 10 11  7  6  6  7  0  0  0  0  0  0  8  8  8  8 11  5  0  6  6  7  8  7  7  5  5  7  7  8  8  8  8  8  8  7  7  7  6  6  8  9  7  9 
12 12 12 12 12 12 12 12 12  0 12 12 12 12  0 12 12 12 12 12 12 12 12 12 12 12 12 12 12 12 12 12 12 12 12 12 12 12 12 12 12 12 12 12 12 12 12 12 12 12 12 12 12 12 12 12 12 12 12  8  8  6  5  9  5  0  7  9  8  8  9 10 12 10 11  9 10  9  9  8  8  8  8  8  8  0  0  0  0 11  7  8 11  7  8 10 11 11  8 10  9  8  0  0  0  0  0  0  8  8  8  6  6 11 10  8  7 
12 12 12 12 12 12 12 12 12  0 12 12 12 12  0 12 12 12 12 12 12 12 12 12 12 12 12 12 12 12 12 12 12 12 12 12 12 12 12 12 12 12 12 12 12 12 12 12 12 12 12 12 12 12 12 12 12 12 12  8  8  6  5  9  5  0  7  9  8  8  9 10 12 10 11  9 10  9  9  8  8  8  8  8  8  0  0  0  0 11  7  8 11  7  8 10 11 11  8 10  9  8  0  0  0  0  0  0  8  8  8  6  6 11 10  8  7 
12 12 12 12 12 12 12 12 12  0 12 12 12 12  0 12 12 12 12 12 12 12 12 12 12 12 12 12 12 12 12 12 12 12 12 12 12 12 12 12 12 12 12 12 12 12 12 12 12 12 12 12 12 12 12 12 12 12 12  8  8  6  5  9  5  0  7  9  8  8  9 10 12 10 11  9 10  9  9  8  8  8  8  8  8  0  0  0  0 11  7  8 11  7  8 10 11 11  8 10  9  8  0  0  0  0  0  0  8  8  8  6  6 11 10  8  7 
12 12 12 12 12 12 12 12 12  0 12 12 12 12  0 12 12 12 12 12 12 12 12 12 12 12 12 12 12 12 12 12 12 12 12 12 12 12 12 12 12 12 12 12 12 12 12 12 12 12 12 12 12 12 12 12 12 12 12  8  8  6  5  9  5  0  7  9  8  8  9 10 12 10 11  9 10  9  9  8  8  8  8  8  8  0  0  0  0 11  7  8 11  7  8 10 11 11  8 10  9  8  0  0  0  0  0  0  8  8  8  6  6 11 10  8  7 
10 10 10 10 10 10 10 10 10 11 10 10 10 10 11 10 10 10 10 10 10 10 10 10 10 10 10 10 10 10 10 10 10 10 10 10 10 10 10 10 10 10 10 10 10 10 10 10 10 10 10 10 10 10 10 10 10 10 10 11 11  9  7 11  7 11 11 11 11 11 10 11 14 12 12  9  8  9 10 11 11 11 11 11 11 11 11 11 11  0  7 11 12  7  7  9  8  8 10  9 10  9 11 11 11 11 11 11  9 10 10 11 11 12 11  9  8 
11 11 11 11 11 11 11 11 11  7 11 11 11 11  7 11 11 11 11 11 11 11 11 11 11 11 11 11 11 11 11 11 11 11 11 11 11 11 11 11 11 11 11 11 11 11 11 11 11 11 11 11 11 11 11 11 11 11 11  5  5  7  9  9  9  7  6  9  5  5  4  6  7  9 12  5  4  3  5  5  5  5  5  5  5  7  7  7  7  7  0  5  5  9  8  8  8  8  4  3  5  4  7  7  7  7  7  7  8  8  8  4  4  6  6  4  9 
12 12 12 12 12 12 12 12 12  8 12 12 12 12  8 12 12 12 12 12 12 12 12 12 12 12 12 12 12 12 12 12 12 12 12 12 12 12 12 12 12 12 12 12 12 12 12 12 12 12 12 12 12 12 12 12 12 12 12  0  0  4 10  9 10  8  7  9  0  0  6  9 10 10 11  7  6  6  7  0  0  0  0  0  0  8  8  8  8 11  5  0  6  6  7  8  7  7  5  5  7  7  8  8  8  8  8  8  7  7  7  6  6  8  9  7  9 
15 15 15 15 15 15 15 15 15 11 15 15 15 15 11 15 15 15 15 15 15 15 15 15 15 15 15 15 15 15 15 15 15 15 15 15 15 15 15 15 15 15 15 15 15 15 15 15 15 15 15 15 15 15 15 15 15 15 15  6  6  8 11 13 11 11 10 13  6  6  3  4 12 12 15  5  4  4  4  6  6  6  6  6  6 11 11 11 11 12  5  6  0  7 11 12 11 11  7  3  5  4 11 11 11 11 11 11 11 10 10  9  9  4  4  4 12 
13 13 13 13 13 13 13 13 13  7 13 13 13 13  7 13 13 13 13 13 13 13 13 13 13 13 13 13 13 13 13 13 13 13 13 13 13 13 13 13 13 13 13 13 13 13 13 13 13 13 13 13 13 13 13 13 13 13 13  6  6  7 10  7 10  7  8  7  6  6 10 11 14 10 10 10  9  9 10  6  6  6  6  6  6  7  7  7  7  7  9  6  7  0 11  9 11 11  9  9 10 10  7  7  7  7  7  7 11 11 11  9  9 11 11 10  8 
 7  7  7  7  7  7  7  7  7  8  7  7  7  7  8  7  7  7  7  7  7  7  7  7  7  7  7  7  7  7  7  7  7  7  7  7  7  7  7  7  7  7  7  7  7  7  7  7  7  7  7  7  7  7  7  7  7  7  7  7  7  7  7  5  7  8  4  5  7  7  9 12  8  6  7 10  9 10 10  7  7  7  7  7  7  8  8  8  8  7  8  7 11 11  0  2  3  3  4  8 10 10  8  8  8  8  8  8  2  3  3  7  7 12 12 10  5 
 6  6  6  6  6  6  6  6  6 10  6  6  6  6 10  6  6  6  6  6  6  6  6  6  6  6  6  6  6  6  6  6  6  6  6  6  6  6  6  6  6  6  6  6  6  6  6  6  6  6  6  6  6  6  6  6  6  6  6  8  8  8  6  4  6 10  6  4  8  8 10 12  9  6  6 10  9 10 11  8  8  8  8  8  8 10 10 10 10  9  8  8 12  9  2  0  3  3  5  9 10 10 10 10 10 10 10 10  3  4  4  8  8 13 12 10  7 
 9  9  9  9  9  9  9  9  9 11  9  9  9  9 11  9  9  9  9  9  9  9  9  9  9  9  9  9  9  9  9  9  9  9  9  9  9  9  9  9  9  9  9  9  9  9  9  9  9  9  9  9  9  9  9  9  9  9  9  7  7  7  9  7  9 11  6  7  7  7  9 12  9  7  4 10  9 10 10  7  7  7  7  7  7 11 11 11 11  8  8  7 11 11  3  3  0  0  4  8 10 10 11 11 11 11 11 11  4  3  3  7  7 12 12 10  8 
 9  9  9  9  9  9  9  9  9 11  9  9  9  9 11  9  9  9  9  9  9  9  9  9  9  9  9  9  9  9  9  9  9  9  9  9  9  9  9  9  9  9  9  9  9  9  9  9  9  9  9  9  9  9  9  9  9  9  9  7  7  7  9  7  9 11  6  7  7  7  9 12  9  7  4 10  9 10 10  7  7  7  7  7  7 11 11 11 11  8  8  7 11 11  3  3  0  0  4  8 10 10 11 11 11 11 11 11  4  3  3  7  7 12 12 10  8 
 9  9  9  9  9  9  9  9  9  8  9  9  9  9  8  9  9  9  9  9  9  9  9  9  9  9  9  9  9  9  9  9  9  9  9  9  9  9  9  9  9  9  9  9  9  9  9  9  9  9  9  9  9  9  9  9  9  9  9  5  5  3  7  6  7  8  4  6  5  5  5  8  9  8  8  6  5  6  6  5  5  5  5  5  5  8  8  8  8 10  4  5  7  9  4  5  4  4  0  4  6  6  8  8  8  8  8  8  4  4  4  3  3  8  8  6  6 
13 13 13 13 13 13 13 13 13 10 13 13 13 13 10 13 13 13 13 13 13 13 13 13 13 13 13 13 13 13 13 13 13 13 13 13 13 13 13 13 13 13 13 13 13 13 13 13 13 13 13 13 13 13 13 13 13 13 13  5  5  7  9 10  9 10  8 10  5  5  1  4  9  9 12  2  1  2  2  5  5  5  5  5  5 10 10 10 10  9  3  5  3  9  8  9  8  8  4  0  2  2 10 10 10 10 10 10  8  8  8  6  6  4  4  2 10 
13 13 13 13 13 13 13 13 13  9 13 13 13 13  9 13 13 13 13 13 13 13 13 13 13 13 13 13 13 13 13 13 13 13 13 13 13 13 13 13 13 13 13 13 13 13 13 13 13 13 13 13 13 13 13 13 13 13 13  7  7  8 11 11 11  9  9 11  7  7  3  5  9 11 14  3  2  3  4  7  7  7  7  7  7  9  9  9  9 10  5  7  5 10 10 10 10 10  6  2  0  4  9  9  9  9  9  9 10 10 10  6  6  6  5  4 11 
13 13 13 13 13 13 13 13 13  8 13 13 13 13  8 13 13 13 13 13 13 13 13 13 13 13 13 13 13 13 13 13 13 13 13 13 13 13 13 13 13 13 13 13 13 13 13 13 13 13 13 13 13 13 13 13 13 13 13  7  7  9 10 11 10  8  8 11  7  7  1  3 10 11 14  2  2  1  2  7  7  7  7  7  7  8  8  8  8  9  4  7  4 10 10 10 10 10  6  2  4  0  8  8  8  8  8  8 10  9  9  6  6  3  3  0 11 
12 12 12 12 12 12 12 12 12  0 12 12 12 12  0 12 12 12 12 12 12 12 12 12 12 12 12 12 12 12 12 12 12 12 12 12 12 12 12 12 12 12 12 12 12 12 12 12 12 12 12 12 12 12 12 12 12 12 12  8  8  6  5  9  5  0  7  9  8  8  9 10 12 10 11  9 10  9  9  8  8  8  8  8  8  0  0  0  0 11  7  8 11  7  8 10 11 11  8 10  9  8  0  0  0  0  0  0  8  8  8  6  6 11 10  8  7 
12 12 12 12 12 12 12 12 12  0 12 12 12 12  0 12 12 12 12 12 12 12 12 12 12 12 12 12 12 12 12 12 12 12 12 12 12 12 12 12 12 12 12 12 12 12 12 12 12 12 12 12 12 12 12 12 12 12 12  8  8  6  5  9  5  0  7  9  8  8  9 10 12 10 11  9 10  9  9  8  8  8  8  8  8  0  0  0  0 11  7  8 11  7  8 10 11 11  8 10  9  8  0  0  0  0  0  0  8  8  8  6  6 11 10  8  7 
12 12 12 12 12 12 12 12 12  0 12 12 12 12  0 12 12 12 12 12 12 12 12 12 12 12 12 12 12 12 12 12 12 12 12 12 12 12 12 12 12 12 12 12 12 12 12 12 12 12 12 12 12 12 12 12 12 12 12  8  8  6  5  9  5  0  7  9  8  8  9 10 12 10 11  9 10  9  9  8  8  8  8  8  8  0  0  0  0 11  7  8 11  7  8 10 11 11  8 10  9  8  0  0  0  0  0  0  8  8  8  6  6 11 10  8  7 
12 12 12 12 12 12 12 12 12  0 12 12 12 12  0 12 12 12 12 12 12 12 12 12 12 12 12 12 12 12 12 12 12 12 12 12 12 12 12 12 12 12 12 12 12 12 12 12 12 12 12 12 12 12 12 12 12 12 12  8  8  6  5  9  5  0  7  9  8  8  9 10 12 10 11  9 10  9  9  8  8  8  8  8  8  0  0  0  0 11  7  8 11  7  8 10 11 11  8 10  9  8  0  0  0  0  0  0  8  8  8  6  6 11 10  8  7 
12 12 12 12 12 12 12 12 12  0 12 12 12 12  0 12 12 12 12 12 12 12 12 12 12 12 12 12 12 12 12 12 12 12 12 12 12 12 12 12 12 12 12 12 12 12 12 12 12 12 12 12 12 12 12 12 12 12 12  8  8  6  5  9  5  0  7  9  8  8  9 10 12 10 11  9 10  9  9  8  8  8  8  8  8  0  0  0  0 11  7  8 11  7  8 10 11 11  8 10  9  8  0  0  0  0  0  0  8  8  8  6  6 11 10  8  7 
12 12 12 12 12 12 12 12 12  0 12 12 12 12  0 12 12 12 12 12 12 12 12 12 12 12 12 12 12 12 12 12 12 12 12 12 12 12 12 12 12 12 12 12 12 12 12 12 12 12 12 12 12 12 12 12 12 12 12  8  8  6  5  9  5  0  7  9  8  8  9 10 12 10 11  9 10  9  9  8  8  8  8  8  8  0  0  0  0 11  7  8 11  7  8 10 11 11  8 10  9  8  0  0  0  0  0  0  8  8  8  6  6 11 10  8  7 
 7  7  7  7  7  7  7  7  7  8  7  7  7  7  8  7  7  7  7  7  7  7  7  7  7  7  7  7  7  7  7  7  7  7  7  7  7  7  7  7  7  7  7  7  7  7  7  7  7  7  7  7  7  7  7  7  7  7  7  7  7  7  7  5  7  8  3  5  7  7  9 12  7  6  7 10  9  9 10  7  7  7  7  7  7  8  8  8  8  9  8  7 11 11  2  3  4  4  4  8 10 10  8  8  8  8  8  8  0  1  1  7  7 12 12 10  7 
 8  8  8  8  8  8  8  8  8  8  8  8  8  8  8  8  8  8  8  8  8  8  8  8  8  8  8  8  8  8  8  8  8  8  8  8  8  8  8  8  8  8  8  8  8  8  8  8  8  8  8  8  8  8  8  8  8  8  8  7  7  7  8  5  8  8  3  5  7  7  9 11  7  5  7  9  8  8 10  7  7  7  7  7  7  8  8  8  8 10  8  7 10 11  3  4  3  3  4  8 10  9  8  8  8  8  8  8  1  0  0  7  7 11 11  9  7 
 8  8  8  8  8  8  8  8  8  8  8  8  8  8  8  8  8  8  8  8  8  8  8  8  8  8  8  8  8  8  8  8  8  8  8  8  8  8  8  8  8  8  8  8  8  8  8  8  8  8  8  8  8  8  8  8  8  8  8  7  7  7  8  5  8  8  3  5  7  7  9 11  7  5  7  9  8  8 10  7  7  7  7  7  7  8  8  8  8 10  8  7 10 11  3  4  3  3  4  8 10  9  8  8  8  8  8  8  1  0  0  7  7 11 11  9  7 
11 11 11 11 11 11 11 11 11  6 11 11 11 11  6 11 11 11 11 11 11 11 11 11 11 11 11 11 11 11 11 11 11 11 11 11 11 11 11 11 11 11 11 11 11 11 11 11 11 11 11 11 11 11 11 11 11 11 11  6  6  6  7  9  7  6  6  9  6  6  6  8  9  9 11  7  6  5  7  6  6  6  6  6  6  6  6  6  6 11  4  6  9  9  7  8  7  7  3  6  6  6  6  6  6  6  6  6  7  7  7  0  0  8  8  6  8 
11 11 11 11 11 11 11 11 11  6 11 11 11 11  6 11 11 11 11 11 11 11 11 11 11 11 11 11 11 11 11 11 11 11 11 11 11 11 11 11 11 11 11 11 11 11 11 11 11 11 11 11 11 11 11 11 11 11 11  6  6  6  7  9  7  6  6  9  6  6  6  8  9  9 11  7  6  5  7  6  6  6  6  6  6  6  6  6  6 11  4  6  9  9  7  8  7  7  3  6  6  6  6  6  6  6  6  6  7  7  7  0  0  8  8  6  8 
16 16 16 16 16 16 16 16 16 11 16 16 16 16 11 16 16 16 16 16 16 16 16 16 16 16 16 16 16 16 16 16 16 16 16 16 16 16 16 16 16 16 16 16 16 16 16 16 16 16 16 16 16 16 16 16 16 16 16  8  8 11 12 13 12 11 11 13  8  8  4  3 11 13 16  3  4  3  4  8  8  8  8  8  8 11 11 11 11 12  6  8  4 11 12 13 12 12  8  4  6  3 11 11 11 11 11 11 12 11 11  8  8  0  3  3 13 
15 15 15 15 15 15 15 15 15 10 15 15 15 15 10 15 15 15 15 15 15 15 15 15 15 15 15 15 15 15 15 15 15 15 15 15 15 15 15 15 15 15 15 15 15 15 15 15 15 15 15 15 15 15 15 15 15 15 15  9  9 11 12 13 12 10 11 13  9  9  4  0 12 13 16  4  3  4  5  9  9  9  9  9  9 10 10 10 10 11  6  9  4 11 12 12 12 12  8  4  5  3 10 10 10 10 10 10 12 11 11  8  8  3  0  3 14 
13 13 13 13 13 13 13 13 13  8 13 13 13 13  8 13 13 13 13 13 13 13 13 13 13 13 13 13 13 13 13 13 13 13 13 13 13 13 13 13 13 13 13 13 13 13 13 13 13 13 13 13 13 13 13 13 13 13 13  7  7  9 10 11 10  8  8 11  7  7  1  3 10 11 14  2  2  1  2  7  7  7  7  7  7  8  8  8  8  9  4  7  4 10 10 10 10 10  6  2  4  0  8  8  8  8  8  8 10  9  9  6  6  3  3  0 11 
 6  6  6  6  6  6  6  6  6  7  6  6  6  6  7  6  6  6  6  6  6  6  6  6  6  6  6  6  6  6  6  6  6  6  6  6  6  6  6  6  6  6  6  6  6  6  6  6  6  6  6  6  6  6  6  6  6  6  6  9  9  7  2  6  2  7  5  6  9  9 11 14 11  8  9 12 11 10 12  9  9  9  9  9  9  7  7  7  7  8  9  9 12  8  5  7  8  8  6 10 11 11  7  7  7  7  7  7  7  7  7  8  8 13 14 11  0 
