Instance Date: 20090516

VehicleNumber---RequestNumber---MaxTravelTime---DisinfectionTime
    3              66               90             30

VehicleCapacity---VehicleLunchReadyTime---VehicleLunchDueTime---VehicleLunchDuration
    9                    750                    810                     60

LocationID---StaffDemand---SeatDemand---ReadyTime---DueTime---ServiceTime
    0            0              0          450        1230         0
    1            2              1          480         750         8
    2            2              1          480        1200         8
    3            2              1          480        1200         8
    4            2              1          480        1200         8
    5            2            1.5          480        1200         8
    6            2              1          540         700         8
    7            2              1          540         700         8
    8            3              3          480         750         8
    9            2              1          750        1200         8
   10            3              1          480        1200         8
   11            2              1          600         720         8
   12            2              1          480        1200         8
   13            2              1          750        1200         8
   14            2              1          480         750         8
   15            2              3          480        1200         8
   16            2              3          660         780         8
   17            2              1          480        1200         8
   18            2              1          840         960         8
   19            3              3          750        1200         8
   20            2              3          480         750         8
   21            2              1          480        1200         8
   22            2              1          840         960         8
   23            2              1          480        1200         8
   24            2              3          480        1200         8
   25            2              1          831         951         8
   26            2              3          480        1200         8
   27            2              3          480         750         8
   28            2              3          675         825         8
   29            2              3          750        1200         8
   30            2              1          895        1015         8
   31            2              3          960        1080         8
   32            2              3          750        1200         8
   33            2              3          750        1200         8
   34            2              3          830         980         8
   35            2              1          480        1200         8
   36            2              1          871        1021         8
   37            2              1          480        1200         8
   38            2              3          480        1200         8
   39            2              3          675         825         8
   40            2              1          641         791         8
   41            2              3          960        1080         8
   42            2              3          840         960         8
   43            2              1          750        1200         8
   44            3              3          480        1200         8
   45            2              3          799         919         8
   46            2              1          480        1200         8
   47            2              1          480        1200         8
   48            2              1          480        1200         8
   49            2              1          480         750         8
   50            2              1          750        1200         8
   51            2              3          780         900         8
   52            2              3          480        1200         8
   53            2              1          480        1200         8
   54            2              1          480        1200         8
   55            2              1          750        1200         8
   56            2              1          797         947         8
   57            2              3          750        1200         8
   58            2              1          480        1200         8
   59            2              3          894        1044         8
   60            2              3          750        1200         8
   61            3              1          750        1200         8
   62            2              3          480        1200         8
   63            2              3          750        1200         8
   64            2              3          480        1200         8
   65            2              1          750        1200         8
   66            2              1          750        1200         8
   67            2             -1          480         750        10
   68            2             -1          480        1200        10
   69            2             -1          480        1200        10
   70            2             -1          480        1200        10
   71            2           -1.5          480        1200        10
   72            2             -1          540         730         3
   73            2             -1          540         730         3
   74            3             -3          480         750        10
   75            2             -1          750        1200        10
   76            3             -1          480        1200         6
   77            2             -1          600         740        10
   78            2             -1          480        1200        10
   79            2             -1          750        1200        10
   80            2             -1          480         750        10
   81            2             -3          480        1200        10
   82            2             -3          660         810        10
   83            2             -1          480        1200        10
   84            2             -1          840         990        10
   85            3             -3          750        1200        10
   86            2             -3          480         750         3
   87            2             -1          480        1200        10
   88            2             -1          840         990        10
   89            2             -1          480        1200        10
   90            2             -3          480        1200        10
   91            2             -1          831         981        10
   92            2             -3          480        1200        10
   93            2             -3          480         750        10
   94            2             -3          675         855         3
   95            2             -3          750        1200         3
   96            2             -1          895        1045        10
   97            2             -3          960        1100        10
   98            2             -3          750        1200        10
   99            2             -3          750        1200         3
  100            2             -3          830        1010         3
  101            2             -1          480        1200         3
  102            2             -1          871        1051         3
  103            2             -1          480        1200        10
  104            2             -3          480        1200         3
  105            2             -3          675         855         3
  106            2             -1          641         821         3
  107            2             -3          960        1100        10
  108            2             -3          840         980        10
  109            2             -1          750        1200        10
  110            3             -3          480        1200        10
  111            2             -3          799         939        10
  112            2             -1          480        1200        10
  113            2             -1          480        1200        10
  114            2             -1          480        1200         3
  115            2             -1          480         750        10
  116            2             -1          750        1200        10
  117            2             -3          780         930        10
  118            2             -3          480        1200        10
  119            2             -1          480        1200        10
  120            2             -1          480        1200        10
  121            2             -1          750        1200        10
  122            2             -1          797         977         3
  123            2             -3          750        1200         3
  124            2             -1          480        1200         3
  125            2             -3          894        1074         3
  126            2             -3          750        1200         3
  127            3             -1          750        1200         3
  128            2             -3          480        1200        10
  129            2             -3          750        1200         3
  130            2             -3          480        1200         3
  131            2             -1          750        1200        10
  132            2             -1          750        1200        10

Travel Time Between Locations
 0  0 11 11 11 11  0  0 11 11 11  0 11 11 11 11  0  0 11 11 11  0  0  0  0  0  0  0  0  0  0 12 12  0  0  0  0  0  0  0  0 12 12  0  0  0  0 11  0  0 11 11  0  0  0  0  0  0  0  0  0 11  0  0  0  0  0 17 15 10 11 15 12 12  8  7  9  9 11  7  7 13 17 15 14 10  0 14 14 15 14 16  8  6 12 12 11 10 12 11 11 11 11 10 12 12 12 15  7  5  5  7  7  7  5 11 11 14  4  8  6 14 11 11 11 11 11  7 10 11 11  8 11 
 0  0 11 11 11 11  0  0 11 11 11  0 11 11 11 11  0  0 11 11 11  0  0  0  0  0  0  0  0  0  0 12 12  0  0  0  0  0  0  0  0 12 12  0  0  0  0 11  0  0 11 11  0  0  0  0  0  0  0  0  0 11  0  0  0  0  0 17 15 10 11 15 12 12  8  7  9  9 11  7  7 13 17 15 14 10  0 14 14 15 14 16  8  6 12 12 11 10 12 11 11 11 11 10 12 12 12 15  7  5  5  7  7  7  5 11 11 14  4  8  6 14 11 11 11 11 11  7 10 11 11  8 11 
11 11  0  0  0  0 11 11  0  0  0 11  0  0  0  0 11 11  0  0  0 11 11 11 11 11 11 11 11 11 11  8  8 11 11 11 11 11 11 11 11  8  8 11 11 11 11  0 11 11  0  0 11 11 11 11 11 11 11 11 11  0 11 11 11 11 11 16  9  5  7 11  8  8  7  9  7  5  6  8 11  8 16  8  9  6 11 10  9  8  9 16 11 14  8  8  6  7 11  0  0  0  0  6  8  8  8 10  8  6  6  9  9  9  7  6  5 11 11 11 10  9  0  0  0  0  0 14  5  0  0  9  9 
11 11  0  0  0  0 11 11  0  0  0 11  0  0  0  0 11 11  0  0  0 11 11 11 11 11 11 11 11 11 11  8  8 11 11 11 11 11 11 11 11  8  8 11 11 11 11  0 11 11  0  0 11 11 11 11 11 11 11 11 11  0 11 11 11 11 11 16  9  5  7 11  8  8  7  9  7  5  6  8 11  8 16  8  9  6 11 10  9  8  9 16 11 14  8  8  6  7 11  0  0  0  0  6  8  8  8 10  8  6  6  9  9  9  7  6  5 11 11 11 10  9  0  0  0  0  0 14  5  0  0  9  9 
11 11  0  0  0  0 11 11  0  0  0 11  0  0  0  0 11 11  0  0  0 11 11 11 11 11 11 11 11 11 11  8  8 11 11 11 11 11 11 11 11  8  8 11 11 11 11  0 11 11  0  0 11 11 11 11 11 11 11 11 11  0 11 11 11 11 11 16  9  5  7 11  8  8  7  9  7  5  6  8 11  8 16  8  9  6 11 10  9  8  9 16 11 14  8  8  6  7 11  0  0  0  0  6  8  8  8 10  8  6  6  9  9  9  7  6  5 11 11 11 10  9  0  0  0  0  0 14  5  0  0  9  9 
11 11  0  0  0  0 11 11  0  0  0 11  0  0  0  0 11 11  0  0  0 11 11 11 11 11 11 11 11 11 11  8  8 11 11 11 11 11 11 11 11  8  8 11 11 11 11  0 11 11  0  0 11 11 11 11 11 11 11 11 11  0 11 11 11 11 11 16  9  5  7 11  8  8  7  9  7  5  6  8 11  8 16  8  9  6 11 10  9  8  9 16 11 14  8  8  6  7 11  0  0  0  0  6  8  8  8 10  8  6  6  9  9  9  7  6  5 11 11 11 10  9  0  0  0  0  0 14  5  0  0  9  9 
 0  0 11 11 11 11  0  0 11 11 11  0 11 11 11 11  0  0 11 11 11  0  0  0  0  0  0  0  0  0  0 12 12  0  0  0  0  0  0  0  0 12 12  0  0  0  0 11  0  0 11 11  0  0  0  0  0  0  0  0  0 11  0  0  0  0  0 17 15 10 11 15 12 12  8  7  9  9 11  7  7 13 17 15 14 10  0 14 14 15 14 16  8  6 12 12 11 10 12 11 11 11 11 10 12 12 12 15  7  5  5  7  7  7  5 11 11 14  4  8  6 14 11 11 11 11 11  7 10 11 11  8 11 
 0  0 11 11 11 11  0  0 11 11 11  0 11 11 11 11  0  0 11 11 11  0  0  0  0  0  0  0  0  0  0 12 12  0  0  0  0  0  0  0  0 12 12  0  0  0  0 11  0  0 11 11  0  0  0  0  0  0  0  0  0 11  0  0  0  0  0 17 15 10 11 15 12 12  8  7  9  9 11  7  7 13 17 15 14 10  0 14 14 15 14 16  8  6 12 12 11 10 12 11 11 11 11 10 12 12 12 15  7  5  5  7  7  7  5 11 11 14  4  8  6 14 11 11 11 11 11  7 10 11 11  8 11 
11 11  0  0  0  0 11 11  0  0  0 11  0  0  0  0 11 11  0  0  0 11 11 11 11 11 11 11 11 11 11  8  8 11 11 11 11 11 11 11 11  8  8 11 11 11 11  0 11 11  0  0 11 11 11 11 11 11 11 11 11  0 11 11 11 11 11 16  9  5  7 11  8  8  7  9  7  5  6  8 11  8 16  8  9  6 11 10  9  8  9 16 11 14  8  8  6  7 11  0  0  0  0  6  8  8  8 10  8  6  6  9  9  9  7  6  5 11 11 11 10  9  0  0  0  0  0 14  5  0  0  9  9 
11 11  0  0  0  0 11 11  0  0  0 11  0  0  0  0 11 11  0  0  0 11 11 11 11 11 11 11 11 11 11  8  8 11 11 11 11 11 11 11 11  8  8 11 11 11 11  0 11 11  0  0 11 11 11 11 11 11 11 11 11  0 11 11 11 11 11 16  9  5  7 11  8  8  7  9  7  5  6  8 11  8 16  8  9  6 11 10  9  8  9 16 11 14  8  8  6  7 11  0  0  0  0  6  8  8  8 10  8  6  6  9  9  9  7  6  5 11 11 11 10  9  0  0  0  0  0 14  5  0  0  9  9 
11 11  0  0  0  0 11 11  0  0  0 11  0  0  0  0 11 11  0  0  0 11 11 11 11 11 11 11 11 11 11  8  8 11 11 11 11 11 11 11 11  8  8 11 11 11 11  0 11 11  0  0 11 11 11 11 11 11 11 11 11  0 11 11 11 11 11 16  9  5  7 11  8  8  7  9  7  5  6  8 11  8 16  8  9  6 11 10  9  8  9 16 11 14  8  8  6  7 11  0  0  0  0  6  8  8  8 10  8  6  6  9  9  9  7  6  5 11 11 11 10  9  0  0  0  0  0 14  5  0  0  9  9 
 0  0 11 11 11 11  0  0 11 11 11  0 11 11 11 11  0  0 11 11 11  0  0  0  0  0  0  0  0  0  0 12 12  0  0  0  0  0  0  0  0 12 12  0  0  0  0 11  0  0 11 11  0  0  0  0  0  0  0  0  0 11  0  0  0  0  0 17 15 10 11 15 12 12  8  7  9  9 11  7  7 13 17 15 14 10  0 14 14 15 14 16  8  6 12 12 11 10 12 11 11 11 11 10 12 12 12 15  7  5  5  7  7  7  5 11 11 14  4  8  6 14 11 11 11 11 11  7 10 11 11  8 11 
11 11  0  0  0  0 11 11  0  0  0 11  0  0  0  0 11 11  0  0  0 11 11 11 11 11 11 11 11 11 11  8  8 11 11 11 11 11 11 11 11  8  8 11 11 11 11  0 11 11  0  0 11 11 11 11 11 11 11 11 11  0 11 11 11 11 11 16  9  5  7 11  8  8  7  9  7  5  6  8 11  8 16  8  9  6 11 10  9  8  9 16 11 14  8  8  6  7 11  0  0  0  0  6  8  8  8 10  8  6  6  9  9  9  7  6  5 11 11 11 10  9  0  0  0  0  0 14  5  0  0  9  9 
11 11  0  0  0  0 11 11  0  0  0 11  0  0  0  0 11 11  0  0  0 11 11 11 11 11 11 11 11 11 11  8  8 11 11 11 11 11 11 11 11  8  8 11 11 11 11  0 11 11  0  0 11 11 11 11 11 11 11 11 11  0 11 11 11 11 11 16  9  5  7 11  8  8  7  9  7  5  6  8 11  8 16  8  9  6 11 10  9  8  9 16 11 14  8  8  6  7 11  0  0  0  0  6  8  8  8 10  8  6  6  9  9  9  7  6  5 11 11 11 10  9  0  0  0  0  0 14  5  0  0  9  9 
11 11  0  0  0  0 11 11  0  0  0 11  0  0  0  0 11 11  0  0  0 11 11 11 11 11 11 11 11 11 11  8  8 11 11 11 11 11 11 11 11  8  8 11 11 11 11  0 11 11  0  0 11 11 11 11 11 11 11 11 11  0 11 11 11 11 11 16  9  5  7 11  8  8  7  9  7  5  6  8 11  8 16  8  9  6 11 10  9  8  9 16 11 14  8  8  6  7 11  0  0  0  0  6  8  8  8 10  8  6  6  9  9  9  7  6  5 11 11 11 10  9  0  0  0  0  0 14  5  0  0  9  9 
11 11  0  0  0  0 11 11  0  0  0 11  0  0  0  0 11 11  0  0  0 11 11 11 11 11 11 11 11 11 11  8  8 11 11 11 11 11 11 11 11  8  8 11 11 11 11  0 11 11  0  0 11 11 11 11 11 11 11 11 11  0 11 11 11 11 11 16  9  5  7 11  8  8  7  9  7  5  6  8 11  8 16  8  9  6 11 10  9  8  9 16 11 14  8  8  6  7 11  0  0  0  0  6  8  8  8 10  8  6  6  9  9  9  7  6  5 11 11 11 10  9  0  0  0  0  0 14  5  0  0  9  9 
 0  0 11 11 11 11  0  0 11 11 11  0 11 11 11 11  0  0 11 11 11  0  0  0  0  0  0  0  0  0  0 12 12  0  0  0  0  0  0  0  0 12 12  0  0  0  0 11  0  0 11 11  0  0  0  0  0  0  0  0  0 11  0  0  0  0  0 17 15 10 11 15 12 12  8  7  9  9 11  7  7 13 17 15 14 10  0 14 14 15 14 16  8  6 12 12 11 10 12 11 11 11 11 10 12 12 12 15  7  5  5  7  7  7  5 11 11 14  4  8  6 14 11 11 11 11 11  7 10 11 11  8 11 
 0  0 11 11 11 11  0  0 11 11 11  0 11 11 11 11  0  0 11 11 11  0  0  0  0  0  0  0  0  0  0 12 12  0  0  0  0  0  0  0  0 12 12  0  0  0  0 11  0  0 11 11  0  0  0  0  0  0  0  0  0 11  0  0  0  0  0 17 15 10 11 15 12 12  8  7  9  9 11  7  7 13 17 15 14 10  0 14 14 15 14 16  8  6 12 12 11 10 12 11 11 11 11 10 12 12 12 15  7  5  5  7  7  7  5 11 11 14  4  8  6 14 11 11 11 11 11  7 10 11 11  8 11 
11 11  0  0  0  0 11 11  0  0  0 11  0  0  0  0 11 11  0  0  0 11 11 11 11 11 11 11 11 11 11  8  8 11 11 11 11 11 11 11 11  8  8 11 11 11 11  0 11 11  0  0 11 11 11 11 11 11 11 11 11  0 11 11 11 11 11 16  9  5  7 11  8  8  7  9  7  5  6  8 11  8 16  8  9  6 11 10  9  8  9 16 11 14  8  8  6  7 11  0  0  0  0  6  8  8  8 10  8  6  6  9  9  9  7  6  5 11 11 11 10  9  0  0  0  0  0 14  5  0  0  9  9 
11 11  0  0  0  0 11 11  0  0  0 11  0  0  0  0 11 11  0  0  0 11 11 11 11 11 11 11 11 11 11  8  8 11 11 11 11 11 11 11 11  8  8 11 11 11 11  0 11 11  0  0 11 11 11 11 11 11 11 11 11  0 11 11 11 11 11 16  9  5  7 11  8  8  7  9  7  5  6  8 11  8 16  8  9  6 11 10  9  8  9 16 11 14  8  8  6  7 11  0  0  0  0  6  8  8  8 10  8  6  6  9  9  9  7  6  5 11 11 11 10  9  0  0  0  0  0 14  5  0  0  9  9 
11 11  0  0  0  0 11 11  0  0  0 11  0  0  0  0 11 11  0  0  0 11 11 11 11 11 11 11 11 11 11  8  8 11 11 11 11 11 11 11 11  8  8 11 11 11 11  0 11 11  0  0 11 11 11 11 11 11 11 11 11  0 11 11 11 11 11 16  9  5  7 11  8  8  7  9  7  5  6  8 11  8 16  8  9  6 11 10  9  8  9 16 11 14  8  8  6  7 11  0  0  0  0  6  8  8  8 10  8  6  6  9  9  9  7  6  5 11 11 11 10  9  0  0  0  0  0 14  5  0  0  9  9 
 0  0 11 11 11 11  0  0 11 11 11  0 11 11 11 11  0  0 11 11 11  0  0  0  0  0  0  0  0  0  0 12 12  0  0  0  0  0  0  0  0 12 12  0  0  0  0 11  0  0 11 11  0  0  0  0  0  0  0  0  0 11  0  0  0  0  0 17 15 10 11 15 12 12  8  7  9  9 11  7  7 13 17 15 14 10  0 14 14 15 14 16  8  6 12 12 11 10 12 11 11 11 11 10 12 12 12 15  7  5  5  7  7  7  5 11 11 14  4  8  6 14 11 11 11 11 11  7 10 11 11  8 11 
 0  0 11 11 11 11  0  0 11 11 11  0 11 11 11 11  0  0 11 11 11  0  0  0  0  0  0  0  0  0  0 12 12  0  0  0  0  0  0  0  0 12 12  0  0  0  0 11  0  0 11 11  0  0  0  0  0  0  0  0  0 11  0  0  0  0  0 17 15 10 11 15 12 12  8  7  9  9 11  7  7 13 17 15 14 10  0 14 14 15 14 16  8  6 12 12 11 10 12 11 11 11 11 10 12 12 12 15  7  5  5  7  7  7  5 11 11 14  4  8  6 14 11 11 11 11 11  7 10 11 11  8 11 
 0  0 11 11 11 11  0  0 11 11 11  0 11 11 11 11  0  0 11 11 11  0  0  0  0  0  0  0  0  0  0 12 12  0  0  0  0  0  0  0  0 12 12  0  0  0  0 11  0  0 11 11  0  0  0  0  0  0  0  0  0 11  0  0  0  0  0 17 15 10 11 15 12 12  8  7  9  9 11  7  7 13 17 15 14 10  0 14 14 15 14 16  8  6 12 12 11 10 12 11 11 11 11 10 12 12 12 15  7  5  5  7  7  7  5 11 11 14  4  8  6 14 11 11 11 11 11  7 10 11 11  8 11 
 0  0 11 11 11 11  0  0 11 11 11  0 11 11 11 11  0  0 11 11 11  0  0  0  0  0  0  0  0  0  0 12 12  0  0  0  0  0  0  0  0 12 12  0  0  0  0 11  0  0 11 11  0  0  0  0  0  0  0  0  0 11  0  0  0  0  0 17 15 10 11 15 12 12  8  7  9  9 11  7  7 13 17 15 14 10  0 14 14 15 14 16  8  6 12 12 11 10 12 11 11 11 11 10 12 12 12 15  7  5  5  7  7  7  5 11 11 14  4  8  6 14 11 11 11 11 11  7 10 11 11  8 11 
 0  0 11 11 11 11  0  0 11 11 11  0 11 11 11 11  0  0 11 11 11  0  0  0  0  0  0  0  0  0  0 12 12  0  0  0  0  0  0  0  0 12 12  0  0  0  0 11  0  0 11 11  0  0  0  0  0  0  0  0  0 11  0  0  0  0  0 17 15 10 11 15 12 12  8  7  9  9 11  7  7 13 17 15 14 10  0 14 14 15 14 16  8  6 12 12 11 10 12 11 11 11 11 10 12 12 12 15  7  5  5  7  7  7  5 11 11 14  4  8  6 14 11 11 11 11 11  7 10 11 11  8 11 
 0  0 11 11 11 11  0  0 11 11 11  0 11 11 11 11  0  0 11 11 11  0  0  0  0  0  0  0  0  0  0 12 12  0  0  0  0  0  0  0  0 12 12  0  0  0  0 11  0  0 11 11  0  0  0  0  0  0  0  0  0 11  0  0  0  0  0 17 15 10 11 15 12 12  8  7  9  9 11  7  7 13 17 15 14 10  0 14 14 15 14 16  8  6 12 12 11 10 12 11 11 11 11 10 12 12 12 15  7  5  5  7  7  7  5 11 11 14  4  8  6 14 11 11 11 11 11  7 10 11 11  8 11 
 0  0 11 11 11 11  0  0 11 11 11  0 11 11 11 11  0  0 11 11 11  0  0  0  0  0  0  0  0  0  0 12 12  0  0  0  0  0  0  0  0 12 12  0  0  0  0 11  0  0 11 11  0  0  0  0  0  0  0  0  0 11  0  0  0  0  0 17 15 10 11 15 12 12  8  7  9  9 11  7  7 13 17 15 14 10  0 14 14 15 14 16  8  6 12 12 11 10 12 11 11 11 11 10 12 12 12 15  7  5  5  7  7  7  5 11 11 14  4  8  6 14 11 11 11 11 11  7 10 11 11  8 11 
 0  0 11 11 11 11  0  0 11 11 11  0 11 11 11 11  0  0 11 11 11  0  0  0  0  0  0  0  0  0  0 12 12  0  0  0  0  0  0  0  0 12 12  0  0  0  0 11  0  0 11 11  0  0  0  0  0  0  0  0  0 11  0  0  0  0  0 17 15 10 11 15 12 12  8  7  9  9 11  7  7 13 17 15 14 10  0 14 14 15 14 16  8  6 12 12 11 10 12 11 11 11 11 10 12 12 12 15  7  5  5  7  7  7  5 11 11 14  4  8  6 14 11 11 11 11 11  7 10 11 11  8 11 
 0  0 11 11 11 11  0  0 11 11 11  0 11 11 11 11  0  0 11 11 11  0  0  0  0  0  0  0  0  0  0 12 12  0  0  0  0  0  0  0  0 12 12  0  0  0  0 11  0  0 11 11  0  0  0  0  0  0  0  0  0 11  0  0  0  0  0 17 15 10 11 15 12 12  8  7  9  9 11  7  7 13 17 15 14 10  0 14 14 15 14 16  8  6 12 12 11 10 12 11 11 11 11 10 12 12 12 15  7  5  5  7  7  7  5 11 11 14  4  8  6 14 11 11 11 11 11  7 10 11 11  8 11 
 0  0 11 11 11 11  0  0 11 11 11  0 11 11 11 11  0  0 11 11 11  0  0  0  0  0  0  0  0  0  0 12 12  0  0  0  0  0  0  0  0 12 12  0  0  0  0 11  0  0 11 11  0  0  0  0  0  0  0  0  0 11  0  0  0  0  0 17 15 10 11 15 12 12  8  7  9  9 11  7  7 13 17 15 14 10  0 14 14 15 14 16  8  6 12 12 11 10 12 11 11 11 11 10 12 12 12 15  7  5  5  7  7  7  5 11 11 14  4  8  6 14 11 11 11 11 11  7 10 11 11  8 11 
12 12  8  8  8  8 12 12  8  8  8 12  8  8  8  8 12 12  8  8  8 12 12 12 12 12 12 12 12 12 12  0  0 12 12 12 12 12 12 12 12  0  0 12 12 12 12  8 12 12  8  8 12 12 12 12 12 12 12 12 12  8 12 12 12 12 12 10  7  5  4  9  0  0  6  7  7  4  6  9 11  6 10  7  6  4 12  6  6  7  6 17 13 16  0  0  6  6 13  8  8  8  8  4  0  0  0  9  7  9  9  9  9  9 10  5  6  6 12 13  8  6  8  8  8  8  8 15  6  8  8  8  8 
12 12  8  8  8  8 12 12  8  8  8 12  8  8  8  8 12 12  8  8  8 12 12 12 12 12 12 12 12 12 12  0  0 12 12 12 12 12 12 12 12  0  0 12 12 12 12  8 12 12  8  8 12 12 12 12 12 12 12 12 12  8 12 12 12 12 12 10  7  5  4  9  0  0  6  7  7  4  6  9 11  6 10  7  6  4 12  6  6  7  6 17 13 16  0  0  6  6 13  8  8  8  8  4  0  0  0  9  7  9  9  9  9  9 10  5  6  6 12 13  8  6  8  8  8  8  8 15  6  8  8  8  8 
 0  0 11 11 11 11  0  0 11 11 11  0 11 11 11 11  0  0 11 11 11  0  0  0  0  0  0  0  0  0  0 12 12  0  0  0  0  0  0  0  0 12 12  0  0  0  0 11  0  0 11 11  0  0  0  0  0  0  0  0  0 11  0  0  0  0  0 17 15 10 11 15 12 12  8  7  9  9 11  7  7 13 17 15 14 10  0 14 14 15 14 16  8  6 12 12 11 10 12 11 11 11 11 10 12 12 12 15  7  5  5  7  7  7  5 11 11 14  4  8  6 14 11 11 11 11 11  7 10 11 11  8 11 
 0  0 11 11 11 11  0  0 11 11 11  0 11 11 11 11  0  0 11 11 11  0  0  0  0  0  0  0  0  0  0 12 12  0  0  0  0  0  0  0  0 12 12  0  0  0  0 11  0  0 11 11  0  0  0  0  0  0  0  0  0 11  0  0  0  0  0 17 15 10 11 15 12 12  8  7  9  9 11  7  7 13 17 15 14 10  0 14 14 15 14 16  8  6 12 12 11 10 12 11 11 11 11 10 12 12 12 15  7  5  5  7  7  7  5 11 11 14  4  8  6 14 11 11 11 11 11  7 10 11 11  8 11 
 0  0 11 11 11 11  0  0 11 11 11  0 11 11 11 11  0  0 11 11 11  0  0  0  0  0  0  0  0  0  0 12 12  0  0  0  0  0  0  0  0 12 12  0  0  0  0 11  0  0 11 11  0  0  0  0  0  0  0  0  0 11  0  0  0  0  0 17 15 10 11 15 12 12  8  7  9  9 11  7  7 13 17 15 14 10  0 14 14 15 14 16  8  6 12 12 11 10 12 11 11 11 11 10 12 12 12 15  7  5  5  7  7  7  5 11 11 14  4  8  6 14 11 11 11 11 11  7 10 11 11  8 11 
 0  0 11 11 11 11  0  0 11 11 11  0 11 11 11 11  0  0 11 11 11  0  0  0  0  0  0  0  0  0  0 12 12  0  0  0  0  0  0  0  0 12 12  0  0  0  0 11  0  0 11 11  0  0  0  0  0  0  0  0  0 11  0  0  0  0  0 17 15 10 11 15 12 12  8  7  9  9 11  7  7 13 17 15 14 10  0 14 14 15 14 16  8  6 12 12 11 10 12 11 11 11 11 10 12 12 12 15  7  5  5  7  7  7  5 11 11 14  4  8  6 14 11 11 11 11 11  7 10 11 11  8 11 
 0  0 11 11 11 11  0  0 11 11 11  0 11 11 11 11  0  0 11 11 11  0  0  0  0  0  0  0  0  0  0 12 12  0  0  0  0  0  0  0  0 12 12  0  0  0  0 11  0  0 11 11  0  0  0  0  0  0  0  0  0 11  0  0  0  0  0 17 15 10 11 15 12 12  8  7  9  9 11  7  7 13 17 15 14 10  0 14 14 15 14 16  8  6 12 12 11 10 12 11 11 11 11 10 12 12 12 15  7  5  5  7  7  7  5 11 11 14  4  8  6 14 11 11 11 11 11  7 10 11 11  8 11 
 0  0 11 11 11 11  0  0 11 11 11  0 11 11 11 11  0  0 11 11 11  0  0  0  0  0  0  0  0  0  0 12 12  0  0  0  0  0  0  0  0 12 12  0  0  0  0 11  0  0 11 11  0  0  0  0  0  0  0  0  0 11  0  0  0  0  0 17 15 10 11 15 12 12  8  7  9  9 11  7  7 13 17 15 14 10  0 14 14 15 14 16  8  6 12 12 11 10 12 11 11 11 11 10 12 12 12 15  7  5  5  7  7  7  5 11 11 14  4  8  6 14 11 11 11 11 11  7 10 11 11  8 11 
 0  0 11 11 11 11  0  0 11 11 11  0 11 11 11 11  0  0 11 11 11  0  0  0  0  0  0  0  0  0  0 12 12  0  0  0  0  0  0  0  0 12 12  0  0  0  0 11  0  0 11 11  0  0  0  0  0  0  0  0  0 11  0  0  0  0  0 17 15 10 11 15 12 12  8  7  9  9 11  7  7 13 17 15 14 10  0 14 14 15 14 16  8  6 12 12 11 10 12 11 11 11 11 10 12 12 12 15  7  5  5  7  7  7  5 11 11 14  4  8  6 14 11 11 11 11 11  7 10 11 11  8 11 
 0  0 11 11 11 11  0  0 11 11 11  0 11 11 11 11  0  0 11 11 11  0  0  0  0  0  0  0  0  0  0 12 12  0  0  0  0  0  0  0  0 12 12  0  0  0  0 11  0  0 11 11  0  0  0  0  0  0  0  0  0 11  0  0  0  0  0 17 15 10 11 15 12 12  8  7  9  9 11  7  7 13 17 15 14 10  0 14 14 15 14 16  8  6 12 12 11 10 12 11 11 11 11 10 12 12 12 15  7  5  5  7  7  7  5 11 11 14  4  8  6 14 11 11 11 11 11  7 10 11 11  8 11 
12 12  8  8  8  8 12 12  8  8  8 12  8  8  8  8 12 12  8  8  8 12 12 12 12 12 12 12 12 12 12  0  0 12 12 12 12 12 12 12 12  0  0 12 12 12 12  8 12 12  8  8 12 12 12 12 12 12 12 12 12  8 12 12 12 12 12 10  7  5  4  9  0  0  6  7  7  4  6  9 11  6 10  7  6  4 12  6  6  7  6 17 13 16  0  0  6  6 13  8  8  8  8  4  0  0  0  9  7  9  9  9  9  9 10  5  6  6 12 13  8  6  8  8  8  8  8 15  6  8  8  8  8 
12 12  8  8  8  8 12 12  8  8  8 12  8  8  8  8 12 12  8  8  8 12 12 12 12 12 12 12 12 12 12  0  0 12 12 12 12 12 12 12 12  0  0 12 12 12 12  8 12 12  8  8 12 12 12 12 12 12 12 12 12  8 12 12 12 12 12 10  7  5  4  9  0  0  6  7  7  4  6  9 11  6 10  7  6  4 12  6  6  7  6 17 13 16  0  0  6  6 13  8  8  8  8  4  0  0  0  9  7  9  9  9  9  9 10  5  6  6 12 13  8  6  8  8  8  8  8 15  6  8  8  8  8 
 0  0 11 11 11 11  0  0 11 11 11  0 11 11 11 11  0  0 11 11 11  0  0  0  0  0  0  0  0  0  0 12 12  0  0  0  0  0  0  0  0 12 12  0  0  0  0 11  0  0 11 11  0  0  0  0  0  0  0  0  0 11  0  0  0  0  0 17 15 10 11 15 12 12  8  7  9  9 11  7  7 13 17 15 14 10  0 14 14 15 14 16  8  6 12 12 11 10 12 11 11 11 11 10 12 12 12 15  7  5  5  7  7  7  5 11 11 14  4  8  6 14 11 11 11 11 11  7 10 11 11  8 11 
 0  0 11 11 11 11  0  0 11 11 11  0 11 11 11 11  0  0 11 11 11  0  0  0  0  0  0  0  0  0  0 12 12  0  0  0  0  0  0  0  0 12 12  0  0  0  0 11  0  0 11 11  0  0  0  0  0  0  0  0  0 11  0  0  0  0  0 17 15 10 11 15 12 12  8  7  9  9 11  7  7 13 17 15 14 10  0 14 14 15 14 16  8  6 12 12 11 10 12 11 11 11 11 10 12 12 12 15  7  5  5  7  7  7  5 11 11 14  4  8  6 14 11 11 11 11 11  7 10 11 11  8 11 
 0  0 11 11 11 11  0  0 11 11 11  0 11 11 11 11  0  0 11 11 11  0  0  0  0  0  0  0  0  0  0 12 12  0  0  0  0  0  0  0  0 12 12  0  0  0  0 11  0  0 11 11  0  0  0  0  0  0  0  0  0 11  0  0  0  0  0 17 15 10 11 15 12 12  8  7  9  9 11  7  7 13 17 15 14 10  0 14 14 15 14 16  8  6 12 12 11 10 12 11 11 11 11 10 12 12 12 15  7  5  5  7  7  7  5 11 11 14  4  8  6 14 11 11 11 11 11  7 10 11 11  8 11 
 0  0 11 11 11 11  0  0 11 11 11  0 11 11 11 11  0  0 11 11 11  0  0  0  0  0  0  0  0  0  0 12 12  0  0  0  0  0  0  0  0 12 12  0  0  0  0 11  0  0 11 11  0  0  0  0  0  0  0  0  0 11  0  0  0  0  0 17 15 10 11 15 12 12  8  7  9  9 11  7  7 13 17 15 14 10  0 14 14 15 14 16  8  6 12 12 11 10 12 11 11 11 11 10 12 12 12 15  7  5  5  7  7  7  5 11 11 14  4  8  6 14 11 11 11 11 11  7 10 11 11  8 11 
11 11  0  0  0  0 11 11  0  0  0 11  0  0  0  0 11 11  0  0  0 11 11 11 11 11 11 11 11 11 11  8  8 11 11 11 11 11 11 11 11  8  8 11 11 11 11  0 11 11  0  0 11 11 11 11 11 11 11 11 11  0 11 11 11 11 11 16  9  5  7 11  8  8  7  9  7  5  6  8 11  8 16  8  9  6 11 10  9  8  9 16 11 14  8  8  6  7 11  0  0  0  0  6  8  8  8 10  8  6  6  9  9  9  7  6  5 11 11 11 10  9  0  0  0  0  0 14  5  0  0  9  9 
 0  0 11 11 11 11  0  0 11 11 11  0 11 11 11 11  0  0 11 11 11  0  0  0  0  0  0  0  0  0  0 12 12  0  0  0  0  0  0  0  0 12 12  0  0  0  0 11  0  0 11 11  0  0  0  0  0  0  0  0  0 11  0  0  0  0  0 17 15 10 11 15 12 12  8  7  9  9 11  7  7 13 17 15 14 10  0 14 14 15 14 16  8  6 12 12 11 10 12 11 11 11 11 10 12 12 12 15  7  5  5  7  7  7  5 11 11 14  4  8  6 14 11 11 11 11 11  7 10 11 11  8 11 
 0  0 11 11 11 11  0  0 11 11 11  0 11 11 11 11  0  0 11 11 11  0  0  0  0  0  0  0  0  0  0 12 12  0  0  0  0  0  0  0  0 12 12  0  0  0  0 11  0  0 11 11  0  0  0  0  0  0  0  0  0 11  0  0  0  0  0 17 15 10 11 15 12 12  8  7  9  9 11  7  7 13 17 15 14 10  0 14 14 15 14 16  8  6 12 12 11 10 12 11 11 11 11 10 12 12 12 15  7  5  5  7  7  7  5 11 11 14  4  8  6 14 11 11 11 11 11  7 10 11 11  8 11 
11 11  0  0  0  0 11 11  0  0  0 11  0  0  0  0 11 11  0  0  0 11 11 11 11 11 11 11 11 11 11  8  8 11 11 11 11 11 11 11 11  8  8 11 11 11 11  0 11 11  0  0 11 11 11 11 11 11 11 11 11  0 11 11 11 11 11 16  9  5  7 11  8  8  7  9  7  5  6  8 11  8 16  8  9  6 11 10  9  8  9 16 11 14  8  8  6  7 11  0  0  0  0  6  8  8  8 10  8  6  6  9  9  9  7  6  5 11 11 11 10  9  0  0  0  0  0 14  5  0  0  9  9 
11 11  0  0  0  0 11 11  0  0  0 11  0  0  0  0 11 11  0  0  0 11 11 11 11 11 11 11 11 11 11  8  8 11 11 11 11 11 11 11 11  8  8 11 11 11 11  0 11 11  0  0 11 11 11 11 11 11 11 11 11  0 11 11 11 11 11 16  9  5  7 11  8  8  7  9  7  5  6  8 11  8 16  8  9  6 11 10  9  8  9 16 11 14  8  8  6  7 11  0  0  0  0  6  8  8  8 10  8  6  6  9  9  9  7  6  5 11 11 11 10  9  0  0  0  0  0 14  5  0  0  9  9 
 0  0 11 11 11 11  0  0 11 11 11  0 11 11 11 11  0  0 11 11 11  0  0  0  0  0  0  0  0  0  0 12 12  0  0  0  0  0  0  0  0 12 12  0  0  0  0 11  0  0 11 11  0  0  0  0  0  0  0  0  0 11  0  0  0  0  0 17 15 10 11 15 12 12  8  7  9  9 11  7  7 13 17 15 14 10  0 14 14 15 14 16  8  6 12 12 11 10 12 11 11 11 11 10 12 12 12 15  7  5  5  7  7  7  5 11 11 14  4  8  6 14 11 11 11 11 11  7 10 11 11  8 11 
 0  0 11 11 11 11  0  0 11 11 11  0 11 11 11 11  0  0 11 11 11  0  0  0  0  0  0  0  0  0  0 12 12  0  0  0  0  0  0  0  0 12 12  0  0  0  0 11  0  0 11 11  0  0  0  0  0  0  0  0  0 11  0  0  0  0  0 17 15 10 11 15 12 12  8  7  9  9 11  7  7 13 17 15 14 10  0 14 14 15 14 16  8  6 12 12 11 10 12 11 11 11 11 10 12 12 12 15  7  5  5  7  7  7  5 11 11 14  4  8  6 14 11 11 11 11 11  7 10 11 11  8 11 
 0  0 11 11 11 11  0  0 11 11 11  0 11 11 11 11  0  0 11 11 11  0  0  0  0  0  0  0  0  0  0 12 12  0  0  0  0  0  0  0  0 12 12  0  0  0  0 11  0  0 11 11  0  0  0  0  0  0  0  0  0 11  0  0  0  0  0 17 15 10 11 15 12 12  8  7  9  9 11  7  7 13 17 15 14 10  0 14 14 15 14 16  8  6 12 12 11 10 12 11 11 11 11 10 12 12 12 15  7  5  5  7  7  7  5 11 11 14  4  8  6 14 11 11 11 11 11  7 10 11 11  8 11 
 0  0 11 11 11 11  0  0 11 11 11  0 11 11 11 11  0  0 11 11 11  0  0  0  0  0  0  0  0  0  0 12 12  0  0  0  0  0  0  0  0 12 12  0  0  0  0 11  0  0 11 11  0  0  0  0  0  0  0  0  0 11  0  0  0  0  0 17 15 10 11 15 12 12  8  7  9  9 11  7  7 13 17 15 14 10  0 14 14 15 14 16  8  6 12 12 11 10 12 11 11 11 11 10 12 12 12 15  7  5  5  7  7  7  5 11 11 14  4  8  6 14 11 11 11 11 11  7 10 11 11  8 11 
 0  0 11 11 11 11  0  0 11 11 11  0 11 11 11 11  0  0 11 11 11  0  0  0  0  0  0  0  0  0  0 12 12  0  0  0  0  0  0  0  0 12 12  0  0  0  0 11  0  0 11 11  0  0  0  0  0  0  0  0  0 11  0  0  0  0  0 17 15 10 11 15 12 12  8  7  9  9 11  7  7 13 17 15 14 10  0 14 14 15 14 16  8  6 12 12 11 10 12 11 11 11 11 10 12 12 12 15  7  5  5  7  7  7  5 11 11 14  4  8  6 14 11 11 11 11 11  7 10 11 11  8 11 
 0  0 11 11 11 11  0  0 11 11 11  0 11 11 11 11  0  0 11 11 11  0  0  0  0  0  0  0  0  0  0 12 12  0  0  0  0  0  0  0  0 12 12  0  0  0  0 11  0  0 11 11  0  0  0  0  0  0  0  0  0 11  0  0  0  0  0 17 15 10 11 15 12 12  8  7  9  9 11  7  7 13 17 15 14 10  0 14 14 15 14 16  8  6 12 12 11 10 12 11 11 11 11 10 12 12 12 15  7  5  5  7  7  7  5 11 11 14  4  8  6 14 11 11 11 11 11  7 10 11 11  8 11 
 0  0 11 11 11 11  0  0 11 11 11  0 11 11 11 11  0  0 11 11 11  0  0  0  0  0  0  0  0  0  0 12 12  0  0  0  0  0  0  0  0 12 12  0  0  0  0 11  0  0 11 11  0  0  0  0  0  0  0  0  0 11  0  0  0  0  0 17 15 10 11 15 12 12  8  7  9  9 11  7  7 13 17 15 14 10  0 14 14 15 14 16  8  6 12 12 11 10 12 11 11 11 11 10 12 12 12 15  7  5  5  7  7  7  5 11 11 14  4  8  6 14 11 11 11 11 11  7 10 11 11  8 11 
 0  0 11 11 11 11  0  0 11 11 11  0 11 11 11 11  0  0 11 11 11  0  0  0  0  0  0  0  0  0  0 12 12  0  0  0  0  0  0  0  0 12 12  0  0  0  0 11  0  0 11 11  0  0  0  0  0  0  0  0  0 11  0  0  0  0  0 17 15 10 11 15 12 12  8  7  9  9 11  7  7 13 17 15 14 10  0 14 14 15 14 16  8  6 12 12 11 10 12 11 11 11 11 10 12 12 12 15  7  5  5  7  7  7  5 11 11 14  4  8  6 14 11 11 11 11 11  7 10 11 11  8 11 
 0  0 11 11 11 11  0  0 11 11 11  0 11 11 11 11  0  0 11 11 11  0  0  0  0  0  0  0  0  0  0 12 12  0  0  0  0  0  0  0  0 12 12  0  0  0  0 11  0  0 11 11  0  0  0  0  0  0  0  0  0 11  0  0  0  0  0 17 15 10 11 15 12 12  8  7  9  9 11  7  7 13 17 15 14 10  0 14 14 15 14 16  8  6 12 12 11 10 12 11 11 11 11 10 12 12 12 15  7  5  5  7  7  7  5 11 11 14  4  8  6 14 11 11 11 11 11  7 10 11 11  8 11 
11 11  0  0  0  0 11 11  0  0  0 11  0  0  0  0 11 11  0  0  0 11 11 11 11 11 11 11 11 11 11  8  8 11 11 11 11 11 11 11 11  8  8 11 11 11 11  0 11 11  0  0 11 11 11 11 11 11 11 11 11  0 11 11 11 11 11 16  9  5  7 11  8  8  7  9  7  5  6  8 11  8 16  8  9  6 11 10  9  8  9 16 11 14  8  8  6  7 11  0  0  0  0  6  8  8  8 10  8  6  6  9  9  9  7  6  5 11 11 11 10  9  0  0  0  0  0 14  5  0  0  9  9 
 0  0 11 11 11 11  0  0 11 11 11  0 11 11 11 11  0  0 11 11 11  0  0  0  0  0  0  0  0  0  0 12 12  0  0  0  0  0  0  0  0 12 12  0  0  0  0 11  0  0 11 11  0  0  0  0  0  0  0  0  0 11  0  0  0  0  0 17 15 10 11 15 12 12  8  7  9  9 11  7  7 13 17 15 14 10  0 14 14 15 14 16  8  6 12 12 11 10 12 11 11 11 11 10 12 12 12 15  7  5  5  7  7  7  5 11 11 14  4  8  6 14 11 11 11 11 11  7 10 11 11  8 11 
 0  0 11 11 11 11  0  0 11 11 11  0 11 11 11 11  0  0 11 11 11  0  0  0  0  0  0  0  0  0  0 12 12  0  0  0  0  0  0  0  0 12 12  0  0  0  0 11  0  0 11 11  0  0  0  0  0  0  0  0  0 11  0  0  0  0  0 17 15 10 11 15 12 12  8  7  9  9 11  7  7 13 17 15 14 10  0 14 14 15 14 16  8  6 12 12 11 10 12 11 11 11 11 10 12 12 12 15  7  5  5  7  7  7  5 11 11 14  4  8  6 14 11 11 11 11 11  7 10 11 11  8 11 
 0  0 11 11 11 11  0  0 11 11 11  0 11 11 11 11  0  0 11 11 11  0  0  0  0  0  0  0  0  0  0 12 12  0  0  0  0  0  0  0  0 12 12  0  0  0  0 11  0  0 11 11  0  0  0  0  0  0  0  0  0 11  0  0  0  0  0 17 15 10 11 15 12 12  8  7  9  9 11  7  7 13 17 15 14 10  0 14 14 15 14 16  8  6 12 12 11 10 12 11 11 11 11 10 12 12 12 15  7  5  5  7  7  7  5 11 11 14  4  8  6 14 11 11 11 11 11  7 10 11 11  8 11 
 0  0 11 11 11 11  0  0 11 11 11  0 11 11 11 11  0  0 11 11 11  0  0  0  0  0  0  0  0  0  0 12 12  0  0  0  0  0  0  0  0 12 12  0  0  0  0 11  0  0 11 11  0  0  0  0  0  0  0  0  0 11  0  0  0  0  0 17 15 10 11 15 12 12  8  7  9  9 11  7  7 13 17 15 14 10  0 14 14 15 14 16  8  6 12 12 11 10 12 11 11 11 11 10 12 12 12 15  7  5  5  7  7  7  5 11 11 14  4  8  6 14 11 11 11 11 11  7 10 11 11  8 11 
 0  0 11 11 11 11  0  0 11 11 11  0 11 11 11 11  0  0 11 11 11  0  0  0  0  0  0  0  0  0  0 12 12  0  0  0  0  0  0  0  0 12 12  0  0  0  0 11  0  0 11 11  0  0  0  0  0  0  0  0  0 11  0  0  0  0  0 17 15 10 11 15 12 12  8  7  9  9 11  7  7 13 17 15 14 10  0 14 14 15 14 16  8  6 12 12 11 10 12 11 11 11 11 10 12 12 12 15  7  5  5  7  7  7  5 11 11 14  4  8  6 14 11 11 11 11 11  7 10 11 11  8 11 
17 17 16 16 16 16 17 17 16 16 16 17 16 16 16 16 17 17 16 16 16 17 17 17 17 17 17 17 17 17 17 10 10 17 17 17 17 17 17 17 17 10 10 17 17 17 17 16 17 17 16 16 17 17 17 17 17 17 17 17 17 16 17 17 17 17 17  0  8 11 11 10 10 10 12 10 13 13 12 16 16 13  0  8  7 12 17  9  7  8  7  9 18 18 10 10 12 11 19 16 16 16 16 12 10 10 10 10 11 15 15 14 14 14 16 10 11 16 16 17 12  7 16 16 16 16 16 19 13 16 16 12 11 
15 15  9  9  9  9 15 15  9  9  9 15  9  9  9  9 15 15  9  9  9 15 15 15 15 15 15 15 15 15 15  7  7 15 15 15 15 15 15 15 15  7  7 15 15 15 15  9 15 15  9  9 15 15 15 15 15 15 15 15 15  9 15 15 15 15 15  8  0  6  5  4  7  7 10  9 11  7  6 12 14 10  8  1  1  6 15  4  1  2  1 15 15 15  7  7  6  6 13  9  9  9  9  9  7  7  7  4 10 12 12 11 11 11 11  7  7 10 13 14 10  1  9  9  9  9  9 16  9  9  9  9  8 
10 10  5  5  5  5 10 10  5  5  5 10  5  5  5  5 10 10  5  5  5 10 10 10 10 10 10 10 10 10 10  5  5 10 10 10 10 10 10 10 10  5  5 10 10 10 10  5 10 10  5  5 10 10 10 10 10 10 10 10 10  5 10 10 10 10 10 11  6  0  5  8  5  5  5  5  6  3  4  7 10  7 11  7  7  4 10  8  7  7  7 12 11 11  5  5  4  5 11  5  5  5  5  4  5  5  5  9  6  6  6  7  7  7  5  4  3  9  9 10  7  7  5  5  5  5  5 12  4  5  5  6  4 
11 11  7  7  7  7 11 11  7  7  7 11  7  7  7  7 11 11  7  7  7 11 11 11 11 11 11 11 11 11 11  4  4 11 11 11 11 11 11 11 11  4  4 11 11 11 11  7 11 11  7  7 11 11 11 11 11 11 11 11 11  7 11 11 11 11 11 11  5  5  0  7  4  4  8  8  9  3  5 10 13 10 11  5  4  1 11  6  4  5  4 15 14 14  4  4  5  4 13  7  7  7  7  6  4  4  4  7  8 10 10 10 10 10 10  6  6 10 12 12  9  4  7  7  7  7  7 15  8  7  7  8  7 
15 15 11 11 11 11 15 15 11 11 11 15 11 11 11 11 15 15 11 11 11 15 15 15 15 15 15 15 15 15 15  9  9 15 15 15 15 15 15 15 15  9  9 15 15 15 15 11 15 15 11 11 15 15 15 15 15 15 15 15 15 11 15 15 15 15 15 10  4  8  7  0  9  9 10 10 11 10  7 14 16 11 10  4  3  8 15  7  3  3  3 15 16 17  9  9  7  6 13 11 11 11 11 10  9  9  9  5 11 12 12 13 13 13 13  8  9 12 15 15 12  3 11 11 11 11 11 18 11 11 11 11 10 
12 12  8  8  8  8 12 12  8  8  8 12  8  8  8  8 12 12  8  8  8 12 12 12 12 12 12 12 12 12 12  0  0 12 12 12 12 12 12 12 12  0  0 12 12 12 12  8 12 12  8  8 12 12 12 12 12 12 12 12 12  8 12 12 12 12 12 10  7  5  4  9  0  0  6  7  7  4  6  9 11  6 10  7  6  4 12  6  6  7  6 17 13 16  0  0  6  6 13  8  8  8  8  4  0  0  0  9  7  9  9  9  9  9 10  5  6  6 12 13  8  6  8  8  8  8  8 15  6  8  8  8  8 
12 12  8  8  8  8 12 12  8  8  8 12  8  8  8  8 12 12  8  8  8 12 12 12 12 12 12 12 12 12 12  0  0 12 12 12 12 12 12 12 12  0  0 12 12 12 12  8 12 12  8  8 12 12 12 12 12 12 12 12 12  8 12 12 12 12 12 10  7  5  4  9  0  0  6  7  7  4  6  9 11  6 10  7  6  4 12  6  6  7  6 17 13 16  0  0  6  6 13  8  8  8  8  4  0  0  0  9  7  9  9  9  9  9 10  5  6  6 12 13  8  6  8  8  8  8  8 15  6  8  8  8  8 
 8  8  7  7  7  7  8  8  7  7  7  8  7  7  7  7  8  8  7  7  7  8  8  8  8  8  8  8  8  8  8  6  6  8  8  8  8  8  8  8  8  6  6  8  8  8  8  7  8  8  7  7  8  8  8  8  8  8  8  8  8  7  8  8  8  8  8 12 10  5  8 10  6  6  0  2  4  6  5  8  8 10 12  9  9  7  8  9  9 10  9 13 10 11  6  6  5  6 14  7  7  7  7  6  6  6  6 11  1  7  7  6  6  6  9  5  6 10  8  9  3  9  7  7  7  7  7 11  8  7  7  2  6 
 7  7  9  9  9  9  7  7  9  9  9  7  9  9  9  9  7  7  9  9  9  7  7  7  7  7  7  7  7  7  7  7  7  7  7  7  7  7  7  7  7  7  7  7  7  7  7  9  7  7  9  9  7  7  7  7  7  7  7  7  7  9  7  7  7  7  7 10  9  5  8 10  7  7  2  0  3  6  7  6  6 11 10  9  8  7  7 10  8  9  8 11  8 11  7  7  7  6 15  9  9  9  9  7  7  7  7 11  1  7  7  6  6  6  7  6  8 11  7  7  2  8  9  9  9  9  9  9  8  9  9  2  6 
 9  9  7  7  7  7  9  9  7  7  7  9  7  7  7  7  9  9  7  7  7  9  9  9  9  9  9  9  9  9  9  7  7  9  9  9  9  9  9  9  9  7  7  9  9  9  9  7  9  9  7  7  9  9  9  9  9  9  9  9  9  7  9  9  9  9  9 13 11  6  9 11  7  7  4  3  0  9  6  9  9 10 13 11 10 10  9 10 10 11 10 14 11 11  7  7  6  5 15  7  7  7  7  7  7  7  7 13  4 10 10  8  8  8  9  6  9 11  8 10  3 10  7  7  7  7  7 12  9  7  7  4  7 
 9  9  5  5  5  5  9  9  5  5  5  9  5  5  5  5  9  9  5  5  5  9  9  9  9  9  9  9  9  9  9  4  4  9  9  9  9  9  9  9  9  4  4  9  9  9  9  5  9  9  5  5  9  9  9  9  9  9  9  9  9  5  9  9  9  9  9 13  7  3  3 10  4  4  6  6  9  0  6  9 11  8 13  8  7  2  9  5  7  8  7 15 12 12  4  4  6  5 12  5  5  5  5  4  4  4  4 10  6  7  7  8  8  8  8  3  4  8 10 10  6  7  5  5  5  5  5 13  6  5  5  6  4 
11 11  6  6  6  6 11 11  6  6  6 11  6  6  6  6 11 11  6  6  6 11 11 11 11 11 11 11 11 11 11  6  6 11 11 11 11 11 11 11 11  6  6 11 11 11 11  6 11 11  6  6 11 11 11 11 11 11 11 11 11  6 11 11 11 11 11 12  6  4  5  7  6  6  5  7  6  6  0  9 12  9 12  7  6  4 11  7  6  7  6 13 13 13  6  6  0  1 12  6  6  6  6  5  6  6  6  8  6  7  7  9  9  9  8  4  4 10 11 12  8  6  6  6  6  6  6 14  6  6  6  7  6 
 7  7  8  8  8  8  7  7  8  8  8  7  8  8  8  8  7  7  8  8  8  7  7  7  7  7  7  7  7  7  7  9  9  7  7  7  7  7  7  7  7  9  9  7  7  7  7  8  7  7  8  8  7  7  7  7  7  7  7  7  7  8  7  7  7  7  7 16 12  7 10 14  9  9  8  6  9  9  9  0  4  8 16 12 11 10  7 11 11 12 11 17  8 11  9  9  9 10 13  8  8  8  8  6  9  9  9 13  7  8  8  7  7  7 11  6  5  9  7  6  8 11  8  8  8  8  8 11  3  8  8  7  8 
 7  7 11 11 11 11  7  7 11 11 11  7 11 11 11 11  7  7 11 11 11  7  7  7  7  7  7  7  7  7  7 11 11  7  7  7  7  7  7  7  7 11 11  7  7  7  7 11  7  7 11 11  7  7  7  7  7  7  7  7  7 11  7  7  7  7  7 16 14 10 13 16 11 11  8  6  9 11 12  4  0 11 16 14 13 12  7 15 13 14 13 17  9 10 11 11 12 12 16 11 11 11 11 10 11 11 11 16  7  8  8  5  5  5  7  9  9 12  7  2  6 13 11 11 11 11 11 11  7 11 11  8 10 
13 13  8  8  8  8 13 13  8  8  8 13  8  8  8  8 13 13  8  8  8 13 13 13 13 13 13 13 13 13 13  6  6 13 13 13 13 13 13 13 13  6  6 13 13 13 13  8 13 13  8  8 13 13 13 13 13 13 13 13 13  8 13 13 13 13 13 13 10  7 10 11  6  6 10 11 10  8  9  8 11  0 13 10  9  9 13  8  9 10  9 19 14 16  6  6  9 10 10  8  8  8  8  7  6  6  6 10 11  9  9  7  7  7 11  6  5  3 13 10 10  9  8  8  8  8  8 14  5  8  8 12 11 
17 17 16 16 16 16 17 17 16 16 16 17 16 16 16 16 17 17 16 16 16 17 17 17 17 17 17 17 17 17 17 10 10 17 17 17 17 17 17 17 17 10 10 17 17 17 17 16 17 17 16 16 17 17 17 17 17 17 17 17 17 16 17 17 17 17 17  0  8 11 11 10 10 10 12 10 13 13 12 16 16 13  0  8  7 12 17  9  7  8  7  9 18 18 10 10 12 11 19 16 16 16 16 12 10 10 10 10 11 15 15 14 14 14 16 10 11 16 16 17 12  7 16 16 16 16 16 19 13 16 16 12 11 
15 15  8  8  8  8 15 15  8  8  8 15  8  8  8  8 15 15  8  8  8 15 15 15 15 15 15 15 15 15 15  7  7 15 15 15 15 15 15 15 15  7  7 15 15 15 15  8 15 15  8  8 15 15 15 15 15 15 15 15 15  8 15 15 15 15 15  8  1  7  5  4  7  7  9  9 11  8  7 12 14 10  8  0  1  6 15  5  1  2  1 15 15 15  7  7  7  6 12  8  8  8  8  9  7  7  7  4 10 12 12 11 11 11 11  7  7 10 13 14 10  1  8  8  8  8  8 16  9  8  8  9  8 
14 14  9  9  9  9 14 14  9  9  9 14  9  9  9  9 14 14  9  9  9 14 14 14 14 14 14 14 14 14 14  6  6 14 14 14 14 14 14 14 14  6  6 14 14 14 14  9 14 14  9  9 14 14 14 14 14 14 14 14 14  9 14 14 14 14 14  7  1  7  4  3  6  6  9  8 10  7  6 11 13  9  7  1  0  5 14  4  0  1  0 14 14 16  6  6  6  5 13  9  9  9  9  8  6  6  6  3  9 11 11 11 11 11 10  6  6  9 12 13  9  0  9  9  9  9  9 15  8  9  9  8  7 
10 10  6  6  6  6 10 10  6  6  6 10  6  6  6  6 10 10  6  6  6 10 10 10 10 10 10 10 10 10 10  4  4 10 10 10 10 10 10 10 10  4  4 10 10 10 10  6 10 10  6  6 10 10 10 10 10 10 10 10 10  6 10 10 10 10 10 12  6  4  1  8  4  4  7  7 10  2  4 10 12  9 12  6  5  0 10  5  5  6  5 14 13 13  4  4  4  5 12  6  6  6  6  5  4  4  4  8  7  9  9  9  9  9  9  5  5  9 11 11  8  5  6  6  6  6  6 14  7  6  6  7  6 
 0  0 11 11 11 11  0  0 11 11 11  0 11 11 11 11  0  0 11 11 11  0  0  0  0  0  0  0  0  0  0 12 12  0  0  0  0  0  0  0  0 12 12  0  0  0  0 11  0  0 11 11  0  0  0  0  0  0  0  0  0 11  0  0  0  0  0 17 15 10 11 15 12 12  8  7  9  9 11  7  7 13 17 15 14 10  0 14 14 15 14 16  8  6 12 12 11 10 12 11 11 11 11 10 12 12 12 15  7  5  5  7  7  7  5 11 11 14  4  8  6 14 11 11 11 11 11  7 10 11 11  8 11 
14 14 10 10 10 10 14 14 10 10 10 14 10 10 10 10 14 14 10 10 10 14 14 14 14 14 14 14 14 14 14  6  6 14 14 14 14 14 14 14 14  6  6 14 14 14 14 10 14 14 10 10 14 14 14 14 14 14 14 14 14 10 14 14 14 14 14  9  4  8  6  7  6  6  9 10 10  5  7 11 15  8  9  5  4  5 14  0  4  5  4 16 16 17  6  6  7  6 13 10 10 10 10  7  6  6  6  6 10 11 11 11 11 11 12  8  8  8 15 15 11  4 10 10 10 10 10 17  8 10 10 10  9 
14 14  9  9  9  9 14 14  9  9  9 14  9  9  9  9 14 14  9  9  9 14 14 14 14 14 14 14 14 14 14  6  6 14 14 14 14 14 14 14 14  6  6 14 14 14 14  9 14 14  9  9 14 14 14 14 14 14 14 14 14  9 14 14 14 14 14  7  1  7  4  3  6  6  9  8 10  7  6 11 13  9  7  1  0  5 14  4  0  1  0 14 14 16  6  6  6  5 13  9  9  9  9  8  6  6  6  3  9 11 11 11 11 11 10  6  6  9 12 13  9  0  9  9  9  9  9 15  8  9  9  8  7 
15 15  8  8  8  8 15 15  8  8  8 15  8  8  8  8 15 15  8  8  8 15 15 15 15 15 15 15 15 15 15  7  7 15 15 15 15 15 15 15 15  7  7 15 15 15 15  8 15 15  8  8 15 15 15 15 15 15 15 15 15  8 15 15 15 15 15  8  2  7  5  3  7  7 10  9 11  8  7 12 14 10  8  2  1  6 15  5  1  0  1 15 15 15  7  7  7  6 12  8  8  8  8  9  7  7  7  3 10 11 11 11 11 11 11  7  7 10 13 14 10  1  8  8  8  8  8 16  9  8  8  9  8 
14 14  9  9  9  9 14 14  9  9  9 14  9  9  9  9 14 14  9  9  9 14 14 14 14 14 14 14 14 14 14  6  6 14 14 14 14 14 14 14 14  6  6 14 14 14 14  9 14 14  9  9 14 14 14 14 14 14 14 14 14  9 14 14 14 14 14  7  1  7  4  3  6  6  9  8 10  7  6 11 13  9  7  1  0  5 14  4  0  1  0 14 14 16  6  6  6  5 13  9  9  9  9  8  6  6  6  3  9 11 11 11 11 11 10  6  6  9 12 13  9  0  9  9  9  9  9 15  8  9  9  8  7 
16 16 16 16 16 16 16 16 16 16 16 16 16 16 16 16 16 16 16 16 16 16 16 16 16 16 16 16 16 16 16 17 17 16 16 16 16 16 16 16 16 17 17 16 16 16 16 16 16 16 16 16 16 16 16 16 16 16 16 16 16 16 16 16 16 16 16  9 15 12 15 15 17 17 13 11 14 15 13 17 17 19  9 15 14 14 16 16 14 15 14  0 17 20 17 17 13 13 22 16 16 16 16 14 17 17 17 17 12 16 16 16 16 16 17 15 15 20 16 18 13 14 16 16 16 16 16 20 16 16 16 13 14 
 8  8 11 11 11 11  8  8 11 11 11  8 11 11 11 11  8  8 11 11 11  8  8  8  8  8  8  8  8  8  8 13 13  8  8  8  8  8  8  8  8 13 13  8  8  8  8 11  8  8 11 11  8  8  8  8  8  8  8  8  8 11  8  8  8  8  8 18 15 11 14 16 13 13 10  8 11 12 13  8  9 14 18 15 14 13  8 16 14 15 14 17  0  6 13 13 13 14 15 11 11 11 11 12 13 13 13 17  9  8  8  8  8  8  9 13 10 15  7  9 10 14 11 11 11 11 11  4 11 11 11  9 10 
 6  6 14 14 14 14  6  6 14 14 14  6 14 14 14 14  6  6 14 14 14  6  6  6  6  6  6  6  6  6  6 16 16  6  6  6  6  6  6  6  6 16 16  6  6  6  6 14  6  6 14 14  6  6  6  6  6  6  6  6  6 14  6  6  6  6  6 18 15 11 14 17 16 16 11 11 11 12 13 11 10 16 18 15 16 13  6 17 16 15 16 20  6  0 16 16 13 14 16 14 14 14 14 13 16 16 16 17 10 10 10 10 10 10  9 14 13 14  5 12 10 16 14 14 14 14 14  2 12 14 14 11 13 
12 12  8  8  8  8 12 12  8  8  8 12  8  8  8  8 12 12  8  8  8 12 12 12 12 12 12 12 12 12 12  0  0 12 12 12 12 12 12 12 12  0  0 12 12 12 12  8 12 12  8  8 12 12 12 12 12 12 12 12 12  8 12 12 12 12 12 10  7  5  4  9  0  0  6  7  7  4  6  9 11  6 10  7  6  4 12  6  6  7  6 17 13 16  0  0  6  6 13  8  8  8  8  4  0  0  0  9  7  9  9  9  9  9 10  5  6  6 12 13  8  6  8  8  8  8  8 15  6  8  8  8  8 
12 12  8  8  8  8 12 12  8  8  8 12  8  8  8  8 12 12  8  8  8 12 12 12 12 12 12 12 12 12 12  0  0 12 12 12 12 12 12 12 12  0  0 12 12 12 12  8 12 12  8  8 12 12 12 12 12 12 12 12 12  8 12 12 12 12 12 10  7  5  4  9  0  0  6  7  7  4  6  9 11  6 10  7  6  4 12  6  6  7  6 17 13 16  0  0  6  6 13  8  8  8  8  4  0  0  0  9  7  9  9  9  9  9 10  5  6  6 12 13  8  6  8  8  8  8  8 15  6  8  8  8  8 
11 11  6  6  6  6 11 11  6  6  6 11  6  6  6  6 11 11  6  6  6 11 11 11 11 11 11 11 11 11 11  6  6 11 11 11 11 11 11 11 11  6  6 11 11 11 11  6 11 11  6  6 11 11 11 11 11 11 11 11 11  6 11 11 11 11 11 12  6  4  5  7  6  6  5  7  6  6  0  9 12  9 12  7  6  4 11  7  6  7  6 13 13 13  6  6  0  1 12  6  6  6  6  5  6  6  6  8  6  7  7  9  9  9  8  4  4 10 11 12  8  6  6  6  6  6  6 14  6  6  6  7  6 
10 10  7  7  7  7 10 10  7  7  7 10  7  7  7  7 10 10  7  7  7 10 10 10 10 10 10 10 10 10 10  6  6 10 10 10 10 10 10 10 10  6  6 10 10 10 10  7 10 10  7  7 10 10 10 10 10 10 10 10 10  7 10 10 10 10 10 11  6  5  4  6  6  6  6  6  5  5  1 10 12 10 11  6  5  5 10  6  5  6  5 13 14 14  6  6  1  0 13  7  7  7  7  4  6  6  6  8  5  6  6 10 10 10  9  5  5 10 12 13  8  5  7  7  7  7  7 15  7  7  7  6  7 
12 12 11 11 11 11 12 12 11 11 11 12 11 11 11 11 12 12 11 11 11 12 12 12 12 12 12 12 12 12 12 13 13 12 12 12 12 12 12 12 12 13 13 12 12 12 12 11 12 12 11 11 12 12 12 12 12 12 12 12 12 11 12 12 12 12 12 19 13 11 13 13 13 13 14 15 15 12 12 13 16 10 19 12 13 12 12 13 13 12 13 22 15 16 13 13 12 13  0 11 11 11 11 10 13 13 13 14 15 12 12 13 13 13  9 12  8  7 12 17 13 13 11 11 11 11 11 14 10 11 11 16 15 
11 11  0  0  0  0 11 11  0  0  0 11  0  0  0  0 11 11  0  0  0 11 11 11 11 11 11 11 11 11 11  8  8 11 11 11 11 11 11 11 11  8  8 11 11 11 11  0 11 11  0  0 11 11 11 11 11 11 11 11 11  0 11 11 11 11 11 16  9  5  7 11  8  8  7  9  7  5  6  8 11  8 16  8  9  6 11 10  9  8  9 16 11 14  8  8  6  7 11  0  0  0  0  6  8  8  8 10  8  6  6  9  9  9  7  6  5 11 11 11 10  9  0  0  0  0  0 14  5  0  0  9  9 
11 11  0  0  0  0 11 11  0  0  0 11  0  0  0  0 11 11  0  0  0 11 11 11 11 11 11 11 11 11 11  8  8 11 11 11 11 11 11 11 11  8  8 11 11 11 11  0 11 11  0  0 11 11 11 11 11 11 11 11 11  0 11 11 11 11 11 16  9  5  7 11  8  8  7  9  7  5  6  8 11  8 16  8  9  6 11 10  9  8  9 16 11 14  8  8  6  7 11  0  0  0  0  6  8  8  8 10  8  6  6  9  9  9  7  6  5 11 11 11 10  9  0  0  0  0  0 14  5  0  0  9  9 
11 11  0  0  0  0 11 11  0  0  0 11  0  0  0  0 11 11  0  0  0 11 11 11 11 11 11 11 11 11 11  8  8 11 11 11 11 11 11 11 11  8  8 11 11 11 11  0 11 11  0  0 11 11 11 11 11 11 11 11 11  0 11 11 11 11 11 16  9  5  7 11  8  8  7  9  7  5  6  8 11  8 16  8  9  6 11 10  9  8  9 16 11 14  8  8  6  7 11  0  0  0  0  6  8  8  8 10  8  6  6  9  9  9  7  6  5 11 11 11 10  9  0  0  0  0  0 14  5  0  0  9  9 
11 11  0  0  0  0 11 11  0  0  0 11  0  0  0  0 11 11  0  0  0 11 11 11 11 11 11 11 11 11 11  8  8 11 11 11 11 11 11 11 11  8  8 11 11 11 11  0 11 11  0  0 11 11 11 11 11 11 11 11 11  0 11 11 11 11 11 16  9  5  7 11  8  8  7  9  7  5  6  8 11  8 16  8  9  6 11 10  9  8  9 16 11 14  8  8  6  7 11  0  0  0  0  6  8  8  8 10  8  6  6  9  9  9  7  6  5 11 11 11 10  9  0  0  0  0  0 14  5  0  0  9  9 
10 10  6  6  6  6 10 10  6  6  6 10  6  6  6  6 10 10  6  6  6 10 10 10 10 10 10 10 10 10 10  4  4 10 10 10 10 10 10 10 10  4  4 10 10 10 10  6 10 10  6  6 10 10 10 10 10 10 10 10 10  6 10 10 10 10 10 12  9  4  6 10  4  4  6  7  7  4  5  6 10  7 12  9  8  5 10  7  8  9  8 14 12 13  4  4  5  4 10  6  6  6  6  0  4  4  4 11  7  7  7  7  7  7  9  2  2  7 11 10  8  8  6  6  6  6  6 14  3  6  6  7  6 
12 12  8  8  8  8 12 12  8  8  8 12  8  8  8  8 12 12  8  8  8 12 12 12 12 12 12 12 12 12 12  0  0 12 12 12 12 12 12 12 12  0  0 12 12 12 12  8 12 12  8  8 12 12 12 12 12 12 12 12 12  8 12 12 12 12 12 10  7  5  4  9  0  0  6  7  7  4  6  9 11  6 10  7  6  4 12  6  6  7  6 17 13 16  0  0  6  6 13  8  8  8  8  4  0  0  0  9  7  9  9  9  9  9 10  5  6  6 12 13  8  6  8  8  8  8  8 15  6  8  8  8  8 
12 12  8  8  8  8 12 12  8  8  8 12  8  8  8  8 12 12  8  8  8 12 12 12 12 12 12 12 12 12 12  0  0 12 12 12 12 12 12 12 12  0  0 12 12 12 12  8 12 12  8  8 12 12 12 12 12 12 12 12 12  8 12 12 12 12 12 10  7  5  4  9  0  0  6  7  7  4  6  9 11  6 10  7  6  4 12  6  6  7  6 17 13 16  0  0  6  6 13  8  8  8  8  4  0  0  0  9  7  9  9  9  9  9 10  5  6  6 12 13  8  6  8  8  8  8  8 15  6  8  8  8  8 
12 12  8  8  8  8 12 12  8  8  8 12  8  8  8  8 12 12  8  8  8 12 12 12 12 12 12 12 12 12 12  0  0 12 12 12 12 12 12 12 12  0  0 12 12 12 12  8 12 12  8  8 12 12 12 12 12 12 12 12 12  8 12 12 12 12 12 10  7  5  4  9  0  0  6  7  7  4  6  9 11  6 10  7  6  4 12  6  6  7  6 17 13 16  0  0  6  6 13  8  8  8  8  4  0  0  0  9  7  9  9  9  9  9 10  5  6  6 12 13  8  6  8  8  8  8  8 15  6  8  8  8  8 
15 15 10 10 10 10 15 15 10 10 10 15 10 10 10 10 15 15 10 10 10 15 15 15 15 15 15 15 15 15 15  9  9 15 15 15 15 15 15 15 15  9  9 15 15 15 15 10 15 15 10 10 15 15 15 15 15 15 15 15 15 10 15 15 15 15 15 10  4  9  7  5  9  9 11 11 13 10  8 13 16 10 10  4  3  8 15  6  3  3  3 17 17 17  9  9  8  8 14 10 10 10 10 11  9  9  9  0 12 14 14 13 13 13 13  9  9 10 15 16 12  3 10 10 10 10 10 18 10 10 10 11 10 
 7  7  8  8  8  8  7  7  8  8  8  7  8  8  8  8  7  7  8  8  8  7  7  7  7  7  7  7  7  7  7  7  7  7  7  7  7  7  7  7  7  7  7  7  7  7  7  8  7  7  8  8  7  7  7  7  7  7  7  7  7  8  7  7  7  7  7 11 10  6  8 11  7  7  1  1  4  6  6  7  7 11 11 10  9  7  7 10  9 10  9 12  9 10  7  7  6  5 15  8  8  8  8  7  7  7  7 12  0  6  6  5  5  5  8  6  7 11  7  8  3  9  8  8  8  8  8 10  8  8  8  1  5 
 5  5  6  6  6  6  5  5  6  6  6  5  6  6  6  6  5  5  6  6  6  5  5  5  5  5  5  5  5  5  5  9  9  5  5  5  5  5  5  5  5  9  9  5  5  5  5  6  5  5  6  6  5  5  5  5  5  5  5  5  5  6  5  5  5  5  5 15 12  6 10 12  9  9  7  7 10  7  7  8  8  9 15 12 11  9  5 11 11 11 11 16  8 10  9  9  7  6 12  6  6  6  6  7  9  9  9 14  6  0  0  7  7  7  4  7  6 10  8  9  8 11  6  6  6  6  6 11  6  6  6  7  6 
 5  5  6  6  6  6  5  5  6  6  6  5  6  6  6  6  5  5  6  6  6  5  5  5  5  5  5  5  5  5  5  9  9  5  5  5  5  5  5  5  5  9  9  5  5  5  5  6  5  5  6  6  5  5  5  5  5  5  5  5  5  6  5  5  5  5  5 15 12  6 10 12  9  9  7  7 10  7  7  8  8  9 15 12 11  9  5 11 11 11 11 16  8 10  9  9  7  6 12  6  6  6  6  7  9  9  9 14  6  0  0  7  7  7  4  7  6 10  8  9  8 11  6  6  6  6  6 11  6  6  6  7  6 
 7  7  9  9  9  9  7  7  9  9  9  7  9  9  9  9  7  7  9  9  9  7  7  7  7  7  7  7  7  7  7  9  9  7  7  7  7  7  7  7  7  9  9  7  7  7  7  9  7  7  9  9  7  7  7  7  7  7  7  7  7  9  7  7  7  7  7 14 11  7 10 13  9  9  6  6  8  8  9  7  5  7 14 11 11  9  7 11 11 11 11 16  8 10  9  9  9 10 13  9  9  9  9  7  9  9  9 13  5  7  7  0  0  0  4  6  5 10  9  7  6 11  9  9  9  9  9  9  4  9  9  6  7 
 7  7  9  9  9  9  7  7  9  9  9  7  9  9  9  9  7  7  9  9  9  7  7  7  7  7  7  7  7  7  7  9  9  7  7  7  7  7  7  7  7  9  9  7  7  7  7  9  7  7  9  9  7  7  7  7  7  7  7  7  7  9  7  7  7  7  7 14 11  7 10 13  9  9  6  6  8  8  9  7  5  7 14 11 11  9  7 11 11 11 11 16  8 10  9  9  9 10 13  9  9  9  9  7  9  9  9 13  5  7  7  0  0  0  4  6  5 10  9  7  6 11  9  9  9  9  9  9  4  9  9  6  7 
 7  7  9  9  9  9  7  7  9  9  9  7  9  9  9  9  7  7  9  9  9  7  7  7  7  7  7  7  7  7  7  9  9  7  7  7  7  7  7  7  7  9  9  7  7  7  7  9  7  7  9  9  7  7  7  7  7  7  7  7  7  9  7  7  7  7  7 14 11  7 10 13  9  9  6  6  8  8  9  7  5  7 14 11 11  9  7 11 11 11 11 16  8 10  9  9  9 10 13  9  9  9  9  7  9  9  9 13  5  7  7  0  0  0  4  6  5 10  9  7  6 11  9  9  9  9  9  9  4  9  9  6  7 
 5  5  7  7  7  7  5  5  7  7  7  5  7  7  7  7  5  5  7  7  7  5  5  5  5  5  5  5  5  5  5 10 10  5  5  5  5  5  5  5  5 10 10  5  5  5  5  7  5  5  7  7  5  5  5  5  5  5  5  5  5  7  5  5  5  5  5 16 11  5 10 13 10 10  9  7  9  8  8 11  7 11 16 11 10  9  5 12 10 11 10 17  9  9 10 10  8  9  9  7  7  7  7  9 10 10 10 13  8  4  4  4  4  4  0  9  7 13  5  9  6 10  7  7  7  7  7  7  8  7  7  9  7 
11 11  6  6  6  6 11 11  6  6  6 11  6  6  6  6 11 11  6  6  6 11 11 11 11 11 11 11 11 11 11  5  5 11 11 11 11 11 11 11 11  5  5 11 11 11 11  6 11 11  6  6 11 11 11 11 11 11 11 11 11  6 11 11 11 11 11 10  7  4  6  8  5  5  5  6  6  3  4  6  9  6 10  7  6  5 11  8  6  7  6 15 13 14  5  5  4  5 12  6  6  6  6  2  5  5  5  9  6  7  7  6  6  6  9  0  4  8 11 10  8  6  6  6  6  6  6 13  3  6  6  7  7 
11 11  5  5  5  5 11 11  5  5  5 11  5  5  5  5 11 11  5  5  5 11 11 11 11 11 11 11 11 11 11  6  6 11 11 11 11 11 11 11 11  6  6 11 11 11 11  5 11 11  5  5 11 11 11 11 11 11 11 11 11  5 11 11 11 11 11 11  7  3  6  9  6  6  6  8  9  4  4  5  9  5 11  7  6  5 11  8  6  7  6 15 10 13  6  6  4  5  8  5  5  5  5  2  6  6  6  9  7  6  6  5  5  5  7  4  0  6 11  9  9  6  5  5  5  5  5 13  2  5  5  8  7 
14 14 11 11 11 11 14 14 11 11 11 14 11 11 11 11 14 14 11 11 11 14 14 14 14 14 14 14 14 14 14  6  6 14 14 14 14 14 14 14 14  6  6 14 14 14 14 11 14 14 11 11 14 14 14 14 14 14 14 14 14 11 14 14 14 14 14 16 10  9 10 12  6  6 10 11 11  8 10  9 12  3 16 10  9  9 14  8  9 10  9 20 15 14  6  6 10 10  7 11 11 11 11  7  6  6  6 10 11 10 10 10 10 10 13  8  6  0 12 12 11  9 11 11 11 11 11 15  6 11 11 12 11 
 4  4 11 11 11 11  4  4 11 11 11  4 11 11 11 11  4  4 11 11 11  4  4  4  4  4  4  4  4  4  4 12 12  4  4  4  4  4  4  4  4 12 12  4  4  4  4 11  4  4 11 11  4  4  4  4  4  4  4  4  4 11  4  4  4  4  4 16 13  9 12 15 12 12  8  7  8 10 11  7  7 13 16 13 12 11  4 15 12 13 12 16  7  5 12 12 11 12 12 11 11 11 11 11 12 12 12 15  7  8  8  9  9  9  5 11 11 12  0  8  6 12 11 11 11 11 11  5 10 11 11  8 11 
 8  8 11 11 11 11  8  8 11 11 11  8 11 11 11 11  8  8 11 11 11  8  8  8  8  8  8  8  8  8  8 13 13  8  8  8  8  8  8  8  8 13 13  8  8  8  8 11  8  8 11 11  8  8  8  8  8  8  8  8  8 11  8  8  8  8  8 17 14 10 12 15 13 13  9  7 10 10 12  6  2 10 17 14 13 11  8 15 13 14 13 18  9 12 13 13 12 13 17 11 11 11 11 10 13 13 13 16  8  9  9  7  7  7  9 10  9 12  8  0  8 13 11 11 11 11 11 12  7 11 11  8  8 
 6  6 10 10 10 10  6  6 10 10 10  6 10 10 10 10  6  6 10 10 10  6  6  6  6  6  6  6  6  6  6  8  8  6  6  6  6  6  6  6  6  8  8  6  6  6  6 10  6  6 10 10  6  6  6  6  6  6  6  6  6 10  6  6  6  6  6 12 10  7  9 12  8  8  3  2  3  6  8  8  6 10 12 10  9  8  6 11  9 10  9 13 10 10  8  8  8  8 13 10 10 10 10  8  8  8  8 12  3  8  8  6  6  6  6  8  9 11  6  8  0  9 10 10 10 10 10 11  7 10 10  4  8 
14 14  9  9  9  9 14 14  9  9  9 14  9  9  9  9 14 14  9  9  9 14 14 14 14 14 14 14 14 14 14  6  6 14 14 14 14 14 14 14 14  6  6 14 14 14 14  9 14 14  9  9 14 14 14 14 14 14 14 14 14  9 14 14 14 14 14  7  1  7  4  3  6  6  9  8 10  7  6 11 13  9  7  1  0  5 14  4  0  1  0 14 14 16  6  6  6  5 13  9  9  9  9  8  6  6  6  3  9 11 11 11 11 11 10  6  6  9 12 13  9  0  9  9  9  9  9 15  8  9  9  8  7 
11 11  0  0  0  0 11 11  0  0  0 11  0  0  0  0 11 11  0  0  0 11 11 11 11 11 11 11 11 11 11  8  8 11 11 11 11 11 11 11 11  8  8 11 11 11 11  0 11 11  0  0 11 11 11 11 11 11 11 11 11  0 11 11 11 11 11 16  9  5  7 11  8  8  7  9  7  5  6  8 11  8 16  8  9  6 11 10  9  8  9 16 11 14  8  8  6  7 11  0  0  0  0  6  8  8  8 10  8  6  6  9  9  9  7  6  5 11 11 11 10  9  0  0  0  0  0 14  5  0  0  9  9 
11 11  0  0  0  0 11 11  0  0  0 11  0  0  0  0 11 11  0  0  0 11 11 11 11 11 11 11 11 11 11  8  8 11 11 11 11 11 11 11 11  8  8 11 11 11 11  0 11 11  0  0 11 11 11 11 11 11 11 11 11  0 11 11 11 11 11 16  9  5  7 11  8  8  7  9  7  5  6  8 11  8 16  8  9  6 11 10  9  8  9 16 11 14  8  8  6  7 11  0  0  0  0  6  8  8  8 10  8  6  6  9  9  9  7  6  5 11 11 11 10  9  0  0  0  0  0 14  5  0  0  9  9 
11 11  0  0  0  0 11 11  0  0  0 11  0  0  0  0 11 11  0  0  0 11 11 11 11 11 11 11 11 11 11  8  8 11 11 11 11 11 11 11 11  8  8 11 11 11 11  0 11 11  0  0 11 11 11 11 11 11 11 11 11  0 11 11 11 11 11 16  9  5  7 11  8  8  7  9  7  5  6  8 11  8 16  8  9  6 11 10  9  8  9 16 11 14  8  8  6  7 11  0  0  0  0  6  8  8  8 10  8  6  6  9  9  9  7  6  5 11 11 11 10  9  0  0  0  0  0 14  5  0  0  9  9 
11 11  0  0  0  0 11 11  0  0  0 11  0  0  0  0 11 11  0  0  0 11 11 11 11 11 11 11 11 11 11  8  8 11 11 11 11 11 11 11 11  8  8 11 11 11 11  0 11 11  0  0 11 11 11 11 11 11 11 11 11  0 11 11 11 11 11 16  9  5  7 11  8  8  7  9  7  5  6  8 11  8 16  8  9  6 11 10  9  8  9 16 11 14  8  8  6  7 11  0  0  0  0  6  8  8  8 10  8  6  6  9  9  9  7  6  5 11 11 11 10  9  0  0  0  0  0 14  5  0  0  9  9 
11 11  0  0  0  0 11 11  0  0  0 11  0  0  0  0 11 11  0  0  0 11 11 11 11 11 11 11 11 11 11  8  8 11 11 11 11 11 11 11 11  8  8 11 11 11 11  0 11 11  0  0 11 11 11 11 11 11 11 11 11  0 11 11 11 11 11 16  9  5  7 11  8  8  7  9  7  5  6  8 11  8 16  8  9  6 11 10  9  8  9 16 11 14  8  8  6  7 11  0  0  0  0  6  8  8  8 10  8  6  6  9  9  9  7  6  5 11 11 11 10  9  0  0  0  0  0 14  5  0  0  9  9 
 7  7 14 14 14 14  7  7 14 14 14  7 14 14 14 14  7  7 14 14 14  7  7  7  7  7  7  7  7  7  7 15 15  7  7  7  7  7  7  7  7 15 15  7  7  7  7 14  7  7 14 14  7  7  7  7  7  7  7  7  7 14  7  7  7  7  7 19 16 12 15 18 15 15 11  9 12 13 14 11 11 14 19 16 15 14  7 17 15 16 15 20  4  2 15 15 14 15 14 14 14 14 14 14 15 15 15 18 10 11 11  9  9  9  7 13 13 15  5 12 11 15 14 14 14 14 14  0 11 14 14 11 11 
10 10  5  5  5  5 10 10  5  5  5 10  5  5  5  5 10 10  5  5  5 10 10 10 10 10 10 10 10 10 10  6  6 10 10 10 10 10 10 10 10  6  6 10 10 10 10  5 10 10  5  5 10 10 10 10 10 10 10 10 10  5 10 10 10 10 10 13  9  4  8 11  6  6  8  8  9  6  6  3  7  5 13  9  8  7 10  8  8  9  8 16 11 12  6  6  6  7 10  5  5  5  5  3  6  6  6 10  8  6  6  4  4  4  8  3  2  6 10  7  7  8  5  5  5  5  5 11  0  5  5  9  8 
11 11  0  0  0  0 11 11  0  0  0 11  0  0  0  0 11 11  0  0  0 11 11 11 11 11 11 11 11 11 11  8  8 11 11 11 11 11 11 11 11  8  8 11 11 11 11  0 11 11  0  0 11 11 11 11 11 11 11 11 11  0 11 11 11 11 11 16  9  5  7 11  8  8  7  9  7  5  6  8 11  8 16  8  9  6 11 10  9  8  9 16 11 14  8  8  6  7 11  0  0  0  0  6  8  8  8 10  8  6  6  9  9  9  7  6  5 11 11 11 10  9  0  0  0  0  0 14  5  0  0  9  9 
11 11  0  0  0  0 11 11  0  0  0 11  0  0  0  0 11 11  0  0  0 11 11 11 11 11 11 11 11 11 11  8  8 11 11 11 11 11 11 11 11  8  8 11 11 11 11  0 11 11  0  0 11 11 11 11 11 11 11 11 11  0 11 11 11 11 11 16  9  5  7 11  8  8  7  9  7  5  6  8 11  8 16  8  9  6 11 10  9  8  9 16 11 14  8  8  6  7 11  0  0  0  0  6  8  8  8 10  8  6  6  9  9  9  7  6  5 11 11 11 10  9  0  0  0  0  0 14  5  0  0  9  9 
 8  8  9  9  9  9  8  8  9  9  9  8  9  9  9  9  8  8  9  9  9  8  8  8  8  8  8  8  8  8  8  8  8  8  8  8  8  8  8  8  8  8  8  8  8  8  8  9  8  8  9  9  8  8  8  8  8  8  8  8  8  9  8  8  8  8  8 12  9  6  8 11  8  8  2  2  4  6  7  7  8 12 12  9  8  7  8 10  8  9  8 13  9 11  8  8  7  6 16  9  9  9  9  7  8  8  8 11  1  7  7  6  6  6  9  7  8 12  8  8  4  8  9  9  9  9  9 11  9  9  9  0  4 
11 11  9  9  9  9 11 11  9  9  9 11  9  9  9  9 11 11  9  9  9 11 11 11 11 11 11 11 11 11 11  8  8 11 11 11 11 11 11 11 11  8  8 11 11 11 11  9 11 11  9  9 11 11 11 11 11 11 11 11 11  9 11 11 11 11 11 11  8  4  7 10  8  8  6  6  7  4  6  8 10 11 11  8  7  6 11  9  7  8  7 14 10 13  8  8  6  7 15  9  9  9  9  6  8  8  8 10  5  6  6  7  7  7  7  7  7 11 11  8  8  7  9  9  9  9  9 11  8  9  9  4  0 
