Instance Date: 20090110

VehicleNumber---RequestNumber---MaxTravelTime---DisinfectionTime
    3              69               90             30

VehicleCapacity---VehicleLunchReadyTime---VehicleLunchDueTime---VehicleLunchDuration
    9                    840                    900                     60

LocationID---StaffDemand---SeatDemand---ReadyTime---DueTime---ServiceTime
    0            0              0          450        1230         0
    1            2            1.5          480         710         8
    2            2              3          600         710         8
    3            2              1          540         700         8
    4            2              1          480         750         8
    5            2              1          750        1200         8
    6            2              3          480        1200         8
    7            2              1          480        1200         8
    8            2              3          480        1200         8
    9            2              1          750        1200         8
   10            2              1          648         798         8
   11            2              1          480        1200         8
   12            2              3          726         876         8
   13            2              3          480        1200         8
   14            2              1          480         750         8
   15            2              3          480        1200         8
   16            2              1          480        1200         8
   17            2              1          750        1200         8
   18            2              1          480        1200         8
   19            2              3          810         930         8
   20            2              1          480        1200         8
   21            2              1          480        1200         8
   22            2              3          750        1200         8
   23            2              3          480        1200         8
   24            2              1          806         926         8
   25            2              1          736         856         8
   26            2              1          480        1200         8
   27            2              1          480        1200         8
   28            2              1          480        1200         8
   29            2              1          480        1200         8
   30            2              3          750        1200         8
   31            2              3          480        1200         8
   32            2              3          930        1050         8
   33            2              3          480        1200         8
   34            2              1          480        1200         8
   35            2              1          750        1200         8
   36            2              1          480        1200         8
   37            2              1          750        1200         8
   38            3              3          750        1200         8
   39            2              3          480        1200         8
   40            2              1          750        1200         8
   41            2              3          480        1200         8
   42            2              1          480        1200         8
   43            2              3          480        1200         8
   44            2              3          930        1050         8
   45            2              3          945        1065         8
   46            2              1          750        1200         8
   47            2              3          750        1200         8
   48            2              3          480        1200         8
   49            2              3          480        1200         8
   50            2            1.5          887        1007         8
   51            2              1          750        1200         8
   52            2              1          750        1200         8
   53            3              1          750        1200         8
   54            2              1          480        1200         8
   55            2              1          960        1080         8
   56            2              3          960        1080         8
   57            2              3          750        1200         8
   58            2              3          880        1030         8
   59            2              1          750        1200         8
   60            2              1          817         967         8
   61            2              1          750        1200         8
   62            2              1          480        1200         8
   63            2              1          750        1200         8
   64            3              3          960        1080         8
   65            2              3          688         838         8
   66            2              3          842         992         8
   67            2              1          480        1200         8
   68            2              1          480        1200         8
   69            2              1          480        1200         8
   70            2           -1.5          465         740         3
   71            2             -3          630         740         3
   72            2             -1          540         720        10
   73            2             -1          480         750        10
   74            2             -1          750        1200        10
   75            2             -3          480        1200        10
   76            2             -1          480        1200        10
   77            2             -3          480        1200        10
   78            2             -1          750        1200        10
   79            2             -1          648         828         3
   80            2             -1          480        1200         3
   81            2             -3          726         906         3
   82            2             -3          480        1200         3
   83            2             -1          480         750        10
   84            2             -3          480        1200        10
   85            2             -1          480        1200        10
   86            2             -1          750        1200        10
   87            2             -1          480        1200         3
   88            2             -3          810         960        10
   89            2             -1          480        1200        10
   90            2             -1          480        1200        10
   91            2             -3          750        1200        10
   92            2             -3          480        1200        10
   93            2             -1          806         946        10
   94            2             -1          736         876        10
   95            2             -1          480        1200         3
   96            2             -1          480        1200         3
   97            2             -1          480        1200         3
   98            2             -1          480        1200         3
   99            2             -3          750        1200         3
  100            2             -3          480        1200        10
  101            2             -3          930        1070        10
  102            2             -3          480        1200        10
  103            2             -1          480        1200        10
  104            2             -1          750        1200        10
  105            2             -1          480        1200        10
  106            2             -1          750        1200         3
  107            3             -3          750        1200         3
  108            2             -3          480        1200         3
  109            2             -1          750        1200        10
  110            2             -3          480        1200         3
  111            2             -1          480        1200         3
  112            2             -3          480        1200         3
  113            2             -3          930        1070        10
  114            2             -3          945        1095        10
  115            2             -1          750        1200        10
  116            2             -3          750        1200        10
  117            2             -3          480        1200         3
  118            2             -3          480        1200         3
  119            2           -1.5          887        1027         3
  120            2             -1          750        1200         3
  121            2             -1          750        1200         3
  122            3             -1          750        1200        12
  123            2             -1          480        1200         3
  124            2             -1          960        1100        10
  125            2             -3          960        1110        10
  126            2             -3          750        1200         3
  127            2             -3          880        1060         3
  128            2             -1          750        1200         3
  129            2             -1          817         997         3
  130            2             -1          750        1200        10
  131            2             -1          480        1200        10
  132            2             -1          750        1200        10
  133            3             -3          960        1100         6
  134            2             -3          688         868         3
  135            2             -3          842        1022         3
  136            2             -1          480        1200        10
  137            2             -1          480        1200        10
  138            2             -1          480        1200        10

Travel Time Between Locations
 0 12 12  0 12 12 12 12 12 12  0  0  0  0  0  0 12 12  0  0 12 12  0  0  0  0  0  0  0  0  0 12 12  0  0 12 12  0  0  0  0  0  0  0 12  0  0  0  0  0  0  0  0  0  0 12 12  0  0  0  0  0  0  0 12  0  0  0  0 12  0 16  8 10  7  7 10 11  8 12 12 12 12 13 11 10 12 12 12 12 17  8  9  9  4 12 12 12 12 12  9  6  7  6  9  9 12 12 12  9 12 12 12 10 12 12 13 12 12 12 12 12 14 12  8  6 12 12 12 12  6 12  9 10 12 12 10 11 12 
12  0  0 12  0  0  0  0  0  0 12 12 12 12 12 12  0  0 12 12  0  0 12 12 12 12 12 12 12 12 12  8  8 12 12  0  0 12 12 12 12 12 12 12  8 12 12 12 12 12 12 12 12 12 12  8  8 12 12 12 12 12 12 12  8 12 12 12 12  0 12 15  8  5  8  7 11  6 10  0  0  0  0  9  6 10  9  0 10  8 15  8  9  8 12  8  8  8  8  8  9 10  7  8  6 10  0  0  0  6  8  8  8  5 10  8  9  0  0  0  0  0  9  8 10 11  0  0  0  0  6 10  8  7  0  0 10  6 12 
12  0  0 12  0  0  0  0  0  0 12 12 12 12 12 12  0  0 12 12  0  0 12 12 12 12 12 12 12 12 12  8  8 12 12  0  0 12 12 12 12 12 12 12  8 12 12 12 12 12 12 12 12 12 12  8  8 12 12 12 12 12 12 12  8 12 12 12 12  0 12 15  8  5  8  7 11  6 10  0  0  0  0  9  6 10  9  0 10  8 15  8  9  8 12  8  8  8  8  8  9 10  7  8  6 10  0  0  0  6  8  8  8  5 10  8  9  0  0  0  0  0  9  8 10 11  0  0  0  0  6 10  8  7  0  0 10  6 12 
 0 12 12  0 12 12 12 12 12 12  0  0  0  0  0  0 12 12  0  0 12 12  0  0  0  0  0  0  0  0  0 12 12  0  0 12 12  0  0  0  0  0  0  0 12  0  0  0  0  0  0  0  0  0  0 12 12  0  0  0  0  0  0  0 12  0  0  0  0 12  0 16  8 10  7  7 10 11  8 12 12 12 12 13 11 10 12 12 12 12 17  8  9  9  4 12 12 12 12 12  9  6  7  6  9  9 12 12 12  9 12 12 12 10 12 12 13 12 12 12 12 12 14 12  8  6 12 12 12 12  6 12  9 10 12 12 10 11 12 
12  0  0 12  0  0  0  0  0  0 12 12 12 12 12 12  0  0 12 12  0  0 12 12 12 12 12 12 12 12 12  8  8 12 12  0  0 12 12 12 12 12 12 12  8 12 12 12 12 12 12 12 12 12 12  8  8 12 12 12 12 12 12 12  8 12 12 12 12  0 12 15  8  5  8  7 11  6 10  0  0  0  0  9  6 10  9  0 10  8 15  8  9  8 12  8  8  8  8  8  9 10  7  8  6 10  0  0  0  6  8  8  8  5 10  8  9  0  0  0  0  0  9  8 10 11  0  0  0  0  6 10  8  7  0  0 10  6 12 
12  0  0 12  0  0  0  0  0  0 12 12 12 12 12 12  0  0 12 12  0  0 12 12 12 12 12 12 12 12 12  8  8 12 12  0  0 12 12 12 12 12 12 12  8 12 12 12 12 12 12 12 12 12 12  8  8 12 12 12 12 12 12 12  8 12 12 12 12  0 12 15  8  5  8  7 11  6 10  0  0  0  0  9  6 10  9  0 10  8 15  8  9  8 12  8  8  8  8  8  9 10  7  8  6 10  0  0  0  6  8  8  8  5 10  8  9  0  0  0  0  0  9  8 10 11  0  0  0  0  6 10  8  7  0  0 10  6 12 
12  0  0 12  0  0  0  0  0  0 12 12 12 12 12 12  0  0 12 12  0  0 12 12 12 12 12 12 12 12 12  8  8 12 12  0  0 12 12 12 12 12 12 12  8 12 12 12 12 12 12 12 12 12 12  8  8 12 12 12 12 12 12 12  8 12 12 12 12  0 12 15  8  5  8  7 11  6 10  0  0  0  0  9  6 10  9  0 10  8 15  8  9  8 12  8  8  8  8  8  9 10  7  8  6 10  0  0  0  6  8  8  8  5 10  8  9  0  0  0  0  0  9  8 10 11  0  0  0  0  6 10  8  7  0  0 10  6 12 
12  0  0 12  0  0  0  0  0  0 12 12 12 12 12 12  0  0 12 12  0  0 12 12 12 12 12 12 12 12 12  8  8 12 12  0  0 12 12 12 12 12 12 12  8 12 12 12 12 12 12 12 12 12 12  8  8 12 12 12 12 12 12 12  8 12 12 12 12  0 12 15  8  5  8  7 11  6 10  0  0  0  0  9  6 10  9  0 10  8 15  8  9  8 12  8  8  8  8  8  9 10  7  8  6 10  0  0  0  6  8  8  8  5 10  8  9  0  0  0  0  0  9  8 10 11  0  0  0  0  6 10  8  7  0  0 10  6 12 
12  0  0 12  0  0  0  0  0  0 12 12 12 12 12 12  0  0 12 12  0  0 12 12 12 12 12 12 12 12 12  8  8 12 12  0  0 12 12 12 12 12 12 12  8 12 12 12 12 12 12 12 12 12 12  8  8 12 12 12 12 12 12 12  8 12 12 12 12  0 12 15  8  5  8  7 11  6 10  0  0  0  0  9  6 10  9  0 10  8 15  8  9  8 12  8  8  8  8  8  9 10  7  8  6 10  0  0  0  6  8  8  8  5 10  8  9  0  0  0  0  0  9  8 10 11  0  0  0  0  6 10  8  7  0  0 10  6 12 
12  0  0 12  0  0  0  0  0  0 12 12 12 12 12 12  0  0 12 12  0  0 12 12 12 12 12 12 12 12 12  8  8 12 12  0  0 12 12 12 12 12 12 12  8 12 12 12 12 12 12 12 12 12 12  8  8 12 12 12 12 12 12 12  8 12 12 12 12  0 12 15  8  5  8  7 11  6 10  0  0  0  0  9  6 10  9  0 10  8 15  8  9  8 12  8  8  8  8  8  9 10  7  8  6 10  0  0  0  6  8  8  8  5 10  8  9  0  0  0  0  0  9  8 10 11  0  0  0  0  6 10  8  7  0  0 10  6 12 
 0 12 12  0 12 12 12 12 12 12  0  0  0  0  0  0 12 12  0  0 12 12  0  0  0  0  0  0  0  0  0 12 12  0  0 12 12  0  0  0  0  0  0  0 12  0  0  0  0  0  0  0  0  0  0 12 12  0  0  0  0  0  0  0 12  0  0  0  0 12  0 16  8 10  7  7 10 11  8 12 12 12 12 13 11 10 12 12 12 12 17  8  9  9  4 12 12 12 12 12  9  6  7  6  9  9 12 12 12  9 12 12 12 10 12 12 13 12 12 12 12 12 14 12  8  6 12 12 12 12  6 12  9 10 12 12 10 11 12 
 0 12 12  0 12 12 12 12 12 12  0  0  0  0  0  0 12 12  0  0 12 12  0  0  0  0  0  0  0  0  0 12 12  0  0 12 12  0  0  0  0  0  0  0 12  0  0  0  0  0  0  0  0  0  0 12 12  0  0  0  0  0  0  0 12  0  0  0  0 12  0 16  8 10  7  7 10 11  8 12 12 12 12 13 11 10 12 12 12 12 17  8  9  9  4 12 12 12 12 12  9  6  7  6  9  9 12 12 12  9 12 12 12 10 12 12 13 12 12 12 12 12 14 12  8  6 12 12 12 12  6 12  9 10 12 12 10 11 12 
 0 12 12  0 12 12 12 12 12 12  0  0  0  0  0  0 12 12  0  0 12 12  0  0  0  0  0  0  0  0  0 12 12  0  0 12 12  0  0  0  0  0  0  0 12  0  0  0  0  0  0  0  0  0  0 12 12  0  0  0  0  0  0  0 12  0  0  0  0 12  0 16  8 10  7  7 10 11  8 12 12 12 12 13 11 10 12 12 12 12 17  8  9  9  4 12 12 12 12 12  9  6  7  6  9  9 12 12 12  9 12 12 12 10 12 12 13 12 12 12 12 12 14 12  8  6 12 12 12 12  6 12  9 10 12 12 10 11 12 
 0 12 12  0 12 12 12 12 12 12  0  0  0  0  0  0 12 12  0  0 12 12  0  0  0  0  0  0  0  0  0 12 12  0  0 12 12  0  0  0  0  0  0  0 12  0  0  0  0  0  0  0  0  0  0 12 12  0  0  0  0  0  0  0 12  0  0  0  0 12  0 16  8 10  7  7 10 11  8 12 12 12 12 13 11 10 12 12 12 12 17  8  9  9  4 12 12 12 12 12  9  6  7  6  9  9 12 12 12  9 12 12 12 10 12 12 13 12 12 12 12 12 14 12  8  6 12 12 12 12  6 12  9 10 12 12 10 11 12 
 0 12 12  0 12 12 12 12 12 12  0  0  0  0  0  0 12 12  0  0 12 12  0  0  0  0  0  0  0  0  0 12 12  0  0 12 12  0  0  0  0  0  0  0 12  0  0  0  0  0  0  0  0  0  0 12 12  0  0  0  0  0  0  0 12  0  0  0  0 12  0 16  8 10  7  7 10 11  8 12 12 12 12 13 11 10 12 12 12 12 17  8  9  9  4 12 12 12 12 12  9  6  7  6  9  9 12 12 12  9 12 12 12 10 12 12 13 12 12 12 12 12 14 12  8  6 12 12 12 12  6 12  9 10 12 12 10 11 12 
 0 12 12  0 12 12 12 12 12 12  0  0  0  0  0  0 12 12  0  0 12 12  0  0  0  0  0  0  0  0  0 12 12  0  0 12 12  0  0  0  0  0  0  0 12  0  0  0  0  0  0  0  0  0  0 12 12  0  0  0  0  0  0  0 12  0  0  0  0 12  0 16  8 10  7  7 10 11  8 12 12 12 12 13 11 10 12 12 12 12 17  8  9  9  4 12 12 12 12 12  9  6  7  6  9  9 12 12 12  9 12 12 12 10 12 12 13 12 12 12 12 12 14 12  8  6 12 12 12 12  6 12  9 10 12 12 10 11 12 
12  0  0 12  0  0  0  0  0  0 12 12 12 12 12 12  0  0 12 12  0  0 12 12 12 12 12 12 12 12 12  8  8 12 12  0  0 12 12 12 12 12 12 12  8 12 12 12 12 12 12 12 12 12 12  8  8 12 12 12 12 12 12 12  8 12 12 12 12  0 12 15  8  5  8  7 11  6 10  0  0  0  0  9  6 10  9  0 10  8 15  8  9  8 12  8  8  8  8  8  9 10  7  8  6 10  0  0  0  6  8  8  8  5 10  8  9  0  0  0  0  0  9  8 10 11  0  0  0  0  6 10  8  7  0  0 10  6 12 
12  0  0 12  0  0  0  0  0  0 12 12 12 12 12 12  0  0 12 12  0  0 12 12 12 12 12 12 12 12 12  8  8 12 12  0  0 12 12 12 12 12 12 12  8 12 12 12 12 12 12 12 12 12 12  8  8 12 12 12 12 12 12 12  8 12 12 12 12  0 12 15  8  5  8  7 11  6 10  0  0  0  0  9  6 10  9  0 10  8 15  8  9  8 12  8  8  8  8  8  9 10  7  8  6 10  0  0  0  6  8  8  8  5 10  8  9  0  0  0  0  0  9  8 10 11  0  0  0  0  6 10  8  7  0  0 10  6 12 
 0 12 12  0 12 12 12 12 12 12  0  0  0  0  0  0 12 12  0  0 12 12  0  0  0  0  0  0  0  0  0 12 12  0  0 12 12  0  0  0  0  0  0  0 12  0  0  0  0  0  0  0  0  0  0 12 12  0  0  0  0  0  0  0 12  0  0  0  0 12  0 16  8 10  7  7 10 11  8 12 12 12 12 13 11 10 12 12 12 12 17  8  9  9  4 12 12 12 12 12  9  6  7  6  9  9 12 12 12  9 12 12 12 10 12 12 13 12 12 12 12 12 14 12  8  6 12 12 12 12  6 12  9 10 12 12 10 11 12 
 0 12 12  0 12 12 12 12 12 12  0  0  0  0  0  0 12 12  0  0 12 12  0  0  0  0  0  0  0  0  0 12 12  0  0 12 12  0  0  0  0  0  0  0 12  0  0  0  0  0  0  0  0  0  0 12 12  0  0  0  0  0  0  0 12  0  0  0  0 12  0 16  8 10  7  7 10 11  8 12 12 12 12 13 11 10 12 12 12 12 17  8  9  9  4 12 12 12 12 12  9  6  7  6  9  9 12 12 12  9 12 12 12 10 12 12 13 12 12 12 12 12 14 12  8  6 12 12 12 12  6 12  9 10 12 12 10 11 12 
12  0  0 12  0  0  0  0  0  0 12 12 12 12 12 12  0  0 12 12  0  0 12 12 12 12 12 12 12 12 12  8  8 12 12  0  0 12 12 12 12 12 12 12  8 12 12 12 12 12 12 12 12 12 12  8  8 12 12 12 12 12 12 12  8 12 12 12 12  0 12 15  8  5  8  7 11  6 10  0  0  0  0  9  6 10  9  0 10  8 15  8  9  8 12  8  8  8  8  8  9 10  7  8  6 10  0  0  0  6  8  8  8  5 10  8  9  0  0  0  0  0  9  8 10 11  0  0  0  0  6 10  8  7  0  0 10  6 12 
12  0  0 12  0  0  0  0  0  0 12 12 12 12 12 12  0  0 12 12  0  0 12 12 12 12 12 12 12 12 12  8  8 12 12  0  0 12 12 12 12 12 12 12  8 12 12 12 12 12 12 12 12 12 12  8  8 12 12 12 12 12 12 12  8 12 12 12 12  0 12 15  8  5  8  7 11  6 10  0  0  0  0  9  6 10  9  0 10  8 15  8  9  8 12  8  8  8  8  8  9 10  7  8  6 10  0  0  0  6  8  8  8  5 10  8  9  0  0  0  0  0  9  8 10 11  0  0  0  0  6 10  8  7  0  0 10  6 12 
 0 12 12  0 12 12 12 12 12 12  0  0  0  0  0  0 12 12  0  0 12 12  0  0  0  0  0  0  0  0  0 12 12  0  0 12 12  0  0  0  0  0  0  0 12  0  0  0  0  0  0  0  0  0  0 12 12  0  0  0  0  0  0  0 12  0  0  0  0 12  0 16  8 10  7  7 10 11  8 12 12 12 12 13 11 10 12 12 12 12 17  8  9  9  4 12 12 12 12 12  9  6  7  6  9  9 12 12 12  9 12 12 12 10 12 12 13 12 12 12 12 12 14 12  8  6 12 12 12 12  6 12  9 10 12 12 10 11 12 
 0 12 12  0 12 12 12 12 12 12  0  0  0  0  0  0 12 12  0  0 12 12  0  0  0  0  0  0  0  0  0 12 12  0  0 12 12  0  0  0  0  0  0  0 12  0  0  0  0  0  0  0  0  0  0 12 12  0  0  0  0  0  0  0 12  0  0  0  0 12  0 16  8 10  7  7 10 11  8 12 12 12 12 13 11 10 12 12 12 12 17  8  9  9  4 12 12 12 12 12  9  6  7  6  9  9 12 12 12  9 12 12 12 10 12 12 13 12 12 12 12 12 14 12  8  6 12 12 12 12  6 12  9 10 12 12 10 11 12 
 0 12 12  0 12 12 12 12 12 12  0  0  0  0  0  0 12 12  0  0 12 12  0  0  0  0  0  0  0  0  0 12 12  0  0 12 12  0  0  0  0  0  0  0 12  0  0  0  0  0  0  0  0  0  0 12 12  0  0  0  0  0  0  0 12  0  0  0  0 12  0 16  8 10  7  7 10 11  8 12 12 12 12 13 11 10 12 12 12 12 17  8  9  9  4 12 12 12 12 12  9  6  7  6  9  9 12 12 12  9 12 12 12 10 12 12 13 12 12 12 12 12 14 12  8  6 12 12 12 12  6 12  9 10 12 12 10 11 12 
 0 12 12  0 12 12 12 12 12 12  0  0  0  0  0  0 12 12  0  0 12 12  0  0  0  0  0  0  0  0  0 12 12  0  0 12 12  0  0  0  0  0  0  0 12  0  0  0  0  0  0  0  0  0  0 12 12  0  0  0  0  0  0  0 12  0  0  0  0 12  0 16  8 10  7  7 10 11  8 12 12 12 12 13 11 10 12 12 12 12 17  8  9  9  4 12 12 12 12 12  9  6  7  6  9  9 12 12 12  9 12 12 12 10 12 12 13 12 12 12 12 12 14 12  8  6 12 12 12 12  6 12  9 10 12 12 10 11 12 
 0 12 12  0 12 12 12 12 12 12  0  0  0  0  0  0 12 12  0  0 12 12  0  0  0  0  0  0  0  0  0 12 12  0  0 12 12  0  0  0  0  0  0  0 12  0  0  0  0  0  0  0  0  0  0 12 12  0  0  0  0  0  0  0 12  0  0  0  0 12  0 16  8 10  7  7 10 11  8 12 12 12 12 13 11 10 12 12 12 12 17  8  9  9  4 12 12 12 12 12  9  6  7  6  9  9 12 12 12  9 12 12 12 10 12 12 13 12 12 12 12 12 14 12  8  6 12 12 12 12  6 12  9 10 12 12 10 11 12 
 0 12 12  0 12 12 12 12 12 12  0  0  0  0  0  0 12 12  0  0 12 12  0  0  0  0  0  0  0  0  0 12 12  0  0 12 12  0  0  0  0  0  0  0 12  0  0  0  0  0  0  0  0  0  0 12 12  0  0  0  0  0  0  0 12  0  0  0  0 12  0 16  8 10  7  7 10 11  8 12 12 12 12 13 11 10 12 12 12 12 17  8  9  9  4 12 12 12 12 12  9  6  7  6  9  9 12 12 12  9 12 12 12 10 12 12 13 12 12 12 12 12 14 12  8  6 12 12 12 12  6 12  9 10 12 12 10 11 12 
 0 12 12  0 12 12 12 12 12 12  0  0  0  0  0  0 12 12  0  0 12 12  0  0  0  0  0  0  0  0  0 12 12  0  0 12 12  0  0  0  0  0  0  0 12  0  0  0  0  0  0  0  0  0  0 12 12  0  0  0  0  0  0  0 12  0  0  0  0 12  0 16  8 10  7  7 10 11  8 12 12 12 12 13 11 10 12 12 12 12 17  8  9  9  4 12 12 12 12 12  9  6  7  6  9  9 12 12 12  9 12 12 12 10 12 12 13 12 12 12 12 12 14 12  8  6 12 12 12 12  6 12  9 10 12 12 10 11 12 
 0 12 12  0 12 12 12 12 12 12  0  0  0  0  0  0 12 12  0  0 12 12  0  0  0  0  0  0  0  0  0 12 12  0  0 12 12  0  0  0  0  0  0  0 12  0  0  0  0  0  0  0  0  0  0 12 12  0  0  0  0  0  0  0 12  0  0  0  0 12  0 16  8 10  7  7 10 11  8 12 12 12 12 13 11 10 12 12 12 12 17  8  9  9  4 12 12 12 12 12  9  6  7  6  9  9 12 12 12  9 12 12 12 10 12 12 13 12 12 12 12 12 14 12  8  6 12 12 12 12  6 12  9 10 12 12 10 11 12 
 0 12 12  0 12 12 12 12 12 12  0  0  0  0  0  0 12 12  0  0 12 12  0  0  0  0  0  0  0  0  0 12 12  0  0 12 12  0  0  0  0  0  0  0 12  0  0  0  0  0  0  0  0  0  0 12 12  0  0  0  0  0  0  0 12  0  0  0  0 12  0 16  8 10  7  7 10 11  8 12 12 12 12 13 11 10 12 12 12 12 17  8  9  9  4 12 12 12 12 12  9  6  7  6  9  9 12 12 12  9 12 12 12 10 12 12 13 12 12 12 12 12 14 12  8  6 12 12 12 12  6 12  9 10 12 12 10 11 12 
12  8  8 12  8  8  8  8  8  8 12 12 12 12 12 12  8  8 12 12  8  8 12 12 12 12 12 12 12 12 12  0  0 12 12  8  8 12 12 12 12 12 12 12  0 12 12 12 12 12 12 12 12 12 12  0  0 12 12 12 12 12 12 12  0 12 12 12 12  8 12 12  8  6  8  7  9  5 11  8  8  8  8  7  5  5  7  8  6  7 15  7  9  9 11  0  0  0  0  0  9  9  7  8  4  8  8  8  8  3  0  0  0  4  6  6  7  8  8  8  8  8  6  0 11 13  8  8  8  8  6  7  5  4  8  8  5  5  9 
12  8  8 12  8  8  8  8  8  8 12 12 12 12 12 12  8  8 12 12  8  8 12 12 12 12 12 12 12 12 12  0  0 12 12  8  8 12 12 12 12 12 12 12  0 12 12 12 12 12 12 12 12 12 12  0  0 12 12 12 12 12 12 12  0 12 12 12 12  8 12 12  8  6  8  7  9  5 11  8  8  8  8  7  5  5  7  8  6  7 15  7  9  9 11  0  0  0  0  0  9  9  7  8  4  8  8  8  8  3  0  0  0  4  6  6  7  8  8  8  8  8  6  0 11 13  8  8  8  8  6  7  5  4  8  8  5  5  9 
 0 12 12  0 12 12 12 12 12 12  0  0  0  0  0  0 12 12  0  0 12 12  0  0  0  0  0  0  0  0  0 12 12  0  0 12 12  0  0  0  0  0  0  0 12  0  0  0  0  0  0  0  0  0  0 12 12  0  0  0  0  0  0  0 12  0  0  0  0 12  0 16  8 10  7  7 10 11  8 12 12 12 12 13 11 10 12 12 12 12 17  8  9  9  4 12 12 12 12 12  9  6  7  6  9  9 12 12 12  9 12 12 12 10 12 12 13 12 12 12 12 12 14 12  8  6 12 12 12 12  6 12  9 10 12 12 10 11 12 
 0 12 12  0 12 12 12 12 12 12  0  0  0  0  0  0 12 12  0  0 12 12  0  0  0  0  0  0  0  0  0 12 12  0  0 12 12  0  0  0  0  0  0  0 12  0  0  0  0  0  0  0  0  0  0 12 12  0  0  0  0  0  0  0 12  0  0  0  0 12  0 16  8 10  7  7 10 11  8 12 12 12 12 13 11 10 12 12 12 12 17  8  9  9  4 12 12 12 12 12  9  6  7  6  9  9 12 12 12  9 12 12 12 10 12 12 13 12 12 12 12 12 14 12  8  6 12 12 12 12  6 12  9 10 12 12 10 11 12 
12  0  0 12  0  0  0  0  0  0 12 12 12 12 12 12  0  0 12 12  0  0 12 12 12 12 12 12 12 12 12  8  8 12 12  0  0 12 12 12 12 12 12 12  8 12 12 12 12 12 12 12 12 12 12  8  8 12 12 12 12 12 12 12  8 12 12 12 12  0 12 15  8  5  8  7 11  6 10  0  0  0  0  9  6 10  9  0 10  8 15  8  9  8 12  8  8  8  8  8  9 10  7  8  6 10  0  0  0  6  8  8  8  5 10  8  9  0  0  0  0  0  9  8 10 11  0  0  0  0  6 10  8  7  0  0 10  6 12 
12  0  0 12  0  0  0  0  0  0 12 12 12 12 12 12  0  0 12 12  0  0 12 12 12 12 12 12 12 12 12  8  8 12 12  0  0 12 12 12 12 12 12 12  8 12 12 12 12 12 12 12 12 12 12  8  8 12 12 12 12 12 12 12  8 12 12 12 12  0 12 15  8  5  8  7 11  6 10  0  0  0  0  9  6 10  9  0 10  8 15  8  9  8 12  8  8  8  8  8  9 10  7  8  6 10  0  0  0  6  8  8  8  5 10  8  9  0  0  0  0  0  9  8 10 11  0  0  0  0  6 10  8  7  0  0 10  6 12 
 0 12 12  0 12 12 12 12 12 12  0  0  0  0  0  0 12 12  0  0 12 12  0  0  0  0  0  0  0  0  0 12 12  0  0 12 12  0  0  0  0  0  0  0 12  0  0  0  0  0  0  0  0  0  0 12 12  0  0  0  0  0  0  0 12  0  0  0  0 12  0 16  8 10  7  7 10 11  8 12 12 12 12 13 11 10 12 12 12 12 17  8  9  9  4 12 12 12 12 12  9  6  7  6  9  9 12 12 12  9 12 12 12 10 12 12 13 12 12 12 12 12 14 12  8  6 12 12 12 12  6 12  9 10 12 12 10 11 12 
 0 12 12  0 12 12 12 12 12 12  0  0  0  0  0  0 12 12  0  0 12 12  0  0  0  0  0  0  0  0  0 12 12  0  0 12 12  0  0  0  0  0  0  0 12  0  0  0  0  0  0  0  0  0  0 12 12  0  0  0  0  0  0  0 12  0  0  0  0 12  0 16  8 10  7  7 10 11  8 12 12 12 12 13 11 10 12 12 12 12 17  8  9  9  4 12 12 12 12 12  9  6  7  6  9  9 12 12 12  9 12 12 12 10 12 12 13 12 12 12 12 12 14 12  8  6 12 12 12 12  6 12  9 10 12 12 10 11 12 
 0 12 12  0 12 12 12 12 12 12  0  0  0  0  0  0 12 12  0  0 12 12  0  0  0  0  0  0  0  0  0 12 12  0  0 12 12  0  0  0  0  0  0  0 12  0  0  0  0  0  0  0  0  0  0 12 12  0  0  0  0  0  0  0 12  0  0  0  0 12  0 16  8 10  7  7 10 11  8 12 12 12 12 13 11 10 12 12 12 12 17  8  9  9  4 12 12 12 12 12  9  6  7  6  9  9 12 12 12  9 12 12 12 10 12 12 13 12 12 12 12 12 14 12  8  6 12 12 12 12  6 12  9 10 12 12 10 11 12 
 0 12 12  0 12 12 12 12 12 12  0  0  0  0  0  0 12 12  0  0 12 12  0  0  0  0  0  0  0  0  0 12 12  0  0 12 12  0  0  0  0  0  0  0 12  0  0  0  0  0  0  0  0  0  0 12 12  0  0  0  0  0  0  0 12  0  0  0  0 12  0 16  8 10  7  7 10 11  8 12 12 12 12 13 11 10 12 12 12 12 17  8  9  9  4 12 12 12 12 12  9  6  7  6  9  9 12 12 12  9 12 12 12 10 12 12 13 12 12 12 12 12 14 12  8  6 12 12 12 12  6 12  9 10 12 12 10 11 12 
 0 12 12  0 12 12 12 12 12 12  0  0  0  0  0  0 12 12  0  0 12 12  0  0  0  0  0  0  0  0  0 12 12  0  0 12 12  0  0  0  0  0  0  0 12  0  0  0  0  0  0  0  0  0  0 12 12  0  0  0  0  0  0  0 12  0  0  0  0 12  0 16  8 10  7  7 10 11  8 12 12 12 12 13 11 10 12 12 12 12 17  8  9  9  4 12 12 12 12 12  9  6  7  6  9  9 12 12 12  9 12 12 12 10 12 12 13 12 12 12 12 12 14 12  8  6 12 12 12 12  6 12  9 10 12 12 10 11 12 
 0 12 12  0 12 12 12 12 12 12  0  0  0  0  0  0 12 12  0  0 12 12  0  0  0  0  0  0  0  0  0 12 12  0  0 12 12  0  0  0  0  0  0  0 12  0  0  0  0  0  0  0  0  0  0 12 12  0  0  0  0  0  0  0 12  0  0  0  0 12  0 16  8 10  7  7 10 11  8 12 12 12 12 13 11 10 12 12 12 12 17  8  9  9  4 12 12 12 12 12  9  6  7  6  9  9 12 12 12  9 12 12 12 10 12 12 13 12 12 12 12 12 14 12  8  6 12 12 12 12  6 12  9 10 12 12 10 11 12 
 0 12 12  0 12 12 12 12 12 12  0  0  0  0  0  0 12 12  0  0 12 12  0  0  0  0  0  0  0  0  0 12 12  0  0 12 12  0  0  0  0  0  0  0 12  0  0  0  0  0  0  0  0  0  0 12 12  0  0  0  0  0  0  0 12  0  0  0  0 12  0 16  8 10  7  7 10 11  8 12 12 12 12 13 11 10 12 12 12 12 17  8  9  9  4 12 12 12 12 12  9  6  7  6  9  9 12 12 12  9 12 12 12 10 12 12 13 12 12 12 12 12 14 12  8  6 12 12 12 12  6 12  9 10 12 12 10 11 12 
12  8  8 12  8  8  8  8  8  8 12 12 12 12 12 12  8  8 12 12  8  8 12 12 12 12 12 12 12 12 12  0  0 12 12  8  8 12 12 12 12 12 12 12  0 12 12 12 12 12 12 12 12 12 12  0  0 12 12 12 12 12 12 12  0 12 12 12 12  8 12 12  8  6  8  7  9  5 11  8  8  8  8  7  5  5  7  8  6  7 15  7  9  9 11  0  0  0  0  0  9  9  7  8  4  8  8  8  8  3  0  0  0  4  6  6  7  8  8  8  8  8  6  0 11 13  8  8  8  8  6  7  5  4  8  8  5  5  9 
 0 12 12  0 12 12 12 12 12 12  0  0  0  0  0  0 12 12  0  0 12 12  0  0  0  0  0  0  0  0  0 12 12  0  0 12 12  0  0  0  0  0  0  0 12  0  0  0  0  0  0  0  0  0  0 12 12  0  0  0  0  0  0  0 12  0  0  0  0 12  0 16  8 10  7  7 10 11  8 12 12 12 12 13 11 10 12 12 12 12 17  8  9  9  4 12 12 12 12 12  9  6  7  6  9  9 12 12 12  9 12 12 12 10 12 12 13 12 12 12 12 12 14 12  8  6 12 12 12 12  6 12  9 10 12 12 10 11 12 
 0 12 12  0 12 12 12 12 12 12  0  0  0  0  0  0 12 12  0  0 12 12  0  0  0  0  0  0  0  0  0 12 12  0  0 12 12  0  0  0  0  0  0  0 12  0  0  0  0  0  0  0  0  0  0 12 12  0  0  0  0  0  0  0 12  0  0  0  0 12  0 16  8 10  7  7 10 11  8 12 12 12 12 13 11 10 12 12 12 12 17  8  9  9  4 12 12 12 12 12  9  6  7  6  9  9 12 12 12  9 12 12 12 10 12 12 13 12 12 12 12 12 14 12  8  6 12 12 12 12  6 12  9 10 12 12 10 11 12 
 0 12 12  0 12 12 12 12 12 12  0  0  0  0  0  0 12 12  0  0 12 12  0  0  0  0  0  0  0  0  0 12 12  0  0 12 12  0  0  0  0  0  0  0 12  0  0  0  0  0  0  0  0  0  0 12 12  0  0  0  0  0  0  0 12  0  0  0  0 12  0 16  8 10  7  7 10 11  8 12 12 12 12 13 11 10 12 12 12 12 17  8  9  9  4 12 12 12 12 12  9  6  7  6  9  9 12 12 12  9 12 12 12 10 12 12 13 12 12 12 12 12 14 12  8  6 12 12 12 12  6 12  9 10 12 12 10 11 12 
 0 12 12  0 12 12 12 12 12 12  0  0  0  0  0  0 12 12  0  0 12 12  0  0  0  0  0  0  0  0  0 12 12  0  0 12 12  0  0  0  0  0  0  0 12  0  0  0  0  0  0  0  0  0  0 12 12  0  0  0  0  0  0  0 12  0  0  0  0 12  0 16  8 10  7  7 10 11  8 12 12 12 12 13 11 10 12 12 12 12 17  8  9  9  4 12 12 12 12 12  9  6  7  6  9  9 12 12 12  9 12 12 12 10 12 12 13 12 12 12 12 12 14 12  8  6 12 12 12 12  6 12  9 10 12 12 10 11 12 
 0 12 12  0 12 12 12 12 12 12  0  0  0  0  0  0 12 12  0  0 12 12  0  0  0  0  0  0  0  0  0 12 12  0  0 12 12  0  0  0  0  0  0  0 12  0  0  0  0  0  0  0  0  0  0 12 12  0  0  0  0  0  0  0 12  0  0  0  0 12  0 16  8 10  7  7 10 11  8 12 12 12 12 13 11 10 12 12 12 12 17  8  9  9  4 12 12 12 12 12  9  6  7  6  9  9 12 12 12  9 12 12 12 10 12 12 13 12 12 12 12 12 14 12  8  6 12 12 12 12  6 12  9 10 12 12 10 11 12 
 0 12 12  0 12 12 12 12 12 12  0  0  0  0  0  0 12 12  0  0 12 12  0  0  0  0  0  0  0  0  0 12 12  0  0 12 12  0  0  0  0  0  0  0 12  0  0  0  0  0  0  0  0  0  0 12 12  0  0  0  0  0  0  0 12  0  0  0  0 12  0 16  8 10  7  7 10 11  8 12 12 12 12 13 11 10 12 12 12 12 17  8  9  9  4 12 12 12 12 12  9  6  7  6  9  9 12 12 12  9 12 12 12 10 12 12 13 12 12 12 12 12 14 12  8  6 12 12 12 12  6 12  9 10 12 12 10 11 12 
 0 12 12  0 12 12 12 12 12 12  0  0  0  0  0  0 12 12  0  0 12 12  0  0  0  0  0  0  0  0  0 12 12  0  0 12 12  0  0  0  0  0  0  0 12  0  0  0  0  0  0  0  0  0  0 12 12  0  0  0  0  0  0  0 12  0  0  0  0 12  0 16  8 10  7  7 10 11  8 12 12 12 12 13 11 10 12 12 12 12 17  8  9  9  4 12 12 12 12 12  9  6  7  6  9  9 12 12 12  9 12 12 12 10 12 12 13 12 12 12 12 12 14 12  8  6 12 12 12 12  6 12  9 10 12 12 10 11 12 
 0 12 12  0 12 12 12 12 12 12  0  0  0  0  0  0 12 12  0  0 12 12  0  0  0  0  0  0  0  0  0 12 12  0  0 12 12  0  0  0  0  0  0  0 12  0  0  0  0  0  0  0  0  0  0 12 12  0  0  0  0  0  0  0 12  0  0  0  0 12  0 16  8 10  7  7 10 11  8 12 12 12 12 13 11 10 12 12 12 12 17  8  9  9  4 12 12 12 12 12  9  6  7  6  9  9 12 12 12  9 12 12 12 10 12 12 13 12 12 12 12 12 14 12  8  6 12 12 12 12  6 12  9 10 12 12 10 11 12 
 0 12 12  0 12 12 12 12 12 12  0  0  0  0  0  0 12 12  0  0 12 12  0  0  0  0  0  0  0  0  0 12 12  0  0 12 12  0  0  0  0  0  0  0 12  0  0  0  0  0  0  0  0  0  0 12 12  0  0  0  0  0  0  0 12  0  0  0  0 12  0 16  8 10  7  7 10 11  8 12 12 12 12 13 11 10 12 12 12 12 17  8  9  9  4 12 12 12 12 12  9  6  7  6  9  9 12 12 12  9 12 12 12 10 12 12 13 12 12 12 12 12 14 12  8  6 12 12 12 12  6 12  9 10 12 12 10 11 12 
 0 12 12  0 12 12 12 12 12 12  0  0  0  0  0  0 12 12  0  0 12 12  0  0  0  0  0  0  0  0  0 12 12  0  0 12 12  0  0  0  0  0  0  0 12  0  0  0  0  0  0  0  0  0  0 12 12  0  0  0  0  0  0  0 12  0  0  0  0 12  0 16  8 10  7  7 10 11  8 12 12 12 12 13 11 10 12 12 12 12 17  8  9  9  4 12 12 12 12 12  9  6  7  6  9  9 12 12 12  9 12 12 12 10 12 12 13 12 12 12 12 12 14 12  8  6 12 12 12 12  6 12  9 10 12 12 10 11 12 
12  8  8 12  8  8  8  8  8  8 12 12 12 12 12 12  8  8 12 12  8  8 12 12 12 12 12 12 12 12 12  0  0 12 12  8  8 12 12 12 12 12 12 12  0 12 12 12 12 12 12 12 12 12 12  0  0 12 12 12 12 12 12 12  0 12 12 12 12  8 12 12  8  6  8  7  9  5 11  8  8  8  8  7  5  5  7  8  6  7 15  7  9  9 11  0  0  0  0  0  9  9  7  8  4  8  8  8  8  3  0  0  0  4  6  6  7  8  8  8  8  8  6  0 11 13  8  8  8  8  6  7  5  4  8  8  5  5  9 
12  8  8 12  8  8  8  8  8  8 12 12 12 12 12 12  8  8 12 12  8  8 12 12 12 12 12 12 12 12 12  0  0 12 12  8  8 12 12 12 12 12 12 12  0 12 12 12 12 12 12 12 12 12 12  0  0 12 12 12 12 12 12 12  0 12 12 12 12  8 12 12  8  6  8  7  9  5 11  8  8  8  8  7  5  5  7  8  6  7 15  7  9  9 11  0  0  0  0  0  9  9  7  8  4  8  8  8  8  3  0  0  0  4  6  6  7  8  8  8  8  8  6  0 11 13  8  8  8  8  6  7  5  4  8  8  5  5  9 
 0 12 12  0 12 12 12 12 12 12  0  0  0  0  0  0 12 12  0  0 12 12  0  0  0  0  0  0  0  0  0 12 12  0  0 12 12  0  0  0  0  0  0  0 12  0  0  0  0  0  0  0  0  0  0 12 12  0  0  0  0  0  0  0 12  0  0  0  0 12  0 16  8 10  7  7 10 11  8 12 12 12 12 13 11 10 12 12 12 12 17  8  9  9  4 12 12 12 12 12  9  6  7  6  9  9 12 12 12  9 12 12 12 10 12 12 13 12 12 12 12 12 14 12  8  6 12 12 12 12  6 12  9 10 12 12 10 11 12 
 0 12 12  0 12 12 12 12 12 12  0  0  0  0  0  0 12 12  0  0 12 12  0  0  0  0  0  0  0  0  0 12 12  0  0 12 12  0  0  0  0  0  0  0 12  0  0  0  0  0  0  0  0  0  0 12 12  0  0  0  0  0  0  0 12  0  0  0  0 12  0 16  8 10  7  7 10 11  8 12 12 12 12 13 11 10 12 12 12 12 17  8  9  9  4 12 12 12 12 12  9  6  7  6  9  9 12 12 12  9 12 12 12 10 12 12 13 12 12 12 12 12 14 12  8  6 12 12 12 12  6 12  9 10 12 12 10 11 12 
 0 12 12  0 12 12 12 12 12 12  0  0  0  0  0  0 12 12  0  0 12 12  0  0  0  0  0  0  0  0  0 12 12  0  0 12 12  0  0  0  0  0  0  0 12  0  0  0  0  0  0  0  0  0  0 12 12  0  0  0  0  0  0  0 12  0  0  0  0 12  0 16  8 10  7  7 10 11  8 12 12 12 12 13 11 10 12 12 12 12 17  8  9  9  4 12 12 12 12 12  9  6  7  6  9  9 12 12 12  9 12 12 12 10 12 12 13 12 12 12 12 12 14 12  8  6 12 12 12 12  6 12  9 10 12 12 10 11 12 
 0 12 12  0 12 12 12 12 12 12  0  0  0  0  0  0 12 12  0  0 12 12  0  0  0  0  0  0  0  0  0 12 12  0  0 12 12  0  0  0  0  0  0  0 12  0  0  0  0  0  0  0  0  0  0 12 12  0  0  0  0  0  0  0 12  0  0  0  0 12  0 16  8 10  7  7 10 11  8 12 12 12 12 13 11 10 12 12 12 12 17  8  9  9  4 12 12 12 12 12  9  6  7  6  9  9 12 12 12  9 12 12 12 10 12 12 13 12 12 12 12 12 14 12  8  6 12 12 12 12  6 12  9 10 12 12 10 11 12 
 0 12 12  0 12 12 12 12 12 12  0  0  0  0  0  0 12 12  0  0 12 12  0  0  0  0  0  0  0  0  0 12 12  0  0 12 12  0  0  0  0  0  0  0 12  0  0  0  0  0  0  0  0  0  0 12 12  0  0  0  0  0  0  0 12  0  0  0  0 12  0 16  8 10  7  7 10 11  8 12 12 12 12 13 11 10 12 12 12 12 17  8  9  9  4 12 12 12 12 12  9  6  7  6  9  9 12 12 12  9 12 12 12 10 12 12 13 12 12 12 12 12 14 12  8  6 12 12 12 12  6 12  9 10 12 12 10 11 12 
 0 12 12  0 12 12 12 12 12 12  0  0  0  0  0  0 12 12  0  0 12 12  0  0  0  0  0  0  0  0  0 12 12  0  0 12 12  0  0  0  0  0  0  0 12  0  0  0  0  0  0  0  0  0  0 12 12  0  0  0  0  0  0  0 12  0  0  0  0 12  0 16  8 10  7  7 10 11  8 12 12 12 12 13 11 10 12 12 12 12 17  8  9  9  4 12 12 12 12 12  9  6  7  6  9  9 12 12 12  9 12 12 12 10 12 12 13 12 12 12 12 12 14 12  8  6 12 12 12 12  6 12  9 10 12 12 10 11 12 
 0 12 12  0 12 12 12 12 12 12  0  0  0  0  0  0 12 12  0  0 12 12  0  0  0  0  0  0  0  0  0 12 12  0  0 12 12  0  0  0  0  0  0  0 12  0  0  0  0  0  0  0  0  0  0 12 12  0  0  0  0  0  0  0 12  0  0  0  0 12  0 16  8 10  7  7 10 11  8 12 12 12 12 13 11 10 12 12 12 12 17  8  9  9  4 12 12 12 12 12  9  6  7  6  9  9 12 12 12  9 12 12 12 10 12 12 13 12 12 12 12 12 14 12  8  6 12 12 12 12  6 12  9 10 12 12 10 11 12 
12  8  8 12  8  8  8  8  8  8 12 12 12 12 12 12  8  8 12 12  8  8 12 12 12 12 12 12 12 12 12  0  0 12 12  8  8 12 12 12 12 12 12 12  0 12 12 12 12 12 12 12 12 12 12  0  0 12 12 12 12 12 12 12  0 12 12 12 12  8 12 12  8  6  8  7  9  5 11  8  8  8  8  7  5  5  7  8  6  7 15  7  9  9 11  0  0  0  0  0  9  9  7  8  4  8  8  8  8  3  0  0  0  4  6  6  7  8  8  8  8  8  6  0 11 13  8  8  8  8  6  7  5  4  8  8  5  5  9 
 0 12 12  0 12 12 12 12 12 12  0  0  0  0  0  0 12 12  0  0 12 12  0  0  0  0  0  0  0  0  0 12 12  0  0 12 12  0  0  0  0  0  0  0 12  0  0  0  0  0  0  0  0  0  0 12 12  0  0  0  0  0  0  0 12  0  0  0  0 12  0 16  8 10  7  7 10 11  8 12 12 12 12 13 11 10 12 12 12 12 17  8  9  9  4 12 12 12 12 12  9  6  7  6  9  9 12 12 12  9 12 12 12 10 12 12 13 12 12 12 12 12 14 12  8  6 12 12 12 12  6 12  9 10 12 12 10 11 12 
 0 12 12  0 12 12 12 12 12 12  0  0  0  0  0  0 12 12  0  0 12 12  0  0  0  0  0  0  0  0  0 12 12  0  0 12 12  0  0  0  0  0  0  0 12  0  0  0  0  0  0  0  0  0  0 12 12  0  0  0  0  0  0  0 12  0  0  0  0 12  0 16  8 10  7  7 10 11  8 12 12 12 12 13 11 10 12 12 12 12 17  8  9  9  4 12 12 12 12 12  9  6  7  6  9  9 12 12 12  9 12 12 12 10 12 12 13 12 12 12 12 12 14 12  8  6 12 12 12 12  6 12  9 10 12 12 10 11 12 
 0 12 12  0 12 12 12 12 12 12  0  0  0  0  0  0 12 12  0  0 12 12  0  0  0  0  0  0  0  0  0 12 12  0  0 12 12  0  0  0  0  0  0  0 12  0  0  0  0  0  0  0  0  0  0 12 12  0  0  0  0  0  0  0 12  0  0  0  0 12  0 16  8 10  7  7 10 11  8 12 12 12 12 13 11 10 12 12 12 12 17  8  9  9  4 12 12 12 12 12  9  6  7  6  9  9 12 12 12  9 12 12 12 10 12 12 13 12 12 12 12 12 14 12  8  6 12 12 12 12  6 12  9 10 12 12 10 11 12 
 0 12 12  0 12 12 12 12 12 12  0  0  0  0  0  0 12 12  0  0 12 12  0  0  0  0  0  0  0  0  0 12 12  0  0 12 12  0  0  0  0  0  0  0 12  0  0  0  0  0  0  0  0  0  0 12 12  0  0  0  0  0  0  0 12  0  0  0  0 12  0 16  8 10  7  7 10 11  8 12 12 12 12 13 11 10 12 12 12 12 17  8  9  9  4 12 12 12 12 12  9  6  7  6  9  9 12 12 12  9 12 12 12 10 12 12 13 12 12 12 12 12 14 12  8  6 12 12 12 12  6 12  9 10 12 12 10 11 12 
12  0  0 12  0  0  0  0  0  0 12 12 12 12 12 12  0  0 12 12  0  0 12 12 12 12 12 12 12 12 12  8  8 12 12  0  0 12 12 12 12 12 12 12  8 12 12 12 12 12 12 12 12 12 12  8  8 12 12 12 12 12 12 12  8 12 12 12 12  0 12 15  8  5  8  7 11  6 10  0  0  0  0  9  6 10  9  0 10  8 15  8  9  8 12  8  8  8  8  8  9 10  7  8  6 10  0  0  0  6  8  8  8  5 10  8  9  0  0  0  0  0  9  8 10 11  0  0  0  0  6 10  8  7  0  0 10  6 12 
 0 12 12  0 12 12 12 12 12 12  0  0  0  0  0  0 12 12  0  0 12 12  0  0  0  0  0  0  0  0  0 12 12  0  0 12 12  0  0  0  0  0  0  0 12  0  0  0  0  0  0  0  0  0  0 12 12  0  0  0  0  0  0  0 12  0  0  0  0 12  0 16  8 10  7  7 10 11  8 12 12 12 12 13 11 10 12 12 12 12 17  8  9  9  4 12 12 12 12 12  9  6  7  6  9  9 12 12 12  9 12 12 12 10 12 12 13 12 12 12 12 12 14 12  8  6 12 12 12 12  6 12  9 10 12 12 10 11 12 
16 15 15 16 15 15 15 15 15 15 16 16 16 16 16 16 15 15 16 16 15 15 16 16 16 16 16 16 16 16 16 12 12 16 16 15 15 16 16 16 16 16 16 16 12 16 16 16 16 16 16 16 16 16 16 12 12 16 16 16 16 16 16 16 12 16 16 16 16 15 16  0 13 15 10  9 15 13 16 15 15 15 15 12 12 12 10 15 11  7  8 10 13 13 15 12 12 12 12 12 13 12  9 10 13 12 15 15 15 13 12 12 12 12 11 11 12 15 15 15 15 15 16 12 16 15 15 15 15 15 12 12 12 15 15 15 12 12  5 
 8  8  8  8  8  8  8  8  8  8  8  8  8  8  8  8  8  8  8  8  8  8  8  8  8  8  8  8  8  8  8  8  8  8  8  8  8  8  8  8  8  8  8  8  8  8  8  8  8  8  8  8  8  8  8  8  8  8  8  8  8  8  8  8  8  8  8  8  8  8  8 13  0  7  5  4  9  7  7  8  8  8  8  9  7  6  8  8  8  8 15  5  8  8  7  8  8  8  8  8  8  4  4  5  5  5  8  8  8  5  8  8  8  4  8  8  9  8  8  8  8  8 11  8  5  7  8  8  8  8  2  8  5  7  8  8  6  7 11 
10  5  5 10  5  5  5  5  5  5 10 10 10 10 10 10  5  5 10 10  5  5 10 10 10 10 10 10 10 10 10  6  6 10 10  5  5 10 10 10 10 10 10 10  6 10 10 10 10 10 10 10 10 10 10  6  6 10 10 10 10 10 10 10  6 10 10 10 10  5 10 15  7  0  7  8  8  3  5  5  5  5  5 10  7  8 10  5  8  9 16  8  9  9  8  6  6  6  6  6  9  6  8  8  5  6  5  5  5  6  6  6  6  5  8  9 10  5  5  5  5  5  5  6  7 10  5  5  5  5  7 10  5  3  5  5  8  7 11 
 7  8  8  7  8  8  8  8  8  8  7  7  7  7  7  7  8  8  7  7  8  8  7  7  7  7  7  7  7  7  7  8  8  7  7  8  8  7  7  7  7  7  7  7  8  7  7  7  7  7  7  7  7  7  7  8  8  7  7  7  7  7  7  7  8  7  7  7  7  8  7 10  5  7  0  1  7  7  8  8  8  8  8 11  7  8 10  8 10  9 12  2  3  4  7  8  8  8  8  8  3  3  1  1  7  4  8  8  8  7  8  8  8  6 10  9 11  8  8  8  8  8 11  8  6  6  8  8  8  8  4 10  5  8  8  8  8  7 11 
 7  7  7  7  7  7  7  7  7  7  7  7  7  7  7  7  7  7  7  7  7  7  7  7  7  7  7  7  7  7  7  7  7  7  7  7  7  7  7  7  7  7  7  7  7  7  7  7  7  7  7  7  7  7  7  7  7  7  7  7  7  7  7  7  7  7  7  7  7  7  7  9  4  8  1  0  7  6  7  7  7  7  7 10  6  7  9  7  9  8 11  1  4  4  6  7  7  7  7  7  4  3  0  1  6  3  7  7  7  6  7  7  7  5  9  8 10  7  7  7  7  7 11  7  7  7  7  7  7  7  3  9  4  7  7  7  7  6 10 
10 11 11 10 11 11 11 11 11 11 10 10 10 10 10 10 11 11 10 10 11 11 10 10 10 10 10 10 10 10 10  9  9 10 10 11 11 10 10 10 10 10 10 10  9 10 10 10 10 10 10 10 10 10 10  9  9 10 10 10 10 10 10 10  9 10 10 10 10 11 10 15  9  8  7  7  0  9 12 11 11 11 11 10 11  7  9 11  9  9 15  8  9  9 13  9  9  9  9  9  9  5  7  8  6 10 11 11 11  6  9  9  9  7  9  9 10 11 11 11 11 11  7  9  6 10 11 11 11 11  7  9  8 10 11 11  7 11 13 
11  6  6 11  6  6  6  6  6  6 11 11 11 11 11 11  6  6 11 11  6  6 11 11 11 11 11 11 11 11 11  5  5 11 11  6  6 11 11 11 11 11 11 11  5 11 11 11 11 11 11 11 11 11 11  5  5 11 11 11 11 11 11 11  5 11 11 11 11  6 11 13  7  3  7  6  9  0  7  6  6  6  6  7  4  6  7  6  8  7 14  6  7  7 10  5  5  5  5  5  7  7  6  7  5  7  6  6  6  5  5  5  5  3  8  6  7  6  6  6  6  6  7  5  8 11  6  6  6  6  7  7  5  2  6  6  6  4 10 
 8 10 10  8 10 10 10 10 10 10  8  8  8  8  8  8 10 10  8  8 10 10  8  8  8  8  8  8  8  8  8 11 11  8  8 10 10  8  8  8  8  8  8  8 11  8  8  8  8  8  8  8  8  8  8 11 11  8  8  8  8  8  8  8 11  8  8  8  8 10  8 16  7  5  8  7 12  7  0 10 10 10 10 14  9 12 14 10 13 14 18  8 10  9  7 11 11 11 11 11 10  7  7  8 10  8 10 10 10 11 11 11 11 10 13 13 14 10 10 10 10 10  9 11  8  7 10 10 10 10  8 14  8  8 10 10 12  9 12 
12  0  0 12  0  0  0  0  0  0 12 12 12 12 12 12  0  0 12 12  0  0 12 12 12 12 12 12 12 12 12  8  8 12 12  0  0 12 12 12 12 12 12 12  8 12 12 12 12 12 12 12 12 12 12  8  8 12 12 12 12 12 12 12  8 12 12 12 12  0 12 15  8  5  8  7 11  6 10  0  0  0  0  9  6 10  9  0 10  8 15  8  9  8 12  8  8  8  8  8  9 10  7  8  6 10  0  0  0  6  8  8  8  5 10  8  9  0  0  0  0  0  9  8 10 11  0  0  0  0  6 10  8  7  0  0 10  6 12 
12  0  0 12  0  0  0  0  0  0 12 12 12 12 12 12  0  0 12 12  0  0 12 12 12 12 12 12 12 12 12  8  8 12 12  0  0 12 12 12 12 12 12 12  8 12 12 12 12 12 12 12 12 12 12  8  8 12 12 12 12 12 12 12  8 12 12 12 12  0 12 15  8  5  8  7 11  6 10  0  0  0  0  9  6 10  9  0 10  8 15  8  9  8 12  8  8  8  8  8  9 10  7  8  6 10  0  0  0  6  8  8  8  5 10  8  9  0  0  0  0  0  9  8 10 11  0  0  0  0  6 10  8  7  0  0 10  6 12 
12  0  0 12  0  0  0  0  0  0 12 12 12 12 12 12  0  0 12 12  0  0 12 12 12 12 12 12 12 12 12  8  8 12 12  0  0 12 12 12 12 12 12 12  8 12 12 12 12 12 12 12 12 12 12  8  8 12 12 12 12 12 12 12  8 12 12 12 12  0 12 15  8  5  8  7 11  6 10  0  0  0  0  9  6 10  9  0 10  8 15  8  9  8 12  8  8  8  8  8  9 10  7  8  6 10  0  0  0  6  8  8  8  5 10  8  9  0  0  0  0  0  9  8 10 11  0  0  0  0  6 10  8  7  0  0 10  6 12 
12  0  0 12  0  0  0  0  0  0 12 12 12 12 12 12  0  0 12 12  0  0 12 12 12 12 12 12 12 12 12  8  8 12 12  0  0 12 12 12 12 12 12 12  8 12 12 12 12 12 12 12 12 12 12  8  8 12 12 12 12 12 12 12  8 12 12 12 12  0 12 15  8  5  8  7 11  6 10  0  0  0  0  9  6 10  9  0 10  8 15  8  9  8 12  8  8  8  8  8  9 10  7  8  6 10  0  0  0  6  8  8  8  5 10  8  9  0  0  0  0  0  9  8 10 11  0  0  0  0  6 10  8  7  0  0 10  6 12 
13  9  9 13  9  9  9  9  9  9 13 13 13 13 13 13  9  9 13 13  9  9 13 13 13 13 13 13 13 13 13  7  7 13 13  9  9 13 13 13 13 13 13 13  7 13 13 13 13 13 13 13 13 13 13  7  7 13 13 13 13 13 13 13  7 13 13 13 13  9 13 12  9 10 11 10 10  7 14  9  9  9  9  0  7  3  2  9  5  5 14 10 10 10 14  7  7  7  7  7 10 11 10 11  8 11  9  9  9  7  7  7  7  8  5  2  0  9  9  9  9  9 11  7 13 14  9  9  9  9  7  2  6  9  9  9  3  7  9 
11  6  6 11  6  6  6  6  6  6 11 11 11 11 11 11  6  6 11 11  6  6 11 11 11 11 11 11 11 11 11  5  5 11 11  6  6 11 11 11 11 11 11 11  5 11 11 11 11 11 11 11 11 11 11  5  5 11 11 11 11 11 11 11  5 11 11 11 11  6 11 12  7  7  7  6 11  4  9  6  6  6  6  7  0  5  6  6  7  6 13  7  7  7 11  5  5  5  5  5  7  8  6  7  5  7  6  6  6  5  5  5  5  4  7  5  7  6  6  6  6  6 10  5 10 12  6  6  6  6  5  6  3  6  6  6  5  0  7 
10 10 10 10 10 10 10 10 10 10 10 10 10 10 10 10 10 10 10 10 10 10 10 10 10 10 10 10 10 10 10  5  5 10 10 10 10 10 10 10 10 10 10 10  5 10 10 10 10 10 10 10 10 10 10  5  5 10 10 10 10 10 10 10  5 10 10 10 10 10 10 12  6  8  8  7  7  6 12 10 10 10 10  3  5  0  3 10  2  5 14  7  8  8 12  5  5  5  5  5  8  9  7  8  6  8 10 10 10  5  5  5  5  6  2  2  3 10 10 10 10 10  9  5 11 11 10 10 10 10  4  2  4  8 10 10  0  5  8 
12  9  9 12  9  9  9  9  9  9 12 12 12 12 12 12  9  9 12 12  9  9 12 12 12 12 12 12 12 12 12  7  7 12 12  9  9 12 12 12 12 12 12 12  7 12 12 12 12 12 12 12 12 12 12  7  7 12 12 12 12 12 12 12  7 12 12 12 12  9 12 10  8 10 10  9  9  7 14  9  9  9  9  2  6  3  0  9  5  3 14  9 10 10 14  7  7  7  7  7 10 11  9 10  7 10  9  9  9  6  7  7  7  7  5  1  2  9  9  9  9  9 10  7 13 13  9  9  9  9  6  3  6  9  9  9  3  6  7 
12  0  0 12  0  0  0  0  0  0 12 12 12 12 12 12  0  0 12 12  0  0 12 12 12 12 12 12 12 12 12  8  8 12 12  0  0 12 12 12 12 12 12 12  8 12 12 12 12 12 12 12 12 12 12  8  8 12 12 12 12 12 12 12  8 12 12 12 12  0 12 15  8  5  8  7 11  6 10  0  0  0  0  9  6 10  9  0 10  8 15  8  9  8 12  8  8  8  8  8  9 10  7  8  6 10  0  0  0  6  8  8  8  5 10  8  9  0  0  0  0  0  9  8 10 11  0  0  0  0  6 10  8  7  0  0 10  6 12 
12 10 10 12 10 10 10 10 10 10 12 12 12 12 12 12 10 10 12 12 10 10 12 12 12 12 12 12 12 12 12  6  6 12 12 10 10 12 12 12 12 12 12 12  6 12 12 12 12 12 12 12 12 12 12  6  6 12 12 12 12 12 12 12  6 12 12 12 12 10 12 11  8  8 10  9  9  8 13 10 10 10 10  5  7  2  5 10  0  6 14  9 10 10 14  6  6  6  6  6 10 11  9 10  5 10 10 10 10  4  6  6  6  7  0  4  5 10 10 10 10 10  8  6 13 13 10 10 10 10  6  4  6  7 10 10  2  7 10 
12  8  8 12  8  8  8  8  8  8 12 12 12 12 12 12  8  8 12 12  8  8 12 12 12 12 12 12 12 12 12  7  7 12 12  8  8 12 12 12 12 12 12 12  7 12 12 12 12 12 12 12 12 12 12  7  7 12 12 12 12 12 12 12  7 12 12 12 12  8 12  7  8  9  9  8  9  7 14  8  8  8  8  5  6  5  3  8  6  0 11  9 10 10 14  7  7  7  7  7 10 11  8  9  7 10  8  8  8  7  7  7  7  7  6  4  5  8  8  8  8  8 11  7 13 13  8  8  8  8  6  6  6  9  8  8  5  6  4 
17 15 15 17 15 15 15 15 15 15 17 17 17 17 17 17 15 15 17 17 15 15 17 17 17 17 17 17 17 17 17 15 15 17 17 15 15 17 17 17 17 17 17 17 15 17 17 17 17 17 17 17 17 17 17 15 15 17 17 17 17 17 17 17 15 17 17 17 17 15 17  8 15 16 12 11 15 14 18 15 15 15 15 14 13 14 14 15 14 11  0 12 15 15 17 15 15 15 15 15 15 14 11 12 15 14 15 15 15 14 15 15 15 14 14 13 14 15 15 15 15 15 19 15 17 18 15 15 15 15 13 15 13 16 15 15 14 13  7 
 8  8  8  8  8  8  8  8  8  8  8  8  8  8  8  8  8  8  8  8  8  8  8  8  8  8  8  8  8  8  8  7  7  8  8  8  8  8  8  8  8  8  8  8  7  8  8  8  8  8  8  8  8  8  8  7  7  8  8  8  8  8  8  8  7  8  8  8  8  8  8 10  5  8  2  1  8  6  8  8  8  8  8 10  7  7  9  8  9  9 12  0  5  5  7  7  7  7  7  7  5  4  1  2  6  4  8  8  8  6  7  7  7  5  9  9 10  8  8  8  8  8 11  7  8  7  8  8  8  8  3  9  4  8  8  8  7  7 10 
 9  9  9  9  9  9  9  9  9  9  9  9  9  9  9  9  9  9  9  9  9  9  9  9  9  9  9  9  9  9  9  9  9  9  9  9  9  9  9  9  9  9  9  9  9  9  9  9  9  9  9  9  9  9  9  9  9  9  9  9  9  9  9  9  9  9  9  9  9  9  9 13  8  9  3  4  9  7 10  9  9  9  9 10  7  8 10  9 10 10 15  5  0  1  8  9  9  9  9  9  0  4  4  4  6  5  9  9  9  7  9  9  9  7 10  9 10  9  9  9  9  9 11  9  4  8  9  9  9  9  6 10  4  8  9  9  8  7 10 
 9  8  8  9  8  8  8  8  8  8  9  9  9  9  9  9  8  8  9  9  8  8  9  9  9  9  9  9  9  9  9  9  9  9  9  8  8  9  9  9  9  9  9  9  9  9  9  9  9  9  9  9  9  9  9  9  9  9  9  9  9  9  9  9  9  9  9  9  9  8  9 13  8  9  4  4  9  7  9  8  8  8  8 10  7  8 10  8 10 10 15  5  1  0  8  9  9  9  9  9  1  4  4  5  6  6  8  8  8  7  9  9  9  7 10  9 10  8  8  8  8  8 11  9  3  7  8  8  8  8  7 10  4  8  8  8  8  7 10 
 4 12 12  4 12 12 12 12 12 12  4  4  4  4  4  4 12 12  4  4 12 12  4  4  4  4  4  4  4  4  4 11 11  4  4 12 12  4  4  4  4  4  4  4 11  4  4  4  4  4  4  4  4  4  4 11 11  4  4  4  4  4  4  4 11  4  4  4  4 12  4 15  7  8  7  6 13 10  7 12 12 12 12 14 11 12 14 12 14 14 17  7  8  8  0 11 11 11 11 11  8  9  6  7 10  8 12 12 12 11 11 11 11  9 14 13 14 12 12 12 12 12 13 11  9  5 12 12 12 12  9 14  8 11 12 12 12 11 11 
12  8  8 12  8  8  8  8  8  8 12 12 12 12 12 12  8  8 12 12  8  8 12 12 12 12 12 12 12 12 12  0  0 12 12  8  8 12 12 12 12 12 12 12  0 12 12 12 12 12 12 12 12 12 12  0  0 12 12 12 12 12 12 12  0 12 12 12 12  8 12 12  8  6  8  7  9  5 11  8  8  8  8  7  5  5  7  8  6  7 15  7  9  9 11  0  0  0  0  0  9  9  7  8  4  8  8  8  8  3  0  0  0  4  6  6  7  8  8  8  8  8  6  0 11 13  8  8  8  8  6  7  5  4  8  8  5  5  9 
12  8  8 12  8  8  8  8  8  8 12 12 12 12 12 12  8  8 12 12  8  8 12 12 12 12 12 12 12 12 12  0  0 12 12  8  8 12 12 12 12 12 12 12  0 12 12 12 12 12 12 12 12 12 12  0  0 12 12 12 12 12 12 12  0 12 12 12 12  8 12 12  8  6  8  7  9  5 11  8  8  8  8  7  5  5  7  8  6  7 15  7  9  9 11  0  0  0  0  0  9  9  7  8  4  8  8  8  8  3  0  0  0  4  6  6  7  8  8  8  8  8  6  0 11 13  8  8  8  8  6  7  5  4  8  8  5  5  9 
12  8  8 12  8  8  8  8  8  8 12 12 12 12 12 12  8  8 12 12  8  8 12 12 12 12 12 12 12 12 12  0  0 12 12  8  8 12 12 12 12 12 12 12  0 12 12 12 12 12 12 12 12 12 12  0  0 12 12 12 12 12 12 12  0 12 12 12 12  8 12 12  8  6  8  7  9  5 11  8  8  8  8  7  5  5  7  8  6  7 15  7  9  9 11  0  0  0  0  0  9  9  7  8  4  8  8  8  8  3  0  0  0  4  6  6  7  8  8  8  8  8  6  0 11 13  8  8  8  8  6  7  5  4  8  8  5  5  9 
12  8  8 12  8  8  8  8  8  8 12 12 12 12 12 12  8  8 12 12  8  8 12 12 12 12 12 12 12 12 12  0  0 12 12  8  8 12 12 12 12 12 12 12  0 12 12 12 12 12 12 12 12 12 12  0  0 12 12 12 12 12 12 12  0 12 12 12 12  8 12 12  8  6  8  7  9  5 11  8  8  8  8  7  5  5  7  8  6  7 15  7  9  9 11  0  0  0  0  0  9  9  7  8  4  8  8  8  8  3  0  0  0  4  6  6  7  8  8  8  8  8  6  0 11 13  8  8  8  8  6  7  5  4  8  8  5  5  9 
12  8  8 12  8  8  8  8  8  8 12 12 12 12 12 12  8  8 12 12  8  8 12 12 12 12 12 12 12 12 12  0  0 12 12  8  8 12 12 12 12 12 12 12  0 12 12 12 12 12 12 12 12 12 12  0  0 12 12 12 12 12 12 12  0 12 12 12 12  8 12 12  8  6  8  7  9  5 11  8  8  8  8  7  5  5  7  8  6  7 15  7  9  9 11  0  0  0  0  0  9  9  7  8  4  8  8  8  8  3  0  0  0  4  6  6  7  8  8  8  8  8  6  0 11 13  8  8  8  8  6  7  5  4  8  8  5  5  9 
 9  9  9  9  9  9  9  9  9  9  9  9  9  9  9  9  9  9  9  9  9  9  9  9  9  9  9  9  9  9  9  9  9  9  9  9  9  9  9  9  9  9  9  9  9  9  9  9  9  9  9  9  9  9  9  9  9  9  9  9  9  9  9  9  9  9  9  9  9  9  9 13  8  9  3  4  9  7 10  9  9  9  9 10  7  8 10  9 10 10 15  5  0  1  8  9  9  9  9  9  0  4  4  4  6  5  9  9  9  7  9  9  9  7 10  9 10  9  9  9  9  9 11  9  4  8  9  9  9  9  6 10  4  8  9  9  8  7 10 
 6 10 10  6 10 10 10 10 10 10  6  6  6  6  6  6 10 10  6  6 10 10  6  6  6  6  6  6  6  6  6  9  9  6  6 10 10  6  6  6  6  6  6  6  9  6  6  6  6  6  6  6  6  6  6  9  9  6  6  6  6  6  6  6  9  6  6  6  6 10  6 12  4  6  3  3  5  7  7 10 10 10 10 11  8  9 11 10 11 11 14  4  4  4  9  9  9  9  9  9  4  0  3  3  7  5 10 10 10  8  9  9  9  6 11 10 11 10 10 10 10 10 10  9  5  5 10 10 10 10  6 11  5  9 10 10  9  8 12 
 7  7  7  7  7  7  7  7  7  7  7  7  7  7  7  7  7  7  7  7  7  7  7  7  7  7  7  7  7  7  7  7  7  7  7  7  7  7  7  7  7  7  7  7  7  7  7  7  7  7  7  7  7  7  7  7  7  7  7  7  7  7  7  7  7  7  7  7  7  7  7  9  4  8  1  0  7  6  7  7  7  7  7 10  6  7  9  7  9  8 11  1  4  4  6  7  7  7  7  7  4  3  0  1  6  3  7  7  7  6  7  7  7  5  9  8 10  7  7  7  7  7 11  7  7  7  7  7  7  7  3  9  4  7  7  7  7  6 10 
 6  8  8  6  8  8  8  8  8  8  6  6  6  6  6  6  8  8  6  6  8  8  6  6  6  6  6  6  6  6  6  8  8  6  6  8  8  6  6  6  6  6  6  6  8  6  6  6  6  6  6  6  6  6  6  8  8  6  6  6  6  6  6  6  8  6  6  6  6  8  6 10  5  8  1  1  8  7  8  8  8  8  8 11  7  8 10  8 10  9 12  2  4  5  7  8  8  8  8  8  4  3  1  0  6  4  8  8  8  7  8  8  8  6 10  9 11  8  8  8  8  8 12  8  7  7  8  8  8  8  4 10  5  8  8  8  8  7 11 
 9  6  6  9  6  6  6  6  6  6  9  9  9  9  9  9  6  6  9  9  6  6  9  9  9  9  9  9  9  9  9  4  4  9  9  6  6  9  9  9  9  9  9  9  4  9  9  9  9  9  9  9  9  9  9  4  4  9  9  9  9  9  9  9  4  9  9  9  9  6  9 13  5  5  7  6  6  5 10  6  6  6  6  8  5  6  7  6  5  7 15  6  6  6 10  4  4  4  4  4  6  7  6  6  0  7  6  6  6  3  4  4  4  5  5  7  8  6  6  6  6  6  7  4  9 10  6  6  6  6  3  8  2  4  6  6  6  5 10 
 9 10 10  9 10 10 10 10 10 10  9  9  9  9  9  9 10 10  9  9 10 10  9  9  9  9  9  9  9  9  9  8  8  9  9 10 10  9  9  9  9  9  9  9  8  9  9  9  9  9  9  9  9  9  9  8  8  9  9  9  9  9  9  9  8  9  9  9  9 10  9 12  5  6  4  3 10  7  8 10 10 10 10 11  7  8 10 10 10 10 14  4  5  6  8  8  8  8  8  8  5  5  3  4  7  0 10 10 10  7  8  8  8  7 10  9 11 10 10 10 10 10 11  8  6  5 10 10 10 10  4 10  5  9 10 10  8  7 11 
12  0  0 12  0  0  0  0  0  0 12 12 12 12 12 12  0  0 12 12  0  0 12 12 12 12 12 12 12 12 12  8  8 12 12  0  0 12 12 12 12 12 12 12  8 12 12 12 12 12 12 12 12 12 12  8  8 12 12 12 12 12 12 12  8 12 12 12 12  0 12 15  8  5  8  7 11  6 10  0  0  0  0  9  6 10  9  0 10  8 15  8  9  8 12  8  8  8  8  8  9 10  7  8  6 10  0  0  0  6  8  8  8  5 10  8  9  0  0  0  0  0  9  8 10 11  0  0  0  0  6 10  8  7  0  0 10  6 12 
12  0  0 12  0  0  0  0  0  0 12 12 12 12 12 12  0  0 12 12  0  0 12 12 12 12 12 12 12 12 12  8  8 12 12  0  0 12 12 12 12 12 12 12  8 12 12 12 12 12 12 12 12 12 12  8  8 12 12 12 12 12 12 12  8 12 12 12 12  0 12 15  8  5  8  7 11  6 10  0  0  0  0  9  6 10  9  0 10  8 15  8  9  8 12  8  8  8  8  8  9 10  7  8  6 10  0  0  0  6  8  8  8  5 10  8  9  0  0  0  0  0  9  8 10 11  0  0  0  0  6 10  8  7  0  0 10  6 12 
12  0  0 12  0  0  0  0  0  0 12 12 12 12 12 12  0  0 12 12  0  0 12 12 12 12 12 12 12 12 12  8  8 12 12  0  0 12 12 12 12 12 12 12  8 12 12 12 12 12 12 12 12 12 12  8  8 12 12 12 12 12 12 12  8 12 12 12 12  0 12 15  8  5  8  7 11  6 10  0  0  0  0  9  6 10  9  0 10  8 15  8  9  8 12  8  8  8  8  8  9 10  7  8  6 10  0  0  0  6  8  8  8  5 10  8  9  0  0  0  0  0  9  8 10 11  0  0  0  0  6 10  8  7  0  0 10  6 12 
 9  6  6  9  6  6  6  6  6  6  9  9  9  9  9  9  6  6  9  9  6  6  9  9  9  9  9  9  9  9  9  3  3  9  9  6  6  9  9  9  9  9  9  9  3  9  9  9  9  9  9  9  9  9  9  3  3  9  9  9  9  9  9  9  3  9  9  9  9  6  9 13  5  6  7  6  6  5 11  6  6  6  6  7  5  5  6  6  4  7 14  6  7  7 11  3  3  3  3  3  7  8  6  7  3  7  6  6  6  0  3  3  3  5  4  6  7  6  6  6  6  6  7  3 10 10  6  6  6  6  3  7  3  4  6  6  5  5  8 
12  8  8 12  8  8  8  8  8  8 12 12 12 12 12 12  8  8 12 12  8  8 12 12 12 12 12 12 12 12 12  0  0 12 12  8  8 12 12 12 12 12 12 12  0 12 12 12 12 12 12 12 12 12 12  0  0 12 12 12 12 12 12 12  0 12 12 12 12  8 12 12  8  6  8  7  9  5 11  8  8  8  8  7  5  5  7  8  6  7 15  7  9  9 11  0  0  0  0  0  9  9  7  8  4  8  8  8  8  3  0  0  0  4  6  6  7  8  8  8  8  8  6  0 11 13  8  8  8  8  6  7  5  4  8  8  5  5  9 
12  8  8 12  8  8  8  8  8  8 12 12 12 12 12 12  8  8 12 12  8  8 12 12 12 12 12 12 12 12 12  0  0 12 12  8  8 12 12 12 12 12 12 12  0 12 12 12 12 12 12 12 12 12 12  0  0 12 12 12 12 12 12 12  0 12 12 12 12  8 12 12  8  6  8  7  9  5 11  8  8  8  8  7  5  5  7  8  6  7 15  7  9  9 11  0  0  0  0  0  9  9  7  8  4  8  8  8  8  3  0  0  0  4  6  6  7  8  8  8  8  8  6  0 11 13  8  8  8  8  6  7  5  4  8  8  5  5  9 
12  8  8 12  8  8  8  8  8  8 12 12 12 12 12 12  8  8 12 12  8  8 12 12 12 12 12 12 12 12 12  0  0 12 12  8  8 12 12 12 12 12 12 12  0 12 12 12 12 12 12 12 12 12 12  0  0 12 12 12 12 12 12 12  0 12 12 12 12  8 12 12  8  6  8  7  9  5 11  8  8  8  8  7  5  5  7  8  6  7 15  7  9  9 11  0  0  0  0  0  9  9  7  8  4  8  8  8  8  3  0  0  0  4  6  6  7  8  8  8  8  8  6  0 11 13  8  8  8  8  6  7  5  4  8  8  5  5  9 
10  5  5 10  5  5  5  5  5  5 10 10 10 10 10 10  5  5 10 10  5  5 10 10 10 10 10 10 10 10 10  4  4 10 10  5  5 10 10 10 10 10 10 10  4 10 10 10 10 10 10 10 10 10 10  4  4 10 10 10 10 10 10 10  4 10 10 10 10  5 10 12  4  5  6  5  7  3 10  5  5  5  5  8  4  6  7  5  7  7 14  5  7  7  9  4  4  4  4  4  7  6  5  6  5  7  5  5  5  5  4  4  4  0  7  6  8  5  5  5  5  5  8  4  7  9  5  5  5  5  6  8  3  4  5  5  6  4  7 
12 10 10 12 10 10 10 10 10 10 12 12 12 12 12 12 10 10 12 12 10 10 12 12 12 12 12 12 12 12 12  6  6 12 12 10 10 12 12 12 12 12 12 12  6 12 12 12 12 12 12 12 12 12 12  6  6 12 12 12 12 12 12 12  6 12 12 12 12 10 12 11  8  8 10  9  9  8 13 10 10 10 10  5  7  2  5 10  0  6 14  9 10 10 14  6  6  6  6  6 10 11  9 10  5 10 10 10 10  4  6  6  6  7  0  4  5 10 10 10 10 10  8  6 13 13 10 10 10 10  6  4  6  7 10 10  2  7 10 
12  8  8 12  8  8  8  8  8  8 12 12 12 12 12 12  8  8 12 12  8  8 12 12 12 12 12 12 12 12 12  6  6 12 12  8  8 12 12 12 12 12 12 12  6 12 12 12 12 12 12 12 12 12 12  6  6 12 12 12 12 12 12 12  6 12 12 12 12  8 12 11  8  9  9  8  9  6 13  8  8  8  8  2  5  2  1  8  4  4 13  9  9  9 13  6  6  6  6  6  9 10  8  9  7  9  8  8  8  6  6  6  6  6  4  0  2  8  8  8  8  8  9  6 12 13  8  8  8  8  6  2  5  8  8  8  2  5  8 
13  9  9 13  9  9  9  9  9  9 13 13 13 13 13 13  9  9 13 13  9  9 13 13 13 13 13 13 13 13 13  7  7 13 13  9  9 13 13 13 13 13 13 13  7 13 13 13 13 13 13 13 13 13 13  7  7 13 13 13 13 13 13 13  7 13 13 13 13  9 13 12  9 10 11 10 10  7 14  9  9  9  9  0  7  3  2  9  5  5 14 10 10 10 14  7  7  7  7  7 10 11 10 11  8 11  9  9  9  7  7  7  7  8  5  2  0  9  9  9  9  9 11  7 13 14  9  9  9  9  7  2  6  9  9  9  3  7  9 
12  0  0 12  0  0  0  0  0  0 12 12 12 12 12 12  0  0 12 12  0  0 12 12 12 12 12 12 12 12 12  8  8 12 12  0  0 12 12 12 12 12 12 12  8 12 12 12 12 12 12 12 12 12 12  8  8 12 12 12 12 12 12 12  8 12 12 12 12  0 12 15  8  5  8  7 11  6 10  0  0  0  0  9  6 10  9  0 10  8 15  8  9  8 12  8  8  8  8  8  9 10  7  8  6 10  0  0  0  6  8  8  8  5 10  8  9  0  0  0  0  0  9  8 10 11  0  0  0  0  6 10  8  7  0  0 10  6 12 
12  0  0 12  0  0  0  0  0  0 12 12 12 12 12 12  0  0 12 12  0  0 12 12 12 12 12 12 12 12 12  8  8 12 12  0  0 12 12 12 12 12 12 12  8 12 12 12 12 12 12 12 12 12 12  8  8 12 12 12 12 12 12 12  8 12 12 12 12  0 12 15  8  5  8  7 11  6 10  0  0  0  0  9  6 10  9  0 10  8 15  8  9  8 12  8  8  8  8  8  9 10  7  8  6 10  0  0  0  6  8  8  8  5 10  8  9  0  0  0  0  0  9  8 10 11  0  0  0  0  6 10  8  7  0  0 10  6 12 
12  0  0 12  0  0  0  0  0  0 12 12 12 12 12 12  0  0 12 12  0  0 12 12 12 12 12 12 12 12 12  8  8 12 12  0  0 12 12 12 12 12 12 12  8 12 12 12 12 12 12 12 12 12 12  8  8 12 12 12 12 12 12 12  8 12 12 12 12  0 12 15  8  5  8  7 11  6 10  0  0  0  0  9  6 10  9  0 10  8 15  8  9  8 12  8  8  8  8  8  9 10  7  8  6 10  0  0  0  6  8  8  8  5 10  8  9  0  0  0  0  0  9  8 10 11  0  0  0  0  6 10  8  7  0  0 10  6 12 
12  0  0 12  0  0  0  0  0  0 12 12 12 12 12 12  0  0 12 12  0  0 12 12 12 12 12 12 12 12 12  8  8 12 12  0  0 12 12 12 12 12 12 12  8 12 12 12 12 12 12 12 12 12 12  8  8 12 12 12 12 12 12 12  8 12 12 12 12  0 12 15  8  5  8  7 11  6 10  0  0  0  0  9  6 10  9  0 10  8 15  8  9  8 12  8  8  8  8  8  9 10  7  8  6 10  0  0  0  6  8  8  8  5 10  8  9  0  0  0  0  0  9  8 10 11  0  0  0  0  6 10  8  7  0  0 10  6 12 
12  0  0 12  0  0  0  0  0  0 12 12 12 12 12 12  0  0 12 12  0  0 12 12 12 12 12 12 12 12 12  8  8 12 12  0  0 12 12 12 12 12 12 12  8 12 12 12 12 12 12 12 12 12 12  8  8 12 12 12 12 12 12 12  8 12 12 12 12  0 12 15  8  5  8  7 11  6 10  0  0  0  0  9  6 10  9  0 10  8 15  8  9  8 12  8  8  8  8  8  9 10  7  8  6 10  0  0  0  6  8  8  8  5 10  8  9  0  0  0  0  0  9  8 10 11  0  0  0  0  6 10  8  7  0  0 10  6 12 
14  9  9 14  9  9  9  9  9  9 14 14 14 14 14 14  9  9 14 14  9  9 14 14 14 14 14 14 14 14 14  6  6 14 14  9  9 14 14 14 14 14 14 14  6 14 14 14 14 14 14 14 14 14 14  6  6 14 14 14 14 14 14 14  6 14 14 14 14  9 14 16 11  5 11 11  7  7  9  9  9  9  9 11 10  9 10  9  8 11 19 11 11 11 13  6  6  6  6  6 11 10 11 12  7 11  9  9  9  7  6  6  6  8  8  9 11  9  9  9  9  9  0  6 11 12  9  9  9  9 10 11  7  8  9  9  9 10 13 
12  8  8 12  8  8  8  8  8  8 12 12 12 12 12 12  8  8 12 12  8  8 12 12 12 12 12 12 12 12 12  0  0 12 12  8  8 12 12 12 12 12 12 12  0 12 12 12 12 12 12 12 12 12 12  0  0 12 12 12 12 12 12 12  0 12 12 12 12  8 12 12  8  6  8  7  9  5 11  8  8  8  8  7  5  5  7  8  6  7 15  7  9  9 11  0  0  0  0  0  9  9  7  8  4  8  8  8  8  3  0  0  0  4  6  6  7  8  8  8  8  8  6  0 11 13  8  8  8  8  6  7  5  4  8  8  5  5  9 
 8 10 10  8 10 10 10 10 10 10  8  8  8  8  8  8 10 10  8  8 10 10  8  8  8  8  8  8  8  8  8 11 11  8  8 10 10  8  8  8  8  8  8  8 11  8  8  8  8  8  8  8  8  8  8 11 11  8  8  8  8  8  8  8 11  8  8  8  8 10  8 16  5  7  6  7  6  8  8 10 10 10 10 13 10 11 13 10 13 13 17  8  4  3  9 11 11 11 11 11  4  5  7  7  9  6 10 10 10 10 11 11 11  7 13 12 13 10 10 10 10 10 11 11  0  5 10 10 10 10  7 13  7  9 10 10 11 10 13 
 6 11 11  6 11 11 11 11 11 11  6  6  6  6  6  6 11 11  6  6 11 11  6  6  6  6  6  6  6  6  6 13 13  6  6 11 11  6  6  6  6  6  6  6 13  6  6  6  6  6  6  6  6  6  6 13 13  6  6  6  6  6  6  6 13  6  6  6  6 11  6 15  7 10  6  7 10 11  7 11 11 11 11 14 12 11 13 11 13 13 18  7  8  7  5 13 13 13 13 13  8  5  7  7 10  5 11 11 11 10 13 13 13  9 13 13 14 11 11 11 11 11 12 13  5  0 11 11 11 11  7 13 10 12 11 11 11 12 11 
12  0  0 12  0  0  0  0  0  0 12 12 12 12 12 12  0  0 12 12  0  0 12 12 12 12 12 12 12 12 12  8  8 12 12  0  0 12 12 12 12 12 12 12  8 12 12 12 12 12 12 12 12 12 12  8  8 12 12 12 12 12 12 12  8 12 12 12 12  0 12 15  8  5  8  7 11  6 10  0  0  0  0  9  6 10  9  0 10  8 15  8  9  8 12  8  8  8  8  8  9 10  7  8  6 10  0  0  0  6  8  8  8  5 10  8  9  0  0  0  0  0  9  8 10 11  0  0  0  0  6 10  8  7  0  0 10  6 12 
12  0  0 12  0  0  0  0  0  0 12 12 12 12 12 12  0  0 12 12  0  0 12 12 12 12 12 12 12 12 12  8  8 12 12  0  0 12 12 12 12 12 12 12  8 12 12 12 12 12 12 12 12 12 12  8  8 12 12 12 12 12 12 12  8 12 12 12 12  0 12 15  8  5  8  7 11  6 10  0  0  0  0  9  6 10  9  0 10  8 15  8  9  8 12  8  8  8  8  8  9 10  7  8  6 10  0  0  0  6  8  8  8  5 10  8  9  0  0  0  0  0  9  8 10 11  0  0  0  0  6 10  8  7  0  0 10  6 12 
12  0  0 12  0  0  0  0  0  0 12 12 12 12 12 12  0  0 12 12  0  0 12 12 12 12 12 12 12 12 12  8  8 12 12  0  0 12 12 12 12 12 12 12  8 12 12 12 12 12 12 12 12 12 12  8  8 12 12 12 12 12 12 12  8 12 12 12 12  0 12 15  8  5  8  7 11  6 10  0  0  0  0  9  6 10  9  0 10  8 15  8  9  8 12  8  8  8  8  8  9 10  7  8  6 10  0  0  0  6  8  8  8  5 10  8  9  0  0  0  0  0  9  8 10 11  0  0  0  0  6 10  8  7  0  0 10  6 12 
12  0  0 12  0  0  0  0  0  0 12 12 12 12 12 12  0  0 12 12  0  0 12 12 12 12 12 12 12 12 12  8  8 12 12  0  0 12 12 12 12 12 12 12  8 12 12 12 12 12 12 12 12 12 12  8  8 12 12 12 12 12 12 12  8 12 12 12 12  0 12 15  8  5  8  7 11  6 10  0  0  0  0  9  6 10  9  0 10  8 15  8  9  8 12  8  8  8  8  8  9 10  7  8  6 10  0  0  0  6  8  8  8  5 10  8  9  0  0  0  0  0  9  8 10 11  0  0  0  0  6 10  8  7  0  0 10  6 12 
 6  6  6  6  6  6  6  6  6  6  6  6  6  6  6  6  6  6  6  6  6  6  6  6  6  6  6  6  6  6  6  6  6  6  6  6  6  6  6  6  6  6  6  6  6  6  6  6  6  6  6  6  6  6  6  6  6  6  6  6  6  6  6  6  6  6  6  6  6  6  6 12  2  7  4  3  7  7  8  6  6  6  6  7  5  4  6  6  6  6 13  3  6  7  9  6  6  6  6  6  6  6  3  4  3  4  6  6  6  3  6  6  6  6  6  6  7  6  6  6  6  6 10  6  7  7  6  6  6  6  0  6  5  7  6  6  4  5  9 
12 10 10 12 10 10 10 10 10 10 12 12 12 12 12 12 10 10 12 12 10 10 12 12 12 12 12 12 12 12 12  7  7 12 12 10 10 12 12 12 12 12 12 12  7 12 12 12 12 12 12 12 12 12 12  7  7 12 12 12 12 12 12 12  7 12 12 12 12 10 12 12  8 10 10  9  9  7 14 10 10 10 10  2  6  2  3 10  4  6 15  9 10 10 14  7  7  7  7  7 10 11  9 10  8 10 10 10 10  7  7  7  7  8  4  2  2 10 10 10 10 10 11  7 13 13 10 10 10 10  6  0  6  9 10 10  2  6  9 
 9  8  8  9  8  8  8  8  8  8  9  9  9  9  9  9  8  8  9  9  8  8  9  9  9  9  9  9  9  9  9  5  5  9  9  8  8  9  9  9  9  9  9  9  5  9  9  9  9  9  9  9  9  9  9  5  5  9  9  9  9  9  9  9  5  9  9  9  9  8  9 12  5  5  5  4  8  5  8  8  8  8  8  6  3  4  6  8  6  6 13  4  4  4  8  5  5  5  5  5  4  5  4  5  2  5  8  8  8  3  5  5  5  3  6  5  6  8  8  8  8  8  7  5  7 10  8  8  8  8  5  6  0  4  8  8  4  3  9 
10  7  7 10  7  7  7  7  7  7 10 10 10 10 10 10  7  7 10 10  7  7 10 10 10 10 10 10 10 10 10  4  4 10 10  7  7 10 10 10 10 10 10 10  4 10 10 10 10 10 10 10 10 10 10  4  4 10 10 10 10 10 10 10  4 10 10 10 10  7 10 15  7  3  8  7 10  2  8  7  7  7  7  9  6  8  9  7  7  9 16  8  8  8 11  4  4  4  4  4  8  9  7  8  4  9  7  7  7  4  4  4  4  4  7  8  9  7  7  7  7  7  8  4  9 12  7  7  7  7  7  9  4  0  7  7  8  6 10 
12  0  0 12  0  0  0  0  0  0 12 12 12 12 12 12  0  0 12 12  0  0 12 12 12 12 12 12 12 12 12  8  8 12 12  0  0 12 12 12 12 12 12 12  8 12 12 12 12 12 12 12 12 12 12  8  8 12 12 12 12 12 12 12  8 12 12 12 12  0 12 15  8  5  8  7 11  6 10  0  0  0  0  9  6 10  9  0 10  8 15  8  9  8 12  8  8  8  8  8  9 10  7  8  6 10  0  0  0  6  8  8  8  5 10  8  9  0  0  0  0  0  9  8 10 11  0  0  0  0  6 10  8  7  0  0 10  6 12 
12  0  0 12  0  0  0  0  0  0 12 12 12 12 12 12  0  0 12 12  0  0 12 12 12 12 12 12 12 12 12  8  8 12 12  0  0 12 12 12 12 12 12 12  8 12 12 12 12 12 12 12 12 12 12  8  8 12 12 12 12 12 12 12  8 12 12 12 12  0 12 15  8  5  8  7 11  6 10  0  0  0  0  9  6 10  9  0 10  8 15  8  9  8 12  8  8  8  8  8  9 10  7  8  6 10  0  0  0  6  8  8  8  5 10  8  9  0  0  0  0  0  9  8 10 11  0  0  0  0  6 10  8  7  0  0 10  6 12 
10 10 10 10 10 10 10 10 10 10 10 10 10 10 10 10 10 10 10 10 10 10 10 10 10 10 10 10 10 10 10  5  5 10 10 10 10 10 10 10 10 10 10 10  5 10 10 10 10 10 10 10 10 10 10  5  5 10 10 10 10 10 10 10  5 10 10 10 10 10 10 12  6  8  8  7  7  6 12 10 10 10 10  3  5  0  3 10  2  5 14  7  8  8 12  5  5  5  5  5  8  9  7  8  6  8 10 10 10  5  5  5  5  6  2  2  3 10 10 10 10 10  9  5 11 11 10 10 10 10  4  2  4  8 10 10  0  5  8 
11  6  6 11  6  6  6  6  6  6 11 11 11 11 11 11  6  6 11 11  6  6 11 11 11 11 11 11 11 11 11  5  5 11 11  6  6 11 11 11 11 11 11 11  5 11 11 11 11 11 11 11 11 11 11  5  5 11 11 11 11 11 11 11  5 11 11 11 11  6 11 12  7  7  7  6 11  4  9  6  6  6  6  7  0  5  6  6  7  6 13  7  7  7 11  5  5  5  5  5  7  8  6  7  5  7  6  6  6  5  5  5  5  4  7  5  7  6  6  6  6  6 10  5 10 12  6  6  6  6  5  6  3  6  6  6  5  0  7 
12 12 12 12 12 12 12 12 12 12 12 12 12 12 12 12 12 12 12 12 12 12 12 12 12 12 12 12 12 12 12  9  9 12 12 12 12 12 12 12 12 12 12 12  9 12 12 12 12 12 12 12 12 12 12  9  9 12 12 12 12 12 12 12  9 12 12 12 12 12 12  5 11 11 11 10 13 10 12 12 12 12 12  9  7  8  7 12 10  4  7 10 10 10 11  9  9  9  9  9 10 12 10 11 10 11 12 12 12  8  9  9  9  7 10  8  9 12 12 12 12 12 13  9 13 11 12 12 12 12  9  9  9 10 12 12  8  7  0 
