Instance Date: 20090117

VehicleNumber---RequestNumber---MaxTravelTime---DisinfectionTime
    4              78               90             30

VehicleCapacity---VehicleLunchReadyTime---VehicleLunchDueTime---VehicleLunchDuration
    10                    750                    810                     60

LocationID---StaffDemand---SeatDemand---ReadyTime---DueTime---ServiceTime
    0            0              0          450        1230         0
    1            2              1          480        1200         8
    2            2              1          480        1200         8
    3            2              1          480        1200         8
    4            2              1          480        1200         8
    5            2            1.5          480         710         8
    6            2              3          570         720         8
    7            2              3          570         720         8
    8            2              1          600         750         8
    9            2              1          630         750         8
   10            2              1          480         750         8
   11            3              3          480         750         8
   12            2              1          750        1200         8
   13            2              1          750        1200         8
   14            2              1          480         750         8
   15            2              1          720         840         8
   16            3              3          666         816         8
   17            2              3          682         832         8
   18            2              3          480         750         8
   19            2              1          480        1200         8
   20            2              1          750        1200         8
   21            2              3          750        1200         8
   22            2              1          480         750         8
   23            2              3          750        1200         8
   24            2              1          840         960         8
   25            2              1          930        1050         8
   26            2              1          480        1200         8
   27            2              3          480        1200         8
   28            2              1          780         930         8
   29            2              3          480        1200         8
   30            2              3          930        1050         8
   31            2              1          900        1020         8
   32            2              3          810         960         8
   33            2              1          480        1200         8
   34            2              3          480        1200         8
   35            2              1          480        1200         8
   36            2              3          900        1020         8
   37            2              3          900        1020         8
   38            2              1          930        1050         8
   39            2              1          829         979         8
   40            2              3          720         870         8
   41            2              3          798         948         8
   42            2              1          798         948         8
   43            2              3          845         965         8
   44            2              3          728         848         8
   45            2              1          840         960         8
   46            2              1          480        1200         8
   47            2              3          480        1200         8
   48            2              3          843         963         8
   49            2              1          480        1200         8
   50            2              3          874         994         8
   51            2              1          900        1020         8
   52            2              1          480        1200         8
   53            2              1          480        1200         8
   54            2              3          750        1200         8
   55            2              1          834         954         8
   56            2              1          668         788         8
   57            2              1          750        1200         8
   58            2              1          480        1200         8
   59            2              3          750        1200         8
   60            2            1.5          868         988         8
   61            2              1          750        1200         8
   62            2              1          480        1200         8
   63            2            1.5          960        1080         8
   64            2              1          960        1080         8
   65            2              1          480        1200         8
   66            2              3          480        1200         8
   67            2              1          480        1200         8
   68            2              1          750        1200         8
   69            2              1          480        1200         8
   70            2              3          918        1038         8
   71            2              1          750        1200         8
   72            2              1          840         960         8
   73            3              3          480        1200         8
   74            3              3          845         965         8
   75            2              1          750        1200         8
   76            2              1          480        1200         8
   77            2              1          480        1200         8
   78            2              1          960        1080         8
   79            2             -1          480        1200         3
   80            2             -1          480        1200        10
   81            2             -1          480        1200        10
   82            2             -1          480        1200        10
   83            2           -1.5          465         740         3
   84            2             -3          570         750         3
   85            2             -3          570         750         3
   86            2             -1          600         780         3
   87            2             -1          630         770        10
   88            2             -1          480         750        10
   89            3             -3          480         750         3
   90            2             -1          750        1200        10
   91            2             -1          750        1200        10
   92            2             -1          480         750        10
   93            2             -1          720         860        10
   94            3             -3          666         846         3
   95            2             -3          682         862         3
   96            2             -3          480         750        10
   97            2             -1          480        1200        10
   98            2             -1          750        1200        10
   99            2             -3          750        1200        10
  100            2             -1          480         750        10
  101            2             -3          750        1200        10
  102            2             -1          840         980        10
  103            2             -1          930        1080        10
  104            2             -1          480        1200         3
  105            2             -3          480        1200         3
  106            2             -1          780         960         3
  107            2             -3          480        1200         3
  108            2             -3          930        1070        10
  109            2             -1          900        1040        10
  110            2             -3          810         990         3
  111            2             -1          480        1200         3
  112            2             -3          480        1200         3
  113            2             -1          480        1200         3
  114            2             -3          900        1040        10
  115            2             -3          900        1040        10
  116            2             -1          930        1070        10
  117            2             -1          829        1009         3
  118            2             -3          720         900         3
  119            2             -3          798         978         3
  120            2             -1          798         978         3
  121            2             -3          845         995        10
  122            2             -3          728         878        10
  123            2             -1          840         980        10
  124            2             -1          480        1200        10
  125            2             -3          480        1200        10
  126            2             -3          843         983        10
  127            2             -1          480        1200        10
  128            2             -3          874        1024        10
  129            2             -1          900        1050        10
  130            2             -1          480        1200        10
  131            2             -1          480        1200        10
  132            2             -3          750        1200         3
  133            2             -1          834         974        10
  134            2             -1          668         818        10
  135            2             -1          750        1200        10
  136            2             -1          480        1200        10
  137            2             -3          750        1200         3
  138            2           -1.5          868        1008         3
  139            2             -1          750        1200         3
  140            2             -1          480        1200         3
  141            2           -1.5          960        1100        10
  142            2             -1          960        1100        10
  143            2             -1          480        1200        10
  144            2             -3          480        1200        10
  145            2             -1          480        1200        10
  146            2             -1          750        1200        10
  147            2             -1          480        1200        10
  148            2             -3          918        1068        10
  149            2             -1          750        1200         3
  150            2             -1          840         980        10
  151            3             -3          480        1200        10
  152            3             -3          845         985         9
  153            2             -1          750        1200        10
  154            2             -1          480        1200        10
  155            2             -1          480        1200        10
  156            2             -1          960        1100        10

Travel Time Between Locations
 0 11 11 11 11 11  0  0  0  0  0  0 11 11 11 11  0  0  0 11 11 11  0  0 11 12  0  0  0  0 12 12  0  0  0  0 12 12 12  0  0  0  0  0  0 11 11  0  0  0  0  0  0  0 11  0  0  0 11  0  0  0  0 12 12  0 11 11 11  0  0  0 11  0  0 11 11  0 12 16 14 14 15  0 12 12 12  9  8  9  4  5  6  6 11 11 10 14 13 13 15 12 13 14 12 12 12 12 12 14 12 12 12 12 10 11  9 11 11 11 11 14 12 13 15  6  6  9 16 14 12 16 16  5 12  5 12 11 11 11 12 13  7 13  5  8 11 14 15 11  6 10 11  8 10  6 15 
11  0  0  0  0  0 11 11 11 11 11 11  0  0  0  0 11 11 11  0  0  0 11 11  0  8 11 11 11 11  8  8 11 11 11 11  8  8  8 11 11 11 11 11 11  0  0 11 11 11 11 11 11 11  0 11 11 11  0 11 11 11 11  8  8 11  0  0  0 11 11 11  0 11 11  0  0 11  8 17 13 13 14 11  8  8  8 11 10  7 11  8  6  8  0  0  6 10  8  8 10  8  9 13  8  8  8  8  8  9  8  8  8  8  5  6  8  0  0  0  0 10  8  8 10 10  8 11 12 10  8 17  9  6  6  6  7  0  0  0  8  9 10 12 11 12 10 10 11  0  7  6  5 11  5  7 10 
11  0  0  0  0  0 11 11 11 11 11 11  0  0  0  0 11 11 11  0  0  0 11 11  0  8 11 11 11 11  8  8 11 11 11 11  8  8  8 11 11 11 11 11 11  0  0 11 11 11 11 11 11 11  0 11 11 11  0 11 11 11 11  8  8 11  0  0  0 11 11 11  0 11 11  0  0 11  8 17 13 13 14 11  8  8  8 11 10  7 11  8  6  8  0  0  6 10  8  8 10  8  9 13  8  8  8  8  8  9  8  8  8  8  5  6  8  0  0  0  0 10  8  8 10 10  8 11 12 10  8 17  9  6  6  6  7  0  0  0  8  9 10 12 11 12 10 10 11  0  7  6  5 11  5  7 10 
11  0  0  0  0  0 11 11 11 11 11 11  0  0  0  0 11 11 11  0  0  0 11 11  0  8 11 11 11 11  8  8 11 11 11 11  8  8  8 11 11 11 11 11 11  0  0 11 11 11 11 11 11 11  0 11 11 11  0 11 11 11 11  8  8 11  0  0  0 11 11 11  0 11 11  0  0 11  8 17 13 13 14 11  8  8  8 11 10  7 11  8  6  8  0  0  6 10  8  8 10  8  9 13  8  8  8  8  8  9  8  8  8  8  5  6  8  0  0  0  0 10  8  8 10 10  8 11 12 10  8 17  9  6  6  6  7  0  0  0  8  9 10 12 11 12 10 10 11  0  7  6  5 11  5  7 10 
11  0  0  0  0  0 11 11 11 11 11 11  0  0  0  0 11 11 11  0  0  0 11 11  0  8 11 11 11 11  8  8 11 11 11 11  8  8  8 11 11 11 11 11 11  0  0 11 11 11 11 11 11 11  0 11 11 11  0 11 11 11 11  8  8 11  0  0  0 11 11 11  0 11 11  0  0 11  8 17 13 13 14 11  8  8  8 11 10  7 11  8  6  8  0  0  6 10  8  8 10  8  9 13  8  8  8  8  8  9  8  8  8  8  5  6  8  0  0  0  0 10  8  8 10 10  8 11 12 10  8 17  9  6  6  6  7  0  0  0  8  9 10 12 11 12 10 10 11  0  7  6  5 11  5  7 10 
11  0  0  0  0  0 11 11 11 11 11 11  0  0  0  0 11 11 11  0  0  0 11 11  0  8 11 11 11 11  8  8 11 11 11 11  8  8  8 11 11 11 11 11 11  0  0 11 11 11 11 11 11 11  0 11 11 11  0 11 11 11 11  8  8 11  0  0  0 11 11 11  0 11 11  0  0 11  8 17 13 13 14 11  8  8  8 11 10  7 11  8  6  8  0  0  6 10  8  8 10  8  9 13  8  8  8  8  8  9  8  8  8  8  5  6  8  0  0  0  0 10  8  8 10 10  8 11 12 10  8 17  9  6  6  6  7  0  0  0  8  9 10 12 11 12 10 10 11  0  7  6  5 11  5  7 10 
 0 11 11 11 11 11  0  0  0  0  0  0 11 11 11 11  0  0  0 11 11 11  0  0 11 12  0  0  0  0 12 12  0  0  0  0 12 12 12  0  0  0  0  0  0 11 11  0  0  0  0  0  0  0 11  0  0  0 11  0  0  0  0 12 12  0 11 11 11  0  0  0 11  0  0 11 11  0 12 16 14 14 15  0 12 12 12  9  8  9  4  5  6  6 11 11 10 14 13 13 15 12 13 14 12 12 12 12 12 14 12 12 12 12 10 11  9 11 11 11 11 14 12 13 15  6  6  9 16 14 12 16 16  5 12  5 12 11 11 11 12 13  7 13  5  8 11 14 15 11  6 10 11  8 10  6 15 
 0 11 11 11 11 11  0  0  0  0  0  0 11 11 11 11  0  0  0 11 11 11  0  0 11 12  0  0  0  0 12 12  0  0  0  0 12 12 12  0  0  0  0  0  0 11 11  0  0  0  0  0  0  0 11  0  0  0 11  0  0  0  0 12 12  0 11 11 11  0  0  0 11  0  0 11 11  0 12 16 14 14 15  0 12 12 12  9  8  9  4  5  6  6 11 11 10 14 13 13 15 12 13 14 12 12 12 12 12 14 12 12 12 12 10 11  9 11 11 11 11 14 12 13 15  6  6  9 16 14 12 16 16  5 12  5 12 11 11 11 12 13  7 13  5  8 11 14 15 11  6 10 11  8 10  6 15 
 0 11 11 11 11 11  0  0  0  0  0  0 11 11 11 11  0  0  0 11 11 11  0  0 11 12  0  0  0  0 12 12  0  0  0  0 12 12 12  0  0  0  0  0  0 11 11  0  0  0  0  0  0  0 11  0  0  0 11  0  0  0  0 12 12  0 11 11 11  0  0  0 11  0  0 11 11  0 12 16 14 14 15  0 12 12 12  9  8  9  4  5  6  6 11 11 10 14 13 13 15 12 13 14 12 12 12 12 12 14 12 12 12 12 10 11  9 11 11 11 11 14 12 13 15  6  6  9 16 14 12 16 16  5 12  5 12 11 11 11 12 13  7 13  5  8 11 14 15 11  6 10 11  8 10  6 15 
 0 11 11 11 11 11  0  0  0  0  0  0 11 11 11 11  0  0  0 11 11 11  0  0 11 12  0  0  0  0 12 12  0  0  0  0 12 12 12  0  0  0  0  0  0 11 11  0  0  0  0  0  0  0 11  0  0  0 11  0  0  0  0 12 12  0 11 11 11  0  0  0 11  0  0 11 11  0 12 16 14 14 15  0 12 12 12  9  8  9  4  5  6  6 11 11 10 14 13 13 15 12 13 14 12 12 12 12 12 14 12 12 12 12 10 11  9 11 11 11 11 14 12 13 15  6  6  9 16 14 12 16 16  5 12  5 12 11 11 11 12 13  7 13  5  8 11 14 15 11  6 10 11  8 10  6 15 
 0 11 11 11 11 11  0  0  0  0  0  0 11 11 11 11  0  0  0 11 11 11  0  0 11 12  0  0  0  0 12 12  0  0  0  0 12 12 12  0  0  0  0  0  0 11 11  0  0  0  0  0  0  0 11  0  0  0 11  0  0  0  0 12 12  0 11 11 11  0  0  0 11  0  0 11 11  0 12 16 14 14 15  0 12 12 12  9  8  9  4  5  6  6 11 11 10 14 13 13 15 12 13 14 12 12 12 12 12 14 12 12 12 12 10 11  9 11 11 11 11 14 12 13 15  6  6  9 16 14 12 16 16  5 12  5 12 11 11 11 12 13  7 13  5  8 11 14 15 11  6 10 11  8 10  6 15 
 0 11 11 11 11 11  0  0  0  0  0  0 11 11 11 11  0  0  0 11 11 11  0  0 11 12  0  0  0  0 12 12  0  0  0  0 12 12 12  0  0  0  0  0  0 11 11  0  0  0  0  0  0  0 11  0  0  0 11  0  0  0  0 12 12  0 11 11 11  0  0  0 11  0  0 11 11  0 12 16 14 14 15  0 12 12 12  9  8  9  4  5  6  6 11 11 10 14 13 13 15 12 13 14 12 12 12 12 12 14 12 12 12 12 10 11  9 11 11 11 11 14 12 13 15  6  6  9 16 14 12 16 16  5 12  5 12 11 11 11 12 13  7 13  5  8 11 14 15 11  6 10 11  8 10  6 15 
11  0  0  0  0  0 11 11 11 11 11 11  0  0  0  0 11 11 11  0  0  0 11 11  0  8 11 11 11 11  8  8 11 11 11 11  8  8  8 11 11 11 11 11 11  0  0 11 11 11 11 11 11 11  0 11 11 11  0 11 11 11 11  8  8 11  0  0  0 11 11 11  0 11 11  0  0 11  8 17 13 13 14 11  8  8  8 11 10  7 11  8  6  8  0  0  6 10  8  8 10  8  9 13  8  8  8  8  8  9  8  8  8  8  5  6  8  0  0  0  0 10  8  8 10 10  8 11 12 10  8 17  9  6  6  6  7  0  0  0  8  9 10 12 11 12 10 10 11  0  7  6  5 11  5  7 10 
11  0  0  0  0  0 11 11 11 11 11 11  0  0  0  0 11 11 11  0  0  0 11 11  0  8 11 11 11 11  8  8 11 11 11 11  8  8  8 11 11 11 11 11 11  0  0 11 11 11 11 11 11 11  0 11 11 11  0 11 11 11 11  8  8 11  0  0  0 11 11 11  0 11 11  0  0 11  8 17 13 13 14 11  8  8  8 11 10  7 11  8  6  8  0  0  6 10  8  8 10  8  9 13  8  8  8  8  8  9  8  8  8  8  5  6  8  0  0  0  0 10  8  8 10 10  8 11 12 10  8 17  9  6  6  6  7  0  0  0  8  9 10 12 11 12 10 10 11  0  7  6  5 11  5  7 10 
11  0  0  0  0  0 11 11 11 11 11 11  0  0  0  0 11 11 11  0  0  0 11 11  0  8 11 11 11 11  8  8 11 11 11 11  8  8  8 11 11 11 11 11 11  0  0 11 11 11 11 11 11 11  0 11 11 11  0 11 11 11 11  8  8 11  0  0  0 11 11 11  0 11 11  0  0 11  8 17 13 13 14 11  8  8  8 11 10  7 11  8  6  8  0  0  6 10  8  8 10  8  9 13  8  8  8  8  8  9  8  8  8  8  5  6  8  0  0  0  0 10  8  8 10 10  8 11 12 10  8 17  9  6  6  6  7  0  0  0  8  9 10 12 11 12 10 10 11  0  7  6  5 11  5  7 10 
11  0  0  0  0  0 11 11 11 11 11 11  0  0  0  0 11 11 11  0  0  0 11 11  0  8 11 11 11 11  8  8 11 11 11 11  8  8  8 11 11 11 11 11 11  0  0 11 11 11 11 11 11 11  0 11 11 11  0 11 11 11 11  8  8 11  0  0  0 11 11 11  0 11 11  0  0 11  8 17 13 13 14 11  8  8  8 11 10  7 11  8  6  8  0  0  6 10  8  8 10  8  9 13  8  8  8  8  8  9  8  8  8  8  5  6  8  0  0  0  0 10  8  8 10 10  8 11 12 10  8 17  9  6  6  6  7  0  0  0  8  9 10 12 11 12 10 10 11  0  7  6  5 11  5  7 10 
 0 11 11 11 11 11  0  0  0  0  0  0 11 11 11 11  0  0  0 11 11 11  0  0 11 12  0  0  0  0 12 12  0  0  0  0 12 12 12  0  0  0  0  0  0 11 11  0  0  0  0  0  0  0 11  0  0  0 11  0  0  0  0 12 12  0 11 11 11  0  0  0 11  0  0 11 11  0 12 16 14 14 15  0 12 12 12  9  8  9  4  5  6  6 11 11 10 14 13 13 15 12 13 14 12 12 12 12 12 14 12 12 12 12 10 11  9 11 11 11 11 14 12 13 15  6  6  9 16 14 12 16 16  5 12  5 12 11 11 11 12 13  7 13  5  8 11 14 15 11  6 10 11  8 10  6 15 
 0 11 11 11 11 11  0  0  0  0  0  0 11 11 11 11  0  0  0 11 11 11  0  0 11 12  0  0  0  0 12 12  0  0  0  0 12 12 12  0  0  0  0  0  0 11 11  0  0  0  0  0  0  0 11  0  0  0 11  0  0  0  0 12 12  0 11 11 11  0  0  0 11  0  0 11 11  0 12 16 14 14 15  0 12 12 12  9  8  9  4  5  6  6 11 11 10 14 13 13 15 12 13 14 12 12 12 12 12 14 12 12 12 12 10 11  9 11 11 11 11 14 12 13 15  6  6  9 16 14 12 16 16  5 12  5 12 11 11 11 12 13  7 13  5  8 11 14 15 11  6 10 11  8 10  6 15 
 0 11 11 11 11 11  0  0  0  0  0  0 11 11 11 11  0  0  0 11 11 11  0  0 11 12  0  0  0  0 12 12  0  0  0  0 12 12 12  0  0  0  0  0  0 11 11  0  0  0  0  0  0  0 11  0  0  0 11  0  0  0  0 12 12  0 11 11 11  0  0  0 11  0  0 11 11  0 12 16 14 14 15  0 12 12 12  9  8  9  4  5  6  6 11 11 10 14 13 13 15 12 13 14 12 12 12 12 12 14 12 12 12 12 10 11  9 11 11 11 11 14 12 13 15  6  6  9 16 14 12 16 16  5 12  5 12 11 11 11 12 13  7 13  5  8 11 14 15 11  6 10 11  8 10  6 15 
11  0  0  0  0  0 11 11 11 11 11 11  0  0  0  0 11 11 11  0  0  0 11 11  0  8 11 11 11 11  8  8 11 11 11 11  8  8  8 11 11 11 11 11 11  0  0 11 11 11 11 11 11 11  0 11 11 11  0 11 11 11 11  8  8 11  0  0  0 11 11 11  0 11 11  0  0 11  8 17 13 13 14 11  8  8  8 11 10  7 11  8  6  8  0  0  6 10  8  8 10  8  9 13  8  8  8  8  8  9  8  8  8  8  5  6  8  0  0  0  0 10  8  8 10 10  8 11 12 10  8 17  9  6  6  6  7  0  0  0  8  9 10 12 11 12 10 10 11  0  7  6  5 11  5  7 10 
11  0  0  0  0  0 11 11 11 11 11 11  0  0  0  0 11 11 11  0  0  0 11 11  0  8 11 11 11 11  8  8 11 11 11 11  8  8  8 11 11 11 11 11 11  0  0 11 11 11 11 11 11 11  0 11 11 11  0 11 11 11 11  8  8 11  0  0  0 11 11 11  0 11 11  0  0 11  8 17 13 13 14 11  8  8  8 11 10  7 11  8  6  8  0  0  6 10  8  8 10  8  9 13  8  8  8  8  8  9  8  8  8  8  5  6  8  0  0  0  0 10  8  8 10 10  8 11 12 10  8 17  9  6  6  6  7  0  0  0  8  9 10 12 11 12 10 10 11  0  7  6  5 11  5  7 10 
11  0  0  0  0  0 11 11 11 11 11 11  0  0  0  0 11 11 11  0  0  0 11 11  0  8 11 11 11 11  8  8 11 11 11 11  8  8  8 11 11 11 11 11 11  0  0 11 11 11 11 11 11 11  0 11 11 11  0 11 11 11 11  8  8 11  0  0  0 11 11 11  0 11 11  0  0 11  8 17 13 13 14 11  8  8  8 11 10  7 11  8  6  8  0  0  6 10  8  8 10  8  9 13  8  8  8  8  8  9  8  8  8  8  5  6  8  0  0  0  0 10  8  8 10 10  8 11 12 10  8 17  9  6  6  6  7  0  0  0  8  9 10 12 11 12 10 10 11  0  7  6  5 11  5  7 10 
 0 11 11 11 11 11  0  0  0  0  0  0 11 11 11 11  0  0  0 11 11 11  0  0 11 12  0  0  0  0 12 12  0  0  0  0 12 12 12  0  0  0  0  0  0 11 11  0  0  0  0  0  0  0 11  0  0  0 11  0  0  0  0 12 12  0 11 11 11  0  0  0 11  0  0 11 11  0 12 16 14 14 15  0 12 12 12  9  8  9  4  5  6  6 11 11 10 14 13 13 15 12 13 14 12 12 12 12 12 14 12 12 12 12 10 11  9 11 11 11 11 14 12 13 15  6  6  9 16 14 12 16 16  5 12  5 12 11 11 11 12 13  7 13  5  8 11 14 15 11  6 10 11  8 10  6 15 
 0 11 11 11 11 11  0  0  0  0  0  0 11 11 11 11  0  0  0 11 11 11  0  0 11 12  0  0  0  0 12 12  0  0  0  0 12 12 12  0  0  0  0  0  0 11 11  0  0  0  0  0  0  0 11  0  0  0 11  0  0  0  0 12 12  0 11 11 11  0  0  0 11  0  0 11 11  0 12 16 14 14 15  0 12 12 12  9  8  9  4  5  6  6 11 11 10 14 13 13 15 12 13 14 12 12 12 12 12 14 12 12 12 12 10 11  9 11 11 11 11 14 12 13 15  6  6  9 16 14 12 16 16  5 12  5 12 11 11 11 12 13  7 13  5  8 11 14 15 11  6 10 11  8 10  6 15 
11  0  0  0  0  0 11 11 11 11 11 11  0  0  0  0 11 11 11  0  0  0 11 11  0  8 11 11 11 11  8  8 11 11 11 11  8  8  8 11 11 11 11 11 11  0  0 11 11 11 11 11 11 11  0 11 11 11  0 11 11 11 11  8  8 11  0  0  0 11 11 11  0 11 11  0  0 11  8 17 13 13 14 11  8  8  8 11 10  7 11  8  6  8  0  0  6 10  8  8 10  8  9 13  8  8  8  8  8  9  8  8  8  8  5  6  8  0  0  0  0 10  8  8 10 10  8 11 12 10  8 17  9  6  6  6  7  0  0  0  8  9 10 12 11 12 10 10 11  0  7  6  5 11  5  7 10 
12  8  8  8  8  8 12 12 12 12 12 12  8  8  8  8 12 12 12  8  8  8 12 12  8  0 12 12 12 12  0  0 12 12 12 12  0  0  0 12 12 12 12 12 12  8  8 12 12 12 12 12 12 12  8 12 12 12  8 12 12 12 12  0  0 12  8  8  8 12 12 12  8 12 12  8  8 12  0 12 12 13 12 12  0  0  0  8  9  7 12  7  7  8  8  8  4  6  7  7  9  6  9 13  0  0  0  0  6  8  0  0  0  0  6  5 10  8  8  8  8  8  6  3  9 10  8  9  9  8  6 15  5  9  6  9  7  8  8  8  0  7 10  9 12 16 11  6  6  8  7  4  5 10  6  7  5 
 0 11 11 11 11 11  0  0  0  0  0  0 11 11 11 11  0  0  0 11 11 11  0  0 11 12  0  0  0  0 12 12  0  0  0  0 12 12 12  0  0  0  0  0  0 11 11  0  0  0  0  0  0  0 11  0  0  0 11  0  0  0  0 12 12  0 11 11 11  0  0  0 11  0  0 11 11  0 12 16 14 14 15  0 12 12 12  9  8  9  4  5  6  6 11 11 10 14 13 13 15 12 13 14 12 12 12 12 12 14 12 12 12 12 10 11  9 11 11 11 11 14 12 13 15  6  6  9 16 14 12 16 16  5 12  5 12 11 11 11 12 13  7 13  5  8 11 14 15 11  6 10 11  8 10  6 15 
 0 11 11 11 11 11  0  0  0  0  0  0 11 11 11 11  0  0  0 11 11 11  0  0 11 12  0  0  0  0 12 12  0  0  0  0 12 12 12  0  0  0  0  0  0 11 11  0  0  0  0  0  0  0 11  0  0  0 11  0  0  0  0 12 12  0 11 11 11  0  0  0 11  0  0 11 11  0 12 16 14 14 15  0 12 12 12  9  8  9  4  5  6  6 11 11 10 14 13 13 15 12 13 14 12 12 12 12 12 14 12 12 12 12 10 11  9 11 11 11 11 14 12 13 15  6  6  9 16 14 12 16 16  5 12  5 12 11 11 11 12 13  7 13  5  8 11 14 15 11  6 10 11  8 10  6 15 
 0 11 11 11 11 11  0  0  0  0  0  0 11 11 11 11  0  0  0 11 11 11  0  0 11 12  0  0  0  0 12 12  0  0  0  0 12 12 12  0  0  0  0  0  0 11 11  0  0  0  0  0  0  0 11  0  0  0 11  0  0  0  0 12 12  0 11 11 11  0  0  0 11  0  0 11 11  0 12 16 14 14 15  0 12 12 12  9  8  9  4  5  6  6 11 11 10 14 13 13 15 12 13 14 12 12 12 12 12 14 12 12 12 12 10 11  9 11 11 11 11 14 12 13 15  6  6  9 16 14 12 16 16  5 12  5 12 11 11 11 12 13  7 13  5  8 11 14 15 11  6 10 11  8 10  6 15 
 0 11 11 11 11 11  0  0  0  0  0  0 11 11 11 11  0  0  0 11 11 11  0  0 11 12  0  0  0  0 12 12  0  0  0  0 12 12 12  0  0  0  0  0  0 11 11  0  0  0  0  0  0  0 11  0  0  0 11  0  0  0  0 12 12  0 11 11 11  0  0  0 11  0  0 11 11  0 12 16 14 14 15  0 12 12 12  9  8  9  4  5  6  6 11 11 10 14 13 13 15 12 13 14 12 12 12 12 12 14 12 12 12 12 10 11  9 11 11 11 11 14 12 13 15  6  6  9 16 14 12 16 16  5 12  5 12 11 11 11 12 13  7 13  5  8 11 14 15 11  6 10 11  8 10  6 15 
12  8  8  8  8  8 12 12 12 12 12 12  8  8  8  8 12 12 12  8  8  8 12 12  8  0 12 12 12 12  0  0 12 12 12 12  0  0  0 12 12 12 12 12 12  8  8 12 12 12 12 12 12 12  8 12 12 12  8 12 12 12 12  0  0 12  8  8  8 12 12 12  8 12 12  8  8 12  0 12 12 13 12 12  0  0  0  8  9  7 12  7  7  8  8  8  4  6  7  7  9  6  9 13  0  0  0  0  6  8  0  0  0  0  6  5 10  8  8  8  8  8  6  3  9 10  8  9  9  8  6 15  5  9  6  9  7  8  8  8  0  7 10  9 12 16 11  6  6  8  7  4  5 10  6  7  5 
12  8  8  8  8  8 12 12 12 12 12 12  8  8  8  8 12 12 12  8  8  8 12 12  8  0 12 12 12 12  0  0 12 12 12 12  0  0  0 12 12 12 12 12 12  8  8 12 12 12 12 12 12 12  8 12 12 12  8 12 12 12 12  0  0 12  8  8  8 12 12 12  8 12 12  8  8 12  0 12 12 13 12 12  0  0  0  8  9  7 12  7  7  8  8  8  4  6  7  7  9  6  9 13  0  0  0  0  6  8  0  0  0  0  6  5 10  8  8  8  8  8  6  3  9 10  8  9  9  8  6 15  5  9  6  9  7  8  8  8  0  7 10  9 12 16 11  6  6  8  7  4  5 10  6  7  5 
 0 11 11 11 11 11  0  0  0  0  0  0 11 11 11 11  0  0  0 11 11 11  0  0 11 12  0  0  0  0 12 12  0  0  0  0 12 12 12  0  0  0  0  0  0 11 11  0  0  0  0  0  0  0 11  0  0  0 11  0  0  0  0 12 12  0 11 11 11  0  0  0 11  0  0 11 11  0 12 16 14 14 15  0 12 12 12  9  8  9  4  5  6  6 11 11 10 14 13 13 15 12 13 14 12 12 12 12 12 14 12 12 12 12 10 11  9 11 11 11 11 14 12 13 15  6  6  9 16 14 12 16 16  5 12  5 12 11 11 11 12 13  7 13  5  8 11 14 15 11  6 10 11  8 10  6 15 
 0 11 11 11 11 11  0  0  0  0  0  0 11 11 11 11  0  0  0 11 11 11  0  0 11 12  0  0  0  0 12 12  0  0  0  0 12 12 12  0  0  0  0  0  0 11 11  0  0  0  0  0  0  0 11  0  0  0 11  0  0  0  0 12 12  0 11 11 11  0  0  0 11  0  0 11 11  0 12 16 14 14 15  0 12 12 12  9  8  9  4  5  6  6 11 11 10 14 13 13 15 12 13 14 12 12 12 12 12 14 12 12 12 12 10 11  9 11 11 11 11 14 12 13 15  6  6  9 16 14 12 16 16  5 12  5 12 11 11 11 12 13  7 13  5  8 11 14 15 11  6 10 11  8 10  6 15 
 0 11 11 11 11 11  0  0  0  0  0  0 11 11 11 11  0  0  0 11 11 11  0  0 11 12  0  0  0  0 12 12  0  0  0  0 12 12 12  0  0  0  0  0  0 11 11  0  0  0  0  0  0  0 11  0  0  0 11  0  0  0  0 12 12  0 11 11 11  0  0  0 11  0  0 11 11  0 12 16 14 14 15  0 12 12 12  9  8  9  4  5  6  6 11 11 10 14 13 13 15 12 13 14 12 12 12 12 12 14 12 12 12 12 10 11  9 11 11 11 11 14 12 13 15  6  6  9 16 14 12 16 16  5 12  5 12 11 11 11 12 13  7 13  5  8 11 14 15 11  6 10 11  8 10  6 15 
 0 11 11 11 11 11  0  0  0  0  0  0 11 11 11 11  0  0  0 11 11 11  0  0 11 12  0  0  0  0 12 12  0  0  0  0 12 12 12  0  0  0  0  0  0 11 11  0  0  0  0  0  0  0 11  0  0  0 11  0  0  0  0 12 12  0 11 11 11  0  0  0 11  0  0 11 11  0 12 16 14 14 15  0 12 12 12  9  8  9  4  5  6  6 11 11 10 14 13 13 15 12 13 14 12 12 12 12 12 14 12 12 12 12 10 11  9 11 11 11 11 14 12 13 15  6  6  9 16 14 12 16 16  5 12  5 12 11 11 11 12 13  7 13  5  8 11 14 15 11  6 10 11  8 10  6 15 
12  8  8  8  8  8 12 12 12 12 12 12  8  8  8  8 12 12 12  8  8  8 12 12  8  0 12 12 12 12  0  0 12 12 12 12  0  0  0 12 12 12 12 12 12  8  8 12 12 12 12 12 12 12  8 12 12 12  8 12 12 12 12  0  0 12  8  8  8 12 12 12  8 12 12  8  8 12  0 12 12 13 12 12  0  0  0  8  9  7 12  7  7  8  8  8  4  6  7  7  9  6  9 13  0  0  0  0  6  8  0  0  0  0  6  5 10  8  8  8  8  8  6  3  9 10  8  9  9  8  6 15  5  9  6  9  7  8  8  8  0  7 10  9 12 16 11  6  6  8  7  4  5 10  6  7  5 
12  8  8  8  8  8 12 12 12 12 12 12  8  8  8  8 12 12 12  8  8  8 12 12  8  0 12 12 12 12  0  0 12 12 12 12  0  0  0 12 12 12 12 12 12  8  8 12 12 12 12 12 12 12  8 12 12 12  8 12 12 12 12  0  0 12  8  8  8 12 12 12  8 12 12  8  8 12  0 12 12 13 12 12  0  0  0  8  9  7 12  7  7  8  8  8  4  6  7  7  9  6  9 13  0  0  0  0  6  8  0  0  0  0  6  5 10  8  8  8  8  8  6  3  9 10  8  9  9  8  6 15  5  9  6  9  7  8  8  8  0  7 10  9 12 16 11  6  6  8  7  4  5 10  6  7  5 
12  8  8  8  8  8 12 12 12 12 12 12  8  8  8  8 12 12 12  8  8  8 12 12  8  0 12 12 12 12  0  0 12 12 12 12  0  0  0 12 12 12 12 12 12  8  8 12 12 12 12 12 12 12  8 12 12 12  8 12 12 12 12  0  0 12  8  8  8 12 12 12  8 12 12  8  8 12  0 12 12 13 12 12  0  0  0  8  9  7 12  7  7  8  8  8  4  6  7  7  9  6  9 13  0  0  0  0  6  8  0  0  0  0  6  5 10  8  8  8  8  8  6  3  9 10  8  9  9  8  6 15  5  9  6  9  7  8  8  8  0  7 10  9 12 16 11  6  6  8  7  4  5 10  6  7  5 
 0 11 11 11 11 11  0  0  0  0  0  0 11 11 11 11  0  0  0 11 11 11  0  0 11 12  0  0  0  0 12 12  0  0  0  0 12 12 12  0  0  0  0  0  0 11 11  0  0  0  0  0  0  0 11  0  0  0 11  0  0  0  0 12 12  0 11 11 11  0  0  0 11  0  0 11 11  0 12 16 14 14 15  0 12 12 12  9  8  9  4  5  6  6 11 11 10 14 13 13 15 12 13 14 12 12 12 12 12 14 12 12 12 12 10 11  9 11 11 11 11 14 12 13 15  6  6  9 16 14 12 16 16  5 12  5 12 11 11 11 12 13  7 13  5  8 11 14 15 11  6 10 11  8 10  6 15 
 0 11 11 11 11 11  0  0  0  0  0  0 11 11 11 11  0  0  0 11 11 11  0  0 11 12  0  0  0  0 12 12  0  0  0  0 12 12 12  0  0  0  0  0  0 11 11  0  0  0  0  0  0  0 11  0  0  0 11  0  0  0  0 12 12  0 11 11 11  0  0  0 11  0  0 11 11  0 12 16 14 14 15  0 12 12 12  9  8  9  4  5  6  6 11 11 10 14 13 13 15 12 13 14 12 12 12 12 12 14 12 12 12 12 10 11  9 11 11 11 11 14 12 13 15  6  6  9 16 14 12 16 16  5 12  5 12 11 11 11 12 13  7 13  5  8 11 14 15 11  6 10 11  8 10  6 15 
 0 11 11 11 11 11  0  0  0  0  0  0 11 11 11 11  0  0  0 11 11 11  0  0 11 12  0  0  0  0 12 12  0  0  0  0 12 12 12  0  0  0  0  0  0 11 11  0  0  0  0  0  0  0 11  0  0  0 11  0  0  0  0 12 12  0 11 11 11  0  0  0 11  0  0 11 11  0 12 16 14 14 15  0 12 12 12  9  8  9  4  5  6  6 11 11 10 14 13 13 15 12 13 14 12 12 12 12 12 14 12 12 12 12 10 11  9 11 11 11 11 14 12 13 15  6  6  9 16 14 12 16 16  5 12  5 12 11 11 11 12 13  7 13  5  8 11 14 15 11  6 10 11  8 10  6 15 
 0 11 11 11 11 11  0  0  0  0  0  0 11 11 11 11  0  0  0 11 11 11  0  0 11 12  0  0  0  0 12 12  0  0  0  0 12 12 12  0  0  0  0  0  0 11 11  0  0  0  0  0  0  0 11  0  0  0 11  0  0  0  0 12 12  0 11 11 11  0  0  0 11  0  0 11 11  0 12 16 14 14 15  0 12 12 12  9  8  9  4  5  6  6 11 11 10 14 13 13 15 12 13 14 12 12 12 12 12 14 12 12 12 12 10 11  9 11 11 11 11 14 12 13 15  6  6  9 16 14 12 16 16  5 12  5 12 11 11 11 12 13  7 13  5  8 11 14 15 11  6 10 11  8 10  6 15 
 0 11 11 11 11 11  0  0  0  0  0  0 11 11 11 11  0  0  0 11 11 11  0  0 11 12  0  0  0  0 12 12  0  0  0  0 12 12 12  0  0  0  0  0  0 11 11  0  0  0  0  0  0  0 11  0  0  0 11  0  0  0  0 12 12  0 11 11 11  0  0  0 11  0  0 11 11  0 12 16 14 14 15  0 12 12 12  9  8  9  4  5  6  6 11 11 10 14 13 13 15 12 13 14 12 12 12 12 12 14 12 12 12 12 10 11  9 11 11 11 11 14 12 13 15  6  6  9 16 14 12 16 16  5 12  5 12 11 11 11 12 13  7 13  5  8 11 14 15 11  6 10 11  8 10  6 15 
 0 11 11 11 11 11  0  0  0  0  0  0 11 11 11 11  0  0  0 11 11 11  0  0 11 12  0  0  0  0 12 12  0  0  0  0 12 12 12  0  0  0  0  0  0 11 11  0  0  0  0  0  0  0 11  0  0  0 11  0  0  0  0 12 12  0 11 11 11  0  0  0 11  0  0 11 11  0 12 16 14 14 15  0 12 12 12  9  8  9  4  5  6  6 11 11 10 14 13 13 15 12 13 14 12 12 12 12 12 14 12 12 12 12 10 11  9 11 11 11 11 14 12 13 15  6  6  9 16 14 12 16 16  5 12  5 12 11 11 11 12 13  7 13  5  8 11 14 15 11  6 10 11  8 10  6 15 
11  0  0  0  0  0 11 11 11 11 11 11  0  0  0  0 11 11 11  0  0  0 11 11  0  8 11 11 11 11  8  8 11 11 11 11  8  8  8 11 11 11 11 11 11  0  0 11 11 11 11 11 11 11  0 11 11 11  0 11 11 11 11  8  8 11  0  0  0 11 11 11  0 11 11  0  0 11  8 17 13 13 14 11  8  8  8 11 10  7 11  8  6  8  0  0  6 10  8  8 10  8  9 13  8  8  8  8  8  9  8  8  8  8  5  6  8  0  0  0  0 10  8  8 10 10  8 11 12 10  8 17  9  6  6  6  7  0  0  0  8  9 10 12 11 12 10 10 11  0  7  6  5 11  5  7 10 
11  0  0  0  0  0 11 11 11 11 11 11  0  0  0  0 11 11 11  0  0  0 11 11  0  8 11 11 11 11  8  8 11 11 11 11  8  8  8 11 11 11 11 11 11  0  0 11 11 11 11 11 11 11  0 11 11 11  0 11 11 11 11  8  8 11  0  0  0 11 11 11  0 11 11  0  0 11  8 17 13 13 14 11  8  8  8 11 10  7 11  8  6  8  0  0  6 10  8  8 10  8  9 13  8  8  8  8  8  9  8  8  8  8  5  6  8  0  0  0  0 10  8  8 10 10  8 11 12 10  8 17  9  6  6  6  7  0  0  0  8  9 10 12 11 12 10 10 11  0  7  6  5 11  5  7 10 
 0 11 11 11 11 11  0  0  0  0  0  0 11 11 11 11  0  0  0 11 11 11  0  0 11 12  0  0  0  0 12 12  0  0  0  0 12 12 12  0  0  0  0  0  0 11 11  0  0  0  0  0  0  0 11  0  0  0 11  0  0  0  0 12 12  0 11 11 11  0  0  0 11  0  0 11 11  0 12 16 14 14 15  0 12 12 12  9  8  9  4  5  6  6 11 11 10 14 13 13 15 12 13 14 12 12 12 12 12 14 12 12 12 12 10 11  9 11 11 11 11 14 12 13 15  6  6  9 16 14 12 16 16  5 12  5 12 11 11 11 12 13  7 13  5  8 11 14 15 11  6 10 11  8 10  6 15 
 0 11 11 11 11 11  0  0  0  0  0  0 11 11 11 11  0  0  0 11 11 11  0  0 11 12  0  0  0  0 12 12  0  0  0  0 12 12 12  0  0  0  0  0  0 11 11  0  0  0  0  0  0  0 11  0  0  0 11  0  0  0  0 12 12  0 11 11 11  0  0  0 11  0  0 11 11  0 12 16 14 14 15  0 12 12 12  9  8  9  4  5  6  6 11 11 10 14 13 13 15 12 13 14 12 12 12 12 12 14 12 12 12 12 10 11  9 11 11 11 11 14 12 13 15  6  6  9 16 14 12 16 16  5 12  5 12 11 11 11 12 13  7 13  5  8 11 14 15 11  6 10 11  8 10  6 15 
 0 11 11 11 11 11  0  0  0  0  0  0 11 11 11 11  0  0  0 11 11 11  0  0 11 12  0  0  0  0 12 12  0  0  0  0 12 12 12  0  0  0  0  0  0 11 11  0  0  0  0  0  0  0 11  0  0  0 11  0  0  0  0 12 12  0 11 11 11  0  0  0 11  0  0 11 11  0 12 16 14 14 15  0 12 12 12  9  8  9  4  5  6  6 11 11 10 14 13 13 15 12 13 14 12 12 12 12 12 14 12 12 12 12 10 11  9 11 11 11 11 14 12 13 15  6  6  9 16 14 12 16 16  5 12  5 12 11 11 11 12 13  7 13  5  8 11 14 15 11  6 10 11  8 10  6 15 
 0 11 11 11 11 11  0  0  0  0  0  0 11 11 11 11  0  0  0 11 11 11  0  0 11 12  0  0  0  0 12 12  0  0  0  0 12 12 12  0  0  0  0  0  0 11 11  0  0  0  0  0  0  0 11  0  0  0 11  0  0  0  0 12 12  0 11 11 11  0  0  0 11  0  0 11 11  0 12 16 14 14 15  0 12 12 12  9  8  9  4  5  6  6 11 11 10 14 13 13 15 12 13 14 12 12 12 12 12 14 12 12 12 12 10 11  9 11 11 11 11 14 12 13 15  6  6  9 16 14 12 16 16  5 12  5 12 11 11 11 12 13  7 13  5  8 11 14 15 11  6 10 11  8 10  6 15 
 0 11 11 11 11 11  0  0  0  0  0  0 11 11 11 11  0  0  0 11 11 11  0  0 11 12  0  0  0  0 12 12  0  0  0  0 12 12 12  0  0  0  0  0  0 11 11  0  0  0  0  0  0  0 11  0  0  0 11  0  0  0  0 12 12  0 11 11 11  0  0  0 11  0  0 11 11  0 12 16 14 14 15  0 12 12 12  9  8  9  4  5  6  6 11 11 10 14 13 13 15 12 13 14 12 12 12 12 12 14 12 12 12 12 10 11  9 11 11 11 11 14 12 13 15  6  6  9 16 14 12 16 16  5 12  5 12 11 11 11 12 13  7 13  5  8 11 14 15 11  6 10 11  8 10  6 15 
 0 11 11 11 11 11  0  0  0  0  0  0 11 11 11 11  0  0  0 11 11 11  0  0 11 12  0  0  0  0 12 12  0  0  0  0 12 12 12  0  0  0  0  0  0 11 11  0  0  0  0  0  0  0 11  0  0  0 11  0  0  0  0 12 12  0 11 11 11  0  0  0 11  0  0 11 11  0 12 16 14 14 15  0 12 12 12  9  8  9  4  5  6  6 11 11 10 14 13 13 15 12 13 14 12 12 12 12 12 14 12 12 12 12 10 11  9 11 11 11 11 14 12 13 15  6  6  9 16 14 12 16 16  5 12  5 12 11 11 11 12 13  7 13  5  8 11 14 15 11  6 10 11  8 10  6 15 
 0 11 11 11 11 11  0  0  0  0  0  0 11 11 11 11  0  0  0 11 11 11  0  0 11 12  0  0  0  0 12 12  0  0  0  0 12 12 12  0  0  0  0  0  0 11 11  0  0  0  0  0  0  0 11  0  0  0 11  0  0  0  0 12 12  0 11 11 11  0  0  0 11  0  0 11 11  0 12 16 14 14 15  0 12 12 12  9  8  9  4  5  6  6 11 11 10 14 13 13 15 12 13 14 12 12 12 12 12 14 12 12 12 12 10 11  9 11 11 11 11 14 12 13 15  6  6  9 16 14 12 16 16  5 12  5 12 11 11 11 12 13  7 13  5  8 11 14 15 11  6 10 11  8 10  6 15 
11  0  0  0  0  0 11 11 11 11 11 11  0  0  0  0 11 11 11  0  0  0 11 11  0  8 11 11 11 11  8  8 11 11 11 11  8  8  8 11 11 11 11 11 11  0  0 11 11 11 11 11 11 11  0 11 11 11  0 11 11 11 11  8  8 11  0  0  0 11 11 11  0 11 11  0  0 11  8 17 13 13 14 11  8  8  8 11 10  7 11  8  6  8  0  0  6 10  8  8 10  8  9 13  8  8  8  8  8  9  8  8  8  8  5  6  8  0  0  0  0 10  8  8 10 10  8 11 12 10  8 17  9  6  6  6  7  0  0  0  8  9 10 12 11 12 10 10 11  0  7  6  5 11  5  7 10 
 0 11 11 11 11 11  0  0  0  0  0  0 11 11 11 11  0  0  0 11 11 11  0  0 11 12  0  0  0  0 12 12  0  0  0  0 12 12 12  0  0  0  0  0  0 11 11  0  0  0  0  0  0  0 11  0  0  0 11  0  0  0  0 12 12  0 11 11 11  0  0  0 11  0  0 11 11  0 12 16 14 14 15  0 12 12 12  9  8  9  4  5  6  6 11 11 10 14 13 13 15 12 13 14 12 12 12 12 12 14 12 12 12 12 10 11  9 11 11 11 11 14 12 13 15  6  6  9 16 14 12 16 16  5 12  5 12 11 11 11 12 13  7 13  5  8 11 14 15 11  6 10 11  8 10  6 15 
 0 11 11 11 11 11  0  0  0  0  0  0 11 11 11 11  0  0  0 11 11 11  0  0 11 12  0  0  0  0 12 12  0  0  0  0 12 12 12  0  0  0  0  0  0 11 11  0  0  0  0  0  0  0 11  0  0  0 11  0  0  0  0 12 12  0 11 11 11  0  0  0 11  0  0 11 11  0 12 16 14 14 15  0 12 12 12  9  8  9  4  5  6  6 11 11 10 14 13 13 15 12 13 14 12 12 12 12 12 14 12 12 12 12 10 11  9 11 11 11 11 14 12 13 15  6  6  9 16 14 12 16 16  5 12  5 12 11 11 11 12 13  7 13  5  8 11 14 15 11  6 10 11  8 10  6 15 
 0 11 11 11 11 11  0  0  0  0  0  0 11 11 11 11  0  0  0 11 11 11  0  0 11 12  0  0  0  0 12 12  0  0  0  0 12 12 12  0  0  0  0  0  0 11 11  0  0  0  0  0  0  0 11  0  0  0 11  0  0  0  0 12 12  0 11 11 11  0  0  0 11  0  0 11 11  0 12 16 14 14 15  0 12 12 12  9  8  9  4  5  6  6 11 11 10 14 13 13 15 12 13 14 12 12 12 12 12 14 12 12 12 12 10 11  9 11 11 11 11 14 12 13 15  6  6  9 16 14 12 16 16  5 12  5 12 11 11 11 12 13  7 13  5  8 11 14 15 11  6 10 11  8 10  6 15 
11  0  0  0  0  0 11 11 11 11 11 11  0  0  0  0 11 11 11  0  0  0 11 11  0  8 11 11 11 11  8  8 11 11 11 11  8  8  8 11 11 11 11 11 11  0  0 11 11 11 11 11 11 11  0 11 11 11  0 11 11 11 11  8  8 11  0  0  0 11 11 11  0 11 11  0  0 11  8 17 13 13 14 11  8  8  8 11 10  7 11  8  6  8  0  0  6 10  8  8 10  8  9 13  8  8  8  8  8  9  8  8  8  8  5  6  8  0  0  0  0 10  8  8 10 10  8 11 12 10  8 17  9  6  6  6  7  0  0  0  8  9 10 12 11 12 10 10 11  0  7  6  5 11  5  7 10 
 0 11 11 11 11 11  0  0  0  0  0  0 11 11 11 11  0  0  0 11 11 11  0  0 11 12  0  0  0  0 12 12  0  0  0  0 12 12 12  0  0  0  0  0  0 11 11  0  0  0  0  0  0  0 11  0  0  0 11  0  0  0  0 12 12  0 11 11 11  0  0  0 11  0  0 11 11  0 12 16 14 14 15  0 12 12 12  9  8  9  4  5  6  6 11 11 10 14 13 13 15 12 13 14 12 12 12 12 12 14 12 12 12 12 10 11  9 11 11 11 11 14 12 13 15  6  6  9 16 14 12 16 16  5 12  5 12 11 11 11 12 13  7 13  5  8 11 14 15 11  6 10 11  8 10  6 15 
 0 11 11 11 11 11  0  0  0  0  0  0 11 11 11 11  0  0  0 11 11 11  0  0 11 12  0  0  0  0 12 12  0  0  0  0 12 12 12  0  0  0  0  0  0 11 11  0  0  0  0  0  0  0 11  0  0  0 11  0  0  0  0 12 12  0 11 11 11  0  0  0 11  0  0 11 11  0 12 16 14 14 15  0 12 12 12  9  8  9  4  5  6  6 11 11 10 14 13 13 15 12 13 14 12 12 12 12 12 14 12 12 12 12 10 11  9 11 11 11 11 14 12 13 15  6  6  9 16 14 12 16 16  5 12  5 12 11 11 11 12 13  7 13  5  8 11 14 15 11  6 10 11  8 10  6 15 
 0 11 11 11 11 11  0  0  0  0  0  0 11 11 11 11  0  0  0 11 11 11  0  0 11 12  0  0  0  0 12 12  0  0  0  0 12 12 12  0  0  0  0  0  0 11 11  0  0  0  0  0  0  0 11  0  0  0 11  0  0  0  0 12 12  0 11 11 11  0  0  0 11  0  0 11 11  0 12 16 14 14 15  0 12 12 12  9  8  9  4  5  6  6 11 11 10 14 13 13 15 12 13 14 12 12 12 12 12 14 12 12 12 12 10 11  9 11 11 11 11 14 12 13 15  6  6  9 16 14 12 16 16  5 12  5 12 11 11 11 12 13  7 13  5  8 11 14 15 11  6 10 11  8 10  6 15 
 0 11 11 11 11 11  0  0  0  0  0  0 11 11 11 11  0  0  0 11 11 11  0  0 11 12  0  0  0  0 12 12  0  0  0  0 12 12 12  0  0  0  0  0  0 11 11  0  0  0  0  0  0  0 11  0  0  0 11  0  0  0  0 12 12  0 11 11 11  0  0  0 11  0  0 11 11  0 12 16 14 14 15  0 12 12 12  9  8  9  4  5  6  6 11 11 10 14 13 13 15 12 13 14 12 12 12 12 12 14 12 12 12 12 10 11  9 11 11 11 11 14 12 13 15  6  6  9 16 14 12 16 16  5 12  5 12 11 11 11 12 13  7 13  5  8 11 14 15 11  6 10 11  8 10  6 15 
12  8  8  8  8  8 12 12 12 12 12 12  8  8  8  8 12 12 12  8  8  8 12 12  8  0 12 12 12 12  0  0 12 12 12 12  0  0  0 12 12 12 12 12 12  8  8 12 12 12 12 12 12 12  8 12 12 12  8 12 12 12 12  0  0 12  8  8  8 12 12 12  8 12 12  8  8 12  0 12 12 13 12 12  0  0  0  8  9  7 12  7  7  8  8  8  4  6  7  7  9  6  9 13  0  0  0  0  6  8  0  0  0  0  6  5 10  8  8  8  8  8  6  3  9 10  8  9  9  8  6 15  5  9  6  9  7  8  8  8  0  7 10  9 12 16 11  6  6  8  7  4  5 10  6  7  5 
12  8  8  8  8  8 12 12 12 12 12 12  8  8  8  8 12 12 12  8  8  8 12 12  8  0 12 12 12 12  0  0 12 12 12 12  0  0  0 12 12 12 12 12 12  8  8 12 12 12 12 12 12 12  8 12 12 12  8 12 12 12 12  0  0 12  8  8  8 12 12 12  8 12 12  8  8 12  0 12 12 13 12 12  0  0  0  8  9  7 12  7  7  8  8  8  4  6  7  7  9  6  9 13  0  0  0  0  6  8  0  0  0  0  6  5 10  8  8  8  8  8  6  3  9 10  8  9  9  8  6 15  5  9  6  9  7  8  8  8  0  7 10  9 12 16 11  6  6  8  7  4  5 10  6  7  5 
 0 11 11 11 11 11  0  0  0  0  0  0 11 11 11 11  0  0  0 11 11 11  0  0 11 12  0  0  0  0 12 12  0  0  0  0 12 12 12  0  0  0  0  0  0 11 11  0  0  0  0  0  0  0 11  0  0  0 11  0  0  0  0 12 12  0 11 11 11  0  0  0 11  0  0 11 11  0 12 16 14 14 15  0 12 12 12  9  8  9  4  5  6  6 11 11 10 14 13 13 15 12 13 14 12 12 12 12 12 14 12 12 12 12 10 11  9 11 11 11 11 14 12 13 15  6  6  9 16 14 12 16 16  5 12  5 12 11 11 11 12 13  7 13  5  8 11 14 15 11  6 10 11  8 10  6 15 
11  0  0  0  0  0 11 11 11 11 11 11  0  0  0  0 11 11 11  0  0  0 11 11  0  8 11 11 11 11  8  8 11 11 11 11  8  8  8 11 11 11 11 11 11  0  0 11 11 11 11 11 11 11  0 11 11 11  0 11 11 11 11  8  8 11  0  0  0 11 11 11  0 11 11  0  0 11  8 17 13 13 14 11  8  8  8 11 10  7 11  8  6  8  0  0  6 10  8  8 10  8  9 13  8  8  8  8  8  9  8  8  8  8  5  6  8  0  0  0  0 10  8  8 10 10  8 11 12 10  8 17  9  6  6  6  7  0  0  0  8  9 10 12 11 12 10 10 11  0  7  6  5 11  5  7 10 
11  0  0  0  0  0 11 11 11 11 11 11  0  0  0  0 11 11 11  0  0  0 11 11  0  8 11 11 11 11  8  8 11 11 11 11  8  8  8 11 11 11 11 11 11  0  0 11 11 11 11 11 11 11  0 11 11 11  0 11 11 11 11  8  8 11  0  0  0 11 11 11  0 11 11  0  0 11  8 17 13 13 14 11  8  8  8 11 10  7 11  8  6  8  0  0  6 10  8  8 10  8  9 13  8  8  8  8  8  9  8  8  8  8  5  6  8  0  0  0  0 10  8  8 10 10  8 11 12 10  8 17  9  6  6  6  7  0  0  0  8  9 10 12 11 12 10 10 11  0  7  6  5 11  5  7 10 
11  0  0  0  0  0 11 11 11 11 11 11  0  0  0  0 11 11 11  0  0  0 11 11  0  8 11 11 11 11  8  8 11 11 11 11  8  8  8 11 11 11 11 11 11  0  0 11 11 11 11 11 11 11  0 11 11 11  0 11 11 11 11  8  8 11  0  0  0 11 11 11  0 11 11  0  0 11  8 17 13 13 14 11  8  8  8 11 10  7 11  8  6  8  0  0  6 10  8  8 10  8  9 13  8  8  8  8  8  9  8  8  8  8  5  6  8  0  0  0  0 10  8  8 10 10  8 11 12 10  8 17  9  6  6  6  7  0  0  0  8  9 10 12 11 12 10 10 11  0  7  6  5 11  5  7 10 
 0 11 11 11 11 11  0  0  0  0  0  0 11 11 11 11  0  0  0 11 11 11  0  0 11 12  0  0  0  0 12 12  0  0  0  0 12 12 12  0  0  0  0  0  0 11 11  0  0  0  0  0  0  0 11  0  0  0 11  0  0  0  0 12 12  0 11 11 11  0  0  0 11  0  0 11 11  0 12 16 14 14 15  0 12 12 12  9  8  9  4  5  6  6 11 11 10 14 13 13 15 12 13 14 12 12 12 12 12 14 12 12 12 12 10 11  9 11 11 11 11 14 12 13 15  6  6  9 16 14 12 16 16  5 12  5 12 11 11 11 12 13  7 13  5  8 11 14 15 11  6 10 11  8 10  6 15 
 0 11 11 11 11 11  0  0  0  0  0  0 11 11 11 11  0  0  0 11 11 11  0  0 11 12  0  0  0  0 12 12  0  0  0  0 12 12 12  0  0  0  0  0  0 11 11  0  0  0  0  0  0  0 11  0  0  0 11  0  0  0  0 12 12  0 11 11 11  0  0  0 11  0  0 11 11  0 12 16 14 14 15  0 12 12 12  9  8  9  4  5  6  6 11 11 10 14 13 13 15 12 13 14 12 12 12 12 12 14 12 12 12 12 10 11  9 11 11 11 11 14 12 13 15  6  6  9 16 14 12 16 16  5 12  5 12 11 11 11 12 13  7 13  5  8 11 14 15 11  6 10 11  8 10  6 15 
 0 11 11 11 11 11  0  0  0  0  0  0 11 11 11 11  0  0  0 11 11 11  0  0 11 12  0  0  0  0 12 12  0  0  0  0 12 12 12  0  0  0  0  0  0 11 11  0  0  0  0  0  0  0 11  0  0  0 11  0  0  0  0 12 12  0 11 11 11  0  0  0 11  0  0 11 11  0 12 16 14 14 15  0 12 12 12  9  8  9  4  5  6  6 11 11 10 14 13 13 15 12 13 14 12 12 12 12 12 14 12 12 12 12 10 11  9 11 11 11 11 14 12 13 15  6  6  9 16 14 12 16 16  5 12  5 12 11 11 11 12 13  7 13  5  8 11 14 15 11  6 10 11  8 10  6 15 
11  0  0  0  0  0 11 11 11 11 11 11  0  0  0  0 11 11 11  0  0  0 11 11  0  8 11 11 11 11  8  8 11 11 11 11  8  8  8 11 11 11 11 11 11  0  0 11 11 11 11 11 11 11  0 11 11 11  0 11 11 11 11  8  8 11  0  0  0 11 11 11  0 11 11  0  0 11  8 17 13 13 14 11  8  8  8 11 10  7 11  8  6  8  0  0  6 10  8  8 10  8  9 13  8  8  8  8  8  9  8  8  8  8  5  6  8  0  0  0  0 10  8  8 10 10  8 11 12 10  8 17  9  6  6  6  7  0  0  0  8  9 10 12 11 12 10 10 11  0  7  6  5 11  5  7 10 
 0 11 11 11 11 11  0  0  0  0  0  0 11 11 11 11  0  0  0 11 11 11  0  0 11 12  0  0  0  0 12 12  0  0  0  0 12 12 12  0  0  0  0  0  0 11 11  0  0  0  0  0  0  0 11  0  0  0 11  0  0  0  0 12 12  0 11 11 11  0  0  0 11  0  0 11 11  0 12 16 14 14 15  0 12 12 12  9  8  9  4  5  6  6 11 11 10 14 13 13 15 12 13 14 12 12 12 12 12 14 12 12 12 12 10 11  9 11 11 11 11 14 12 13 15  6  6  9 16 14 12 16 16  5 12  5 12 11 11 11 12 13  7 13  5  8 11 14 15 11  6 10 11  8 10  6 15 
 0 11 11 11 11 11  0  0  0  0  0  0 11 11 11 11  0  0  0 11 11 11  0  0 11 12  0  0  0  0 12 12  0  0  0  0 12 12 12  0  0  0  0  0  0 11 11  0  0  0  0  0  0  0 11  0  0  0 11  0  0  0  0 12 12  0 11 11 11  0  0  0 11  0  0 11 11  0 12 16 14 14 15  0 12 12 12  9  8  9  4  5  6  6 11 11 10 14 13 13 15 12 13 14 12 12 12 12 12 14 12 12 12 12 10 11  9 11 11 11 11 14 12 13 15  6  6  9 16 14 12 16 16  5 12  5 12 11 11 11 12 13  7 13  5  8 11 14 15 11  6 10 11  8 10  6 15 
11  0  0  0  0  0 11 11 11 11 11 11  0  0  0  0 11 11 11  0  0  0 11 11  0  8 11 11 11 11  8  8 11 11 11 11  8  8  8 11 11 11 11 11 11  0  0 11 11 11 11 11 11 11  0 11 11 11  0 11 11 11 11  8  8 11  0  0  0 11 11 11  0 11 11  0  0 11  8 17 13 13 14 11  8  8  8 11 10  7 11  8  6  8  0  0  6 10  8  8 10  8  9 13  8  8  8  8  8  9  8  8  8  8  5  6  8  0  0  0  0 10  8  8 10 10  8 11 12 10  8 17  9  6  6  6  7  0  0  0  8  9 10 12 11 12 10 10 11  0  7  6  5 11  5  7 10 
11  0  0  0  0  0 11 11 11 11 11 11  0  0  0  0 11 11 11  0  0  0 11 11  0  8 11 11 11 11  8  8 11 11 11 11  8  8  8 11 11 11 11 11 11  0  0 11 11 11 11 11 11 11  0 11 11 11  0 11 11 11 11  8  8 11  0  0  0 11 11 11  0 11 11  0  0 11  8 17 13 13 14 11  8  8  8 11 10  7 11  8  6  8  0  0  6 10  8  8 10  8  9 13  8  8  8  8  8  9  8  8  8  8  5  6  8  0  0  0  0 10  8  8 10 10  8 11 12 10  8 17  9  6  6  6  7  0  0  0  8  9 10 12 11 12 10 10 11  0  7  6  5 11  5  7 10 
 0 11 11 11 11 11  0  0  0  0  0  0 11 11 11 11  0  0  0 11 11 11  0  0 11 12  0  0  0  0 12 12  0  0  0  0 12 12 12  0  0  0  0  0  0 11 11  0  0  0  0  0  0  0 11  0  0  0 11  0  0  0  0 12 12  0 11 11 11  0  0  0 11  0  0 11 11  0 12 16 14 14 15  0 12 12 12  9  8  9  4  5  6  6 11 11 10 14 13 13 15 12 13 14 12 12 12 12 12 14 12 12 12 12 10 11  9 11 11 11 11 14 12 13 15  6  6  9 16 14 12 16 16  5 12  5 12 11 11 11 12 13  7 13  5  8 11 14 15 11  6 10 11  8 10  6 15 
12  8  8  8  8  8 12 12 12 12 12 12  8  8  8  8 12 12 12  8  8  8 12 12  8  0 12 12 12 12  0  0 12 12 12 12  0  0  0 12 12 12 12 12 12  8  8 12 12 12 12 12 12 12  8 12 12 12  8 12 12 12 12  0  0 12  8  8  8 12 12 12  8 12 12  8  8 12  0 12 12 13 12 12  0  0  0  8  9  7 12  7  7  8  8  8  4  6  7  7  9  6  9 13  0  0  0  0  6  8  0  0  0  0  6  5 10  8  8  8  8  8  6  3  9 10  8  9  9  8  6 15  5  9  6  9  7  8  8  8  0  7 10  9 12 16 11  6  6  8  7  4  5 10  6  7  5 
16 17 17 17 17 17 16 16 16 16 16 16 17 17 17 17 16 16 16 17 17 17 16 16 17 12 16 16 16 16 12 12 16 16 16 16 12 12 12 16 16 16 16 16 16 17 17 16 16 16 16 16 16 16 17 16 16 16 17 16 16 16 16 12 12 16 17 17 17 16 16 16 17 16 16 17 17 16 12  0  5  8  3 16 12 12 12 14 14 15 16 12 14 12 17 17 14 11 10 10 12  9 12  8 12 12 12 12  9 11 12 12 12 12 15 13 16 17 17 17 17 11  9 14 12 12 12 14 12 11  9  9 13 16 13 16 14 17 17 17 12 11 14 18 16 20 18 11 11 17 11 13 12 15 15 11 12 
14 13 13 13 13 13 14 14 14 14 14 14 13 13 13 13 14 14 14 13 13 13 14 14 13 12 14 14 14 14 12 12 14 14 14 14 12 12 12 14 14 14 14 14 14 13 13 14 14 14 14 14 14 14 13 14 14 14 13 14 14 14 14 12 12 14 13 13 13 14 14 14 13 14 14 13 13 14 12  5  0  4  3 14 12 12 12 13 12 13 15  9 12  9 13 13 13  9 10 10 12  9 12  4 12 12 12 12  9 10 12 12 12 12 14 11 16 13 13 13 13 11  9 11 12 13  9 13 12 11  9  8 12 15 10 15 11 13 13 13 12 11 13 17 15 18 15  9 10 13 10 15 11 13 14 10 11 
14 13 13 13 13 13 14 14 14 14 14 14 13 13 13 13 14 14 14 13 13 13 14 14 13 13 14 14 14 14 13 13 14 14 14 14 13 13 13 14 14 14 14 14 14 13 13 14 14 14 14 14 14 14 13 14 14 14 13 14 14 14 14 13 13 14 13 13 13 14 14 14 13 14 14 13 13 14 13  8  4  0  6 14 13 13 13 12 12 13 15  9 12  9 13 13 12 13 13 13 14 12 11  0 13 13 13 13 12 14 13 13 13 13 14 12 15 13 13 13 13 14 12 12 14 13  9 13 15 14 12  5 14 14 10 14 11 13 13 13 13 14 12 17 14 18 18 13 13 13 10 11 11 13 14 10 14 
15 14 14 14 14 14 15 15 15 15 15 15 14 14 14 14 15 15 15 14 14 14 15 15 14 12 15 15 15 15 12 12 15 15 15 15 12 12 12 15 15 15 15 15 15 14 14 15 15 15 15 15 15 15 14 15 15 15 14 15 15 15 15 12 12 15 14 14 14 15 15 15 14 15 15 14 14 15 12  3  3  6  0 15 12 12 12 13 13 13 15 10 13  9 14 14 14 10 10 10 12  9 12  6 12 12 12 12  9 11 12 12 12 12 15 13 16 14 14 14 14 11  9 11 12 12  9 13 12 11  9 10 13 16 13 16 12 14 14 14 12 11 14 18 15 18 16 10 11 14 10 15 12 14 15 10 12 
 0 11 11 11 11 11  0  0  0  0  0  0 11 11 11 11  0  0  0 11 11 11  0  0 11 12  0  0  0  0 12 12  0  0  0  0 12 12 12  0  0  0  0  0  0 11 11  0  0  0  0  0  0  0 11  0  0  0 11  0  0  0  0 12 12  0 11 11 11  0  0  0 11  0  0 11 11  0 12 16 14 14 15  0 12 12 12  9  8  9  4  5  6  6 11 11 10 14 13 13 15 12 13 14 12 12 12 12 12 14 12 12 12 12 10 11  9 11 11 11 11 14 12 13 15  6  6  9 16 14 12 16 16  5 12  5 12 11 11 11 12 13  7 13  5  8 11 14 15 11  6 10 11  8 10  6 15 
12  8  8  8  8  8 12 12 12 12 12 12  8  8  8  8 12 12 12  8  8  8 12 12  8  0 12 12 12 12  0  0 12 12 12 12  0  0  0 12 12 12 12 12 12  8  8 12 12 12 12 12 12 12  8 12 12 12  8 12 12 12 12  0  0 12  8  8  8 12 12 12  8 12 12  8  8 12  0 12 12 13 12 12  0  0  0  8  9  7 12  7  7  8  8  8  4  6  7  7  9  6  9 13  0  0  0  0  6  8  0  0  0  0  6  5 10  8  8  8  8  8  6  3  9 10  8  9  9  8  6 15  5  9  6  9  7  8  8  8  0  7 10  9 12 16 11  6  6  8  7  4  5 10  6  7  5 
12  8  8  8  8  8 12 12 12 12 12 12  8  8  8  8 12 12 12  8  8  8 12 12  8  0 12 12 12 12  0  0 12 12 12 12  0  0  0 12 12 12 12 12 12  8  8 12 12 12 12 12 12 12  8 12 12 12  8 12 12 12 12  0  0 12  8  8  8 12 12 12  8 12 12  8  8 12  0 12 12 13 12 12  0  0  0  8  9  7 12  7  7  8  8  8  4  6  7  7  9  6  9 13  0  0  0  0  6  8  0  0  0  0  6  5 10  8  8  8  8  8  6  3  9 10  8  9  9  8  6 15  5  9  6  9  7  8  8  8  0  7 10  9 12 16 11  6  6  8  7  4  5 10  6  7  5 
12  8  8  8  8  8 12 12 12 12 12 12  8  8  8  8 12 12 12  8  8  8 12 12  8  0 12 12 12 12  0  0 12 12 12 12  0  0  0 12 12 12 12 12 12  8  8 12 12 12 12 12 12 12  8 12 12 12  8 12 12 12 12  0  0 12  8  8  8 12 12 12  8 12 12  8  8 12  0 12 12 13 12 12  0  0  0  8  9  7 12  7  7  8  8  8  4  6  7  7  9  6  9 13  0  0  0  0  6  8  0  0  0  0  6  5 10  8  8  8  8  8  6  3  9 10  8  9  9  8  6 15  5  9  6  9  7  8  8  8  0  7 10  9 12 16 11  6  6  8  7  4  5 10  6  7  5 
 9 11 11 11 11 11  9  9  9  9  9  9 11 11 11 11  9  9  9 11 11 11  9  9 11  8  9  9  9  9  8  8  9  9  9  9  8  8  8  9  9  9  9  9  9 11 11  9  9  9  9  9  9  9 11  9  9  9 11  9  9  9  9  8  8  9 11 11 11  9  9  9 11  9  9 11 11  9  8 14 13 12 13  9  8  8  8  0  1  7 10  4  7  4 11 11 10 11 11 11 13 10 12 12  8  8  8  8 10 12  8  8  8  8  9  7  8 11 11 11 11 12 10 11 13  7  4  1 14 12 10 14 11 10  8 10  7 11 11 11  8 12  6 16  9 12 14 11 10 11  4 10  6  2  9  4 10 
 8 10 10 10 10 10  8  8  8  8  8  8 10 10 10 10  8  8  8 10 10 10  8  8 10  9  8  8  8  8  9  9  8  8  8  8  9  9  9  8  8  8  8  8  8 10 10  8  8  8  8  8  8  8 10  8  8  8 10  8  8  8  8  9  9  8 10 10 10  8  8  8 10  8  8 10 10  8  9 14 12 12 13  8  9  9  9  1  0  7  9  3  7  4 10 10 10 12 12 12 14 11 12 12  9  9  9  9 11 13  9  9  9  9  8  8  8 10 10 10 10 13 11 11 14  7  4  2 15 13 11 15 12  9  9  9  8 10 10 10  9 13  7 15  9 12 15 12 11 10  3  9  7  1  8  3 11 
 9  7  7  7  7  7  9  9  9  9  9  9  7  7  7  7  9  9  9  7  7  7  9  9  7  7  9  9  9  9  7  7  9  9  9  9  7  7  7  9  9  9  9  9  9  7  7  9  9  9  9  9  9  9  7  9  9  9  7  9  9  9  9  7  7  9  7  7  7  9  9  9  7  9  9  7  7  9  7 15 13 13 13  9  7  7  7  7  7  0  7  4  4  4  7  7  6 10  9  9 12  9  8 13  7  7  7  7  9 10  7  7  7  7  5  7  6  7  7  7  7 11  9  9 12  5  4  7 13 11  9 15 11  5  7  5  6  7  7  7  7 11  6  9  9 11 10 10 10  7  4  6  4  7  5  4 10 
 4 11 11 11 11 11  4  4  4  4  4  4 11 11 11 11  4  4  4 11 11 11  4  4 11 12  4  4  4  4 12 12  4  4  4  4 12 12 12  4  4  4  4  4  4 11 11  4  4  4  4  4  4  4 11  4  4  4 11  4  4  4  4 12 12  4 11 11 11  4  4  4 11  4  4 11 11  4 12 16 15 15 15  4 12 12 12 10  9  7  0  6  7  6 11 11 11 14 13 13 15 12 13 15 12 12 12 12 12 14 12 12 12 12 10 11  9 11 11 11 11 14 12 13 15  6  6 10 16 14 12 16 16  8 12  8 12 11 11 11 12 13  7 13  5  7 11 14 15 11  7 11  9  8 10  7 15 
 5  8  8  8  8  8  5  5  5  5  5  5  8  8  8  8  5  5  5  8  8  8  5  5  8  7  5  5  5  5  7  7  5  5  5  5  7  7  7  5  5  5  5  5  5  8  8  5  5  5  5  5  5  5  8  5  5  5  8  5  5  5  5  7  7  5  8  8  8  5  5  5  8  5  5  8  8  5  7 12  9  9 10  5  7  7  7  4  3  4  6  0  4  1  8  8  7 11  9  9 11  9  9  9  7  7  7  7  9 10  7  7  7  7  7  6  7  8  8  8  8 11  9  8 11  4  1  4 13 11  9 12 11  7  7  7  7  8  8  8  7 10  4 13  7  9 13 11 10  8  1  7  6  4  7  1 10 
 6  6  6  6  6  6  6  6  6  6  6  6  6  6  6  6  6  6  6  6  6  6  6  6  6  7  6  6  6  6  7  7  6  6  6  6  7  7  7  6  6  6  6  6  6  6  6  6  6  6  6  6  6  6  6  6  6  6  6  6  6  6  6  7  7  6  6  6  6  6  6  6  6  6  6  6  6  6  7 14 12 12 13  6  7  7  7  7  7  4  7  4  0  4  6  6  5  8  7  7  9  6  8 12  7  7  7  7  6  8  7  7  7  7  7  6  6  6  6  6  6  8  6  8  9  4  4  7 10  8  6 14 10  5  6  5  6  6  6  6  7  8  6 11 10 10 12  8 10  6  4  5  5  6  7  4 10 
 6  8  8  8  8  8  6  6  6  6  6  6  8  8  8  8  6  6  6  8  8  8  6  6  8  8  6  6  6  6  8  8  6  6  6  6  8  8  8  6  6  6  6  6  6  8  8  6  6  6  6  6  6  6  8  6  6  6  8  6  6  6  6  8  8  6  8  8  8  6  6  6  8  6  6  8  8  6  8 12  9  9  9  6  8  8  8  4  4  4  6  1  4  0  8  8  7 10  9  9 11  8  9  9  8  8  8  8  8 10  8  8  8  8  8  7  8  8  8  8  8 10  8  9 11  4  0  4 12 10  8 12 11  7  7  7  7  8  8  8  8 10  5 13  8 10 14 10 11  8  1  6  6  5  8  1 10 
11  0  0  0  0  0 11 11 11 11 11 11  0  0  0  0 11 11 11  0  0  0 11 11  0  8 11 11 11 11  8  8 11 11 11 11  8  8  8 11 11 11 11 11 11  0  0 11 11 11 11 11 11 11  0 11 11 11  0 11 11 11 11  8  8 11  0  0  0 11 11 11  0 11 11  0  0 11  8 17 13 13 14 11  8  8  8 11 10  7 11  8  6  8  0  0  6 10  8  8 10  8  9 13  8  8  8  8  8  9  8  8  8  8  5  6  8  0  0  0  0 10  8  8 10 10  8 11 12 10  8 17  9  6  6  6  7  0  0  0  8  9 10 12 11 12 10 10 11  0  7  6  5 11  5  7 10 
11  0  0  0  0  0 11 11 11 11 11 11  0  0  0  0 11 11 11  0  0  0 11 11  0  8 11 11 11 11  8  8 11 11 11 11  8  8  8 11 11 11 11 11 11  0  0 11 11 11 11 11 11 11  0 11 11 11  0 11 11 11 11  8  8 11  0  0  0 11 11 11  0 11 11  0  0 11  8 17 13 13 14 11  8  8  8 11 10  7 11  8  6  8  0  0  6 10  8  8 10  8  9 13  8  8  8  8  8  9  8  8  8  8  5  6  8  0  0  0  0 10  8  8 10 10  8 11 12 10  8 17  9  6  6  6  7  0  0  0  8  9 10 12 11 12 10 10 11  0  7  6  5 11  5  7 10 
10  6  6  6  6  6 10 10 10 10 10 10  6  6  6  6 10 10 10  6  6  6 10 10  6  4 10 10 10 10  4  4 10 10 10 10  4  4  4 10 10 10 10 10 10  6  6 10 10 10 10 10 10 10  6 10 10 10  6 10 10 10 10  4  4 10  6  6  6 10 10 10  6 10 10  6  6 10  4 14 13 12 14 10  4  4  4 10 10  6 11  7  5  7  6  6  0  6  6  6  8  5  6 12  4  4  4  4  5  6  4  4  4  4  7  5  8  6  6  6  6  6  5  4  8  8  7 10  9  7  5 15  7  9  4  9  5  6  6  6  4  6 10 11 13 14 11  6  5  6  7  4  4 10  7  7  6 
14 10 10 10 10 10 14 14 14 14 14 14 10 10 10 10 14 14 14 10 10 10 14 14 10  6 14 14 14 14  6  6 14 14 14 14  6  6  6 14 14 14 14 14 14 10 10 14 14 14 14 14 14 14 10 14 14 14 10 14 14 14 14  6  6 14 10 10 10 14 14 14 10 14 14 10 10 14  6 11  9 13 10 14  6  6  6 11 12 10 14 11  8 10 10 10  6  0  3  3  5  2  6 13  6  6  6  6  2  4  6  6  6  6  9  7 13 10 10 10 10  4  2  6  5 10 10 11  6  4  2 14  5 12  7 12  7 10 10 10  6  4 13 10 15 18 11  0  4 10 10  8  8 12  9 10  5 
13  8  8  8  8  8 13 13 13 13 13 13  8  8  8  8 13 13 13  8  8  8 13 13  8  7 13 13 13 13  7  7 13 13 13 13  7  7  7 13 13 13 13 13 13  8  8 13 13 13 13 13 13 13  8 13 13 13  8 13 13 13 13  7  7 13  8  8  8 13 13 13  8 13 13  8  8 13  7 10 10 13 10 13  7  7  7 11 12  9 13  9  7  9  8  8  6  3  0  0  3  1  7 13  7  7  7  7  1  1  7  7  7  7  9  7 13  8  8  8  8  2  1  6  3 11  9 11  4  3  1 14  4 11  6 11  7  8  8  8  7  3 12 10 15 17 10  3  5  8  9  7  7 13  9  9  5 
13  8  8  8  8  8 13 13 13 13 13 13  8  8  8  8 13 13 13  8  8  8 13 13  8  7 13 13 13 13  7  7 13 13 13 13  7  7  7 13 13 13 13 13 13  8  8 13 13 13 13 13 13 13  8 13 13 13  8 13 13 13 13  7  7 13  8  8  8 13 13 13  8 13 13  8  8 13  7 10 10 13 10 13  7  7  7 11 12  9 13  9  7  9  8  8  6  3  0  0  3  1  7 13  7  7  7  7  1  1  7  7  7  7  9  7 13  8  8  8  8  2  1  6  3 11  9 11  4  3  1 14  4 11  6 11  7  8  8  8  7  3 12 10 15 17 10  3  5  8  9  7  7 13  9  9  5 
15 10 10 10 10 10 15 15 15 15 15 15 10 10 10 10 15 15 15 10 10 10 15 15 10  9 15 15 15 15  9  9 15 15 15 15  9  9  9 15 15 15 15 15 15 10 10 15 15 15 15 15 15 15 10 15 15 15 10 15 15 15 15  9  9 15 10 10 10 15 15 15 10 15 15 10 10 15  9 12 12 14 12 15  9  9  9 13 14 12 15 11  9 11 10 10  8  5  3  3  0  3  9 14  9  9  9  9  3  4  9  9  9  9 10  9 15 10 10 10 10  4  3  8  0 13 11 13  3  2  3 16  4 13  8 13  9 10 10 10  9  5 14 12 17 19 12  5  6 10 11 10  9 15 10 11  5 
12  8  8  8  8  8 12 12 12 12 12 12  8  8  8  8 12 12 12  8  8  8 12 12  8  6 12 12 12 12  6  6 12 12 12 12  6  6  6 12 12 12 12 12 12  8  8 12 12 12 12 12 12 12  8 12 12 12  8 12 12 12 12  6  6 12  8  8  8 12 12 12  8 12 12  8  8 12  6  9  9 12  9 12  6  6  6 10 11  9 12  9  6  8  8  8  5  2  1  1  3  0  6 12  6  6  6  6  0  2  6  6  6  6  8  6 12  8  8  8  8  2  0  5  3 10  8 10  4  2  0 13  4 10  5 10  6  8  8  8  6  2 11  9 14 16  9  2  4  8  8  7  6 12  8  8  5 
13  9  9  9  9  9 13 13 13 13 13 13  9  9  9  9 13 13 13  9  9  9 13 13  9  9 13 13 13 13  9  9 13 13 13 13  9  9  9 13 13 13 13 13 13  9  9 13 13 13 13 13 13 13  9 13 13 13  9 13 13 13 13  9  9 13  9  9  9 13 13 13  9 13 13  9  9 13  9 12 12 11 12 13  9  9  9 12 12  8 13  9  8  9  9  9  6  6  7  7  9  6  0 11  9  9  9  9  6  8  9  9  9  9 10  7 11  9  9  9  9  8  6  8  9 11  9 12  9  8  6 13  9 10  4 10  5  9  9  9  9  7 13 14 14 17 13  6  8  9  9  9  7 13 10  9  9 
14 13 13 13 13 13 14 14 14 14 14 14 13 13 13 13 14 14 14 13 13 13 14 14 13 13 14 14 14 14 13 13 14 14 14 14 13 13 13 14 14 14 14 14 14 13 13 14 14 14 14 14 14 14 13 14 14 14 13 14 14 14 14 13 13 14 13 13 13 14 14 14 13 14 14 13 13 14 13  8  4  0  6 14 13 13 13 12 12 13 15  9 12  9 13 13 12 13 13 13 14 12 11  0 13 13 13 13 12 14 13 13 13 13 14 12 15 13 13 13 13 14 12 12 14 13  9 13 15 14 12  5 14 14 10 14 11 13 13 13 13 14 12 17 14 18 18 13 13 13 10 11 11 13 14 10 14 
12  8  8  8  8  8 12 12 12 12 12 12  8  8  8  8 12 12 12  8  8  8 12 12  8  0 12 12 12 12  0  0 12 12 12 12  0  0  0 12 12 12 12 12 12  8  8 12 12 12 12 12 12 12  8 12 12 12  8 12 12 12 12  0  0 12  8  8  8 12 12 12  8 12 12  8  8 12  0 12 12 13 12 12  0  0  0  8  9  7 12  7  7  8  8  8  4  6  7  7  9  6  9 13  0  0  0  0  6  8  0  0  0  0  6  5 10  8  8  8  8  8  6  3  9 10  8  9  9  8  6 15  5  9  6  9  7  8  8  8  0  7 10  9 12 16 11  6  6  8  7  4  5 10  6  7  5 
12  8  8  8  8  8 12 12 12 12 12 12  8  8  8  8 12 12 12  8  8  8 12 12  8  0 12 12 12 12  0  0 12 12 12 12  0  0  0 12 12 12 12 12 12  8  8 12 12 12 12 12 12 12  8 12 12 12  8 12 12 12 12  0  0 12  8  8  8 12 12 12  8 12 12  8  8 12  0 12 12 13 12 12  0  0  0  8  9  7 12  7  7  8  8  8  4  6  7  7  9  6  9 13  0  0  0  0  6  8  0  0  0  0  6  5 10  8  8  8  8  8  6  3  9 10  8  9  9  8  6 15  5  9  6  9  7  8  8  8  0  7 10  9 12 16 11  6  6  8  7  4  5 10  6  7  5 
12  8  8  8  8  8 12 12 12 12 12 12  8  8  8  8 12 12 12  8  8  8 12 12  8  0 12 12 12 12  0  0 12 12 12 12  0  0  0 12 12 12 12 12 12  8  8 12 12 12 12 12 12 12  8 12 12 12  8 12 12 12 12  0  0 12  8  8  8 12 12 12  8 12 12  8  8 12  0 12 12 13 12 12  0  0  0  8  9  7 12  7  7  8  8  8  4  6  7  7  9  6  9 13  0  0  0  0  6  8  0  0  0  0  6  5 10  8  8  8  8  8  6  3  9 10  8  9  9  8  6 15  5  9  6  9  7  8  8  8  0  7 10  9 12 16 11  6  6  8  7  4  5 10  6  7  5 
12  8  8  8  8  8 12 12 12 12 12 12  8  8  8  8 12 12 12  8  8  8 12 12  8  0 12 12 12 12  0  0 12 12 12 12  0  0  0 12 12 12 12 12 12  8  8 12 12 12 12 12 12 12  8 12 12 12  8 12 12 12 12  0  0 12  8  8  8 12 12 12  8 12 12  8  8 12  0 12 12 13 12 12  0  0  0  8  9  7 12  7  7  8  8  8  4  6  7  7  9  6  9 13  0  0  0  0  6  8  0  0  0  0  6  5 10  8  8  8  8  8  6  3  9 10  8  9  9  8  6 15  5  9  6  9  7  8  8  8  0  7 10  9 12 16 11  6  6  8  7  4  5 10  6  7  5 
12  8  8  8  8  8 12 12 12 12 12 12  8  8  8  8 12 12 12  8  8  8 12 12  8  6 12 12 12 12  6  6 12 12 12 12  6  6  6 12 12 12 12 12 12  8  8 12 12 12 12 12 12 12  8 12 12 12  8 12 12 12 12  6  6 12  8  8  8 12 12 12  8 12 12  8  8 12  6  9  9 12  9 12  6  6  6 10 11  9 12  9  6  8  8  8  5  2  1  1  3  0  6 12  6  6  6  6  0  2  6  6  6  6  8  6 12  8  8  8  8  2  0  5  3 10  8 10  4  2  0 13  4 10  5 10  6  8  8  8  6  2 11  9 14 16  9  2  4  8  8  7  6 12  8  8  5 
14  9  9  9  9  9 14 14 14 14 14 14  9  9  9  9 14 14 14  9  9  9 14 14  9  8 14 14 14 14  8  8 14 14 14 14  8  8  8 14 14 14 14 14 14  9  9 14 14 14 14 14 14 14  9 14 14 14  9 14 14 14 14  8  8 14  9  9  9 14 14 14  9 14 14  9  9 14  8 11 10 14 11 14  8  8  8 12 13 10 14 10  8 10  9  9  6  4  1  1  4  2  8 14  8  8  8  8  2  0  8  8  8  8 10  8 14  9  9  9  9  3  2  6  4 12 10 12  3  3  2 15  4 12  7 12  8  9  9  9  8  2 13 10 16 18 11  4  5  9 10  8  8 14 10 10  5 
12  8  8  8  8  8 12 12 12 12 12 12  8  8  8  8 12 12 12  8  8  8 12 12  8  0 12 12 12 12  0  0 12 12 12 12  0  0  0 12 12 12 12 12 12  8  8 12 12 12 12 12 12 12  8 12 12 12  8 12 12 12 12  0  0 12  8  8  8 12 12 12  8 12 12  8  8 12  0 12 12 13 12 12  0  0  0  8  9  7 12  7  7  8  8  8  4  6  7  7  9  6  9 13  0  0  0  0  6  8  0  0  0  0  6  5 10  8  8  8  8  8  6  3  9 10  8  9  9  8  6 15  5  9  6  9  7  8  8  8  0  7 10  9 12 16 11  6  6  8  7  4  5 10  6  7  5 
12  8  8  8  8  8 12 12 12 12 12 12  8  8  8  8 12 12 12  8  8  8 12 12  8  0 12 12 12 12  0  0 12 12 12 12  0  0  0 12 12 12 12 12 12  8  8 12 12 12 12 12 12 12  8 12 12 12  8 12 12 12 12  0  0 12  8  8  8 12 12 12  8 12 12  8  8 12  0 12 12 13 12 12  0  0  0  8  9  7 12  7  7  8  8  8  4  6  7  7  9  6  9 13  0  0  0  0  6  8  0  0  0  0  6  5 10  8  8  8  8  8  6  3  9 10  8  9  9  8  6 15  5  9  6  9  7  8  8  8  0  7 10  9 12 16 11  6  6  8  7  4  5 10  6  7  5 
12  8  8  8  8  8 12 12 12 12 12 12  8  8  8  8 12 12 12  8  8  8 12 12  8  0 12 12 12 12  0  0 12 12 12 12  0  0  0 12 12 12 12 12 12  8  8 12 12 12 12 12 12 12  8 12 12 12  8 12 12 12 12  0  0 12  8  8  8 12 12 12  8 12 12  8  8 12  0 12 12 13 12 12  0  0  0  8  9  7 12  7  7  8  8  8  4  6  7  7  9  6  9 13  0  0  0  0  6  8  0  0  0  0  6  5 10  8  8  8  8  8  6  3  9 10  8  9  9  8  6 15  5  9  6  9  7  8  8  8  0  7 10  9 12 16 11  6  6  8  7  4  5 10  6  7  5 
12  8  8  8  8  8 12 12 12 12 12 12  8  8  8  8 12 12 12  8  8  8 12 12  8  0 12 12 12 12  0  0 12 12 12 12  0  0  0 12 12 12 12 12 12  8  8 12 12 12 12 12 12 12  8 12 12 12  8 12 12 12 12  0  0 12  8  8  8 12 12 12  8 12 12  8  8 12  0 12 12 13 12 12  0  0  0  8  9  7 12  7  7  8  8  8  4  6  7  7  9  6  9 13  0  0  0  0  6  8  0  0  0  0  6  5 10  8  8  8  8  8  6  3  9 10  8  9  9  8  6 15  5  9  6  9  7  8  8  8  0  7 10  9 12 16 11  6  6  8  7  4  5 10  6  7  5 
10  5  5  5  5  5 10 10 10 10 10 10  5  5  5  5 10 10 10  5  5  5 10 10  5  6 10 10 10 10  6  6 10 10 10 10  6  6  6 10 10 10 10 10 10  5  5 10 10 10 10 10 10 10  5 10 10 10  5 10 10 10 10  6  6 10  5  5  5 10 10 10  5 10 10  5  5 10  6 15 14 14 15 10  6  6  6  9  8  5 10  7  7  8  5  5  7  9  9  9 10  8 10 14  6  6  6  6  8 10  6  6  6  6  0  3  8  5  5  5  5 10  8  5 10  7  8  9 10  9  8 15  7  6  7  6  7  5  5  5  6  9  8  9  8 12 11  9  8  5  8  5  4  7  0  8  6 
11  6  6  6  6  6 11 11 11 11 11 11  6  6  6  6 11 11 11  6  6  6 11 11  6  5 11 11 11 11  5  5 11 11 11 11  5  5  5 11 11 11 11 11 11  6  6 11 11 11 11 11 11 11  6 11 11 11  6 11 11 11 11  5  5 11  6  6  6 11 11 11  6 11 11  6  6 11  5 13 11 12 13 11  5  5  5  7  8  7 11  6  6  7  6  6  5  7  7  7  9  6  7 12  5  5  5  5  6  8  5  5  5  5  3  0  9  6  6  6  6  8  6  5  9 10  7  7 10  8  6 13  8  7  4  7  5  6  6  6  5  7  9 10  9 13 12  7  8  6  6  5  4  8  3  6  8 
 9  8  8  8  8  8  9  9  9  9  9  9  8  8  8  8  9  9  9  8  8  8  9  9  8 10  9  9  9  9 10 10  9  9  9  9 10 10 10  9  9  9  9  9  9  8  8  9  9  9  9  9  9  9  8  9  9  9  8  9  9  9  9 10 10  9  8  8  8  9  9  9  8  9  9  8  8  9 10 16 16 15 16  9 10 10 10  8  8  6  9  7  6  8  8  8  8 13 13 13 15 12 11 15 10 10 10 10 12 14 10 10 10 10  8  9  0  8  8  8  8 13 12 11 15  6  8  9 16 14 12 17 14  6  9  6  9  8  8  8 10 14  5  9 12 10 10 13 13  8  7  9  7  7  8  7 13 
11  0  0  0  0  0 11 11 11 11 11 11  0  0  0  0 11 11 11  0  0  0 11 11  0  8 11 11 11 11  8  8 11 11 11 11  8  8  8 11 11 11 11 11 11  0  0 11 11 11 11 11 11 11  0 11 11 11  0 11 11 11 11  8  8 11  0  0  0 11 11 11  0 11 11  0  0 11  8 17 13 13 14 11  8  8  8 11 10  7 11  8  6  8  0  0  6 10  8  8 10  8  9 13  8  8  8  8  8  9  8  8  8  8  5  6  8  0  0  0  0 10  8  8 10 10  8 11 12 10  8 17  9  6  6  6  7  0  0  0  8  9 10 12 11 12 10 10 11  0  7  6  5 11  5  7 10 
11  0  0  0  0  0 11 11 11 11 11 11  0  0  0  0 11 11 11  0  0  0 11 11  0  8 11 11 11 11  8  8 11 11 11 11  8  8  8 11 11 11 11 11 11  0  0 11 11 11 11 11 11 11  0 11 11 11  0 11 11 11 11  8  8 11  0  0  0 11 11 11  0 11 11  0  0 11  8 17 13 13 14 11  8  8  8 11 10  7 11  8  6  8  0  0  6 10  8  8 10  8  9 13  8  8  8  8  8  9  8  8  8  8  5  6  8  0  0  0  0 10  8  8 10 10  8 11 12 10  8 17  9  6  6  6  7  0  0  0  8  9 10 12 11 12 10 10 11  0  7  6  5 11  5  7 10 
11  0  0  0  0  0 11 11 11 11 11 11  0  0  0  0 11 11 11  0  0  0 11 11  0  8 11 11 11 11  8  8 11 11 11 11  8  8  8 11 11 11 11 11 11  0  0 11 11 11 11 11 11 11  0 11 11 11  0 11 11 11 11  8  8 11  0  0  0 11 11 11  0 11 11  0  0 11  8 17 13 13 14 11  8  8  8 11 10  7 11  8  6  8  0  0  6 10  8  8 10  8  9 13  8  8  8  8  8  9  8  8  8  8  5  6  8  0  0  0  0 10  8  8 10 10  8 11 12 10  8 17  9  6  6  6  7  0  0  0  8  9 10 12 11 12 10 10 11  0  7  6  5 11  5  7 10 
11  0  0  0  0  0 11 11 11 11 11 11  0  0  0  0 11 11 11  0  0  0 11 11  0  8 11 11 11 11  8  8 11 11 11 11  8  8  8 11 11 11 11 11 11  0  0 11 11 11 11 11 11 11  0 11 11 11  0 11 11 11 11  8  8 11  0  0  0 11 11 11  0 11 11  0  0 11  8 17 13 13 14 11  8  8  8 11 10  7 11  8  6  8  0  0  6 10  8  8 10  8  9 13  8  8  8  8  8  9  8  8  8  8  5  6  8  0  0  0  0 10  8  8 10 10  8 11 12 10  8 17  9  6  6  6  7  0  0  0  8  9 10 12 11 12 10 10 11  0  7  6  5 11  5  7 10 
14 10 10 10 10 10 14 14 14 14 14 14 10 10 10 10 14 14 14 10 10 10 14 14 10  8 14 14 14 14  8  8 14 14 14 14  8  8  8 14 14 14 14 14 14 10 10 14 14 14 14 14 14 14 10 14 14 14 10 14 14 14 14  8  8 14 10 10 10 14 14 14 10 14 14 10 10 14  8 11 11 14 11 14  8  8  8 12 13 11 14 11  8 10 10 10  6  4  2  2  4  2  8 14  8  8  8  8  2  3  8  8  8  8 10  8 13 10 10 10 10  0  2  5  4 12 10 12  5  4  2 15  4 12  7 12  8 10 10 10  8  1 13 10 16 18 10  4  4 10 10  7  8 14 10 10  5 
12  8  8  8  8  8 12 12 12 12 12 12  8  8  8  8 12 12 12  8  8  8 12 12  8  6 12 12 12 12  6  6 12 12 12 12  6  6  6 12 12 12 12 12 12  8  8 12 12 12 12 12 12 12  8 12 12 12  8 12 12 12 12  6  6 12  8  8  8 12 12 12  8 12 12  8  8 12  6  9  9 12  9 12  6  6  6 10 11  9 12  9  6  8  8  8  5  2  1  1  3  0  6 12  6  6  6  6  0  2  6  6  6  6  8  6 12  8  8  8  8  2  0  5  3 10  8 10  4  2  0 13  4 10  5 10  6  8  8  8  6  2 11  9 14 16  9  2  4  8  8  7  6 12  8  8  5 
13  8  8  8  8  8 13 13 13 13 13 13  8  8  8  8 13 13 13  8  8  8 13 13  8  3 13 13 13 13  3  3 13 13 13 13  3  3  3 13 13 13 13 13 13  8  8 13 13 13 13 13 13 13  8 13 13 13  8 13 13 13 13  3  3 13  8  8  8 13 13 13  8 13 13  8  8 13  3 14 11 12 11 13  3  3  3 11 11  9 13  8  8  9  8  8  4  6  6  6  8  5  8 12  3  3  3  3  5  6  3  3  3  3  5  5 11  8  8  8  8  5  5  0  8 10  9 12  8  6  5 15  4 10  7 10  6  8  8  8  3  6 12  9 12 14  9  6  3  8  8  4  6 12  5  8  4 
15 10 10 10 10 10 15 15 15 15 15 15 10 10 10 10 15 15 15 10 10 10 15 15 10  9 15 15 15 15  9  9 15 15 15 15  9  9  9 15 15 15 15 15 15 10 10 15 15 15 15 15 15 15 10 15 15 15 10 15 15 15 15  9  9 15 10 10 10 15 15 15 10 15 15 10 10 15  9 12 12 14 12 15  9  9  9 13 14 12 15 11  9 11 10 10  8  5  3  3  0  3  9 14  9  9  9  9  3  4  9  9  9  9 10  9 15 10 10 10 10  4  3  8  0 13 11 13  3  2  3 16  4 13  8 13  9 10 10 10  9  5 14 12 17 19 12  5  6 10 11 10  9 15 10 11  5 
 6 10 10 10 10 10  6  6  6  6  6  6 10 10 10 10  6  6  6 10 10 10  6  6 10 10  6  6  6  6 10 10  6  6  6  6 10 10 10  6  6  6  6  6  6 10 10  6  6  6  6  6  6  6 10  6  6  6 10  6  6  6  6 10 10  6 10 10 10  6  6  6 10  6  6 10 10  6 10 12 13 13 12  6 10 10 10  7  7  5  6  4  4  4 10 10  8 10 11 11 13 10 11 13 10 10 10 10 10 12 10 10 10 10  7 10  6 10 10 10 10 12 10 10 13  0  4  7 14 12 10 14 12  8  9  8 10 10 10 10 10 11  4 14  6 10 15 10 12 10  5  8  7  6  7  5 12 
 6  8  8  8  8  8  6  6  6  6  6  6  8  8  8  8  6  6  6  8  8  8  6  6  8  8  6  6  6  6  8  8  6  6  6  6  8  8  8  6  6  6  6  6  6  8  8  6  6  6  6  6  6  6  8  6  6  6  8  6  6  6  6  8  8  6  8  8  8  6  6  6  8  6  6  8  8  6  8 12  9  9  9  6  8  8  8  4  4  4  6  1  4  0  8  8  7 10  9  9 11  8  9  9  8  8  8  8  8 10  8  8  8  8  8  7  8  8  8  8  8 10  8  9 11  4  0  4 12 10  8 12 11  7  7  7  7  8  8  8  8 10  5 13  8 10 14 10 11  8  1  6  6  5  8  1 10 
 9 11 11 11 11 11  9  9  9  9  9  9 11 11 11 11  9  9  9 11 11 11  9  9 11  9  9  9  9  9  9  9  9  9  9  9  9  9  9  9  9  9  9  9  9 11 11  9  9  9  9  9  9  9 11  9  9  9 11  9  9  9  9  9  9  9 11 11 11  9  9  9 11  9  9 11 11  9  9 14 13 13 13  9  9  9  9  1  2  7 10  4  7  4 11 11 10 11 11 11 13 10 12 13  9  9  9  9 10 12  9  9  9  9  9  7  9 11 11 11 11 12 10 12 13  7  4  0 14 12 10 14 12 10  8 10  7 11 11 11  9 12  6 16  9 13 14 11 11 11  4 10  6  3  9  4 11 
16 12 12 12 12 12 16 16 16 16 16 16 12 12 12 12 16 16 16 12 12 12 16 16 12  9 16 16 16 16  9  9 16 16 16 16  9  9  9 16 16 16 16 16 16 12 12 16 16 16 16 16 16 16 12 16 16 16 12 16 16 16 16  9  9 16 12 12 12 16 16 16 12 16 16 12 12 16  9 12 12 15 12 16  9  9  9 14 15 13 16 13 10 12 12 12  9  6  4  4  3  4  9 15  9  9  9  9  4  3  9  9  9  9 10 10 16 12 12 12 12  5  4  8  3 14 12 14  0  3  4 16  4 14  9 14 10 12 12 12  9  5 15 12 18 20 13  6  6 12 12 10 10 16 10 12  5 
14 10 10 10 10 10 14 14 14 14 14 14 10 10 10 10 14 14 14 10 10 10 14 14 10  8 14 14 14 14  8  8 14 14 14 14  8  8  8 14 14 14 14 14 14 10 10 14 14 14 14 14 14 14 10 14 14 14 10 14 14 14 14  8  8 14 10 10 10 14 14 14 10 14 14 10 10 14  8 11 11 14 11 14  8  8  8 12 13 11 14 11  8 10 10 10  7  4  3  3  2  2  8 14  8  8  8  8  2  3  8  8  8  8  9  8 14 10 10 10 10  4  2  6  2 12 10 12  3  0  2 15  3 12  7 12  8 10 10 10  8  4 13 11 16 18 11  4  5 10 10  9  8 14  9 10  4 
12  8  8  8  8  8 12 12 12 12 12 12  8  8  8  8 12 12 12  8  8  8 12 12  8  6 12 12 12 12  6  6 12 12 12 12  6  6  6 12 12 12 12 12 12  8  8 12 12 12 12 12 12 12  8 12 12 12  8 12 12 12 12  6  6 12  8  8  8 12 12 12  8 12 12  8  8 12  6  9  9 12  9 12  6  6  6 10 11  9 12  9  6  8  8  8  5  2  1  1  3  0  6 12  6  6  6  6  0  2  6  6  6  6  8  6 12  8  8  8  8  2  0  5  3 10  8 10  4  2  0 13  4 10  5 10  6  8  8  8  6  2 11  9 14 16  9  2  4  8  8  7  6 12  8  8  5 
16 17 17 17 17 17 16 16 16 16 16 16 17 17 17 17 16 16 16 17 17 17 16 16 17 15 16 16 16 16 15 15 16 16 16 16 15 15 15 16 16 16 16 16 16 17 17 16 16 16 16 16 16 16 17 16 16 16 17 16 16 16 16 15 15 16 17 17 17 16 16 16 17 16 16 17 17 16 15  9  8  5 10 16 15 15 15 14 15 15 16 12 14 12 17 17 15 14 14 14 16 13 13  5 15 15 15 15 13 15 15 15 15 15 15 13 17 17 17 17 17 15 13 15 16 14 12 14 16 15 13  0 16 17 13 17 12 17 17 17 15 15 14 19 16 20 21 14 14 17 12 16 13 16 15 12 15 
16  9  9  9  9  9 16 16 16 16 16 16  9  9  9  9 16 16 16  9  9  9 16 16  9  5 16 16 16 16  5  5 16 16 16 16  5  5  5 16 16 16 16 16 16  9  9 16 16 16 16 16 16 16  9 16 16 16  9 16 16 16 16  5  5 16  9  9  9 16 16 16  9 16 16  9  9 16  5 13 12 14 13 16  5  5  5 11 12 11 16 11 10 11  9  9  7  5  4  4  4  4  9 14  5  5  5  5  4  4  5  5  5  5  7  8 14  9  9  9  9  4  4  4  4 12 11 12  4  3  4 16  0 12  9 12  9  9  9  9  5  3 14  9 14 18 11  5  3  9 11  7  8 13  7 11  2 
 5  6  6  6  6  6  5  5  5  5  5  5  6  6  6  6  5  5  5  6  6  6  5  5  6  9  5  5  5  5  9  9  5  5  5  5  9  9  9  5  5  5  5  5  5  6  6  5  5  5  5  5  5  5  6  5  5  5  6  5  5  5  5  9  9  5  6  6  6  5  5  5  6  5  5  6  6  5  9 16 15 14 16  5  9  9  9 10  9  5  8  7  5  7  6  6  9 12 11 11 13 10 10 14  9  9  9  9 10 12  9  9  9  9  6  7  6  6  6  6  6 12 10 10 13  8  7 10 14 12 10 17 12  0  9  0  8  6  6  6  9 12  7  9  8  9 11 12 12  6  6  8  6  9  6  6 11 
12  6  6  6  6  6 12 12 12 12 12 12  6  6  6  6 12 12 12  6  6  6 12 12  6  6 12 12 12 12  6  6 12 12 12 12  6  6  6 12 12 12 12 12 12  6  6 12 12 12 12 12 12 12  6 12 12 12  6 12 12 12 12  6  6 12  6  6  6 12 12 12  6 12 12  6  6 12  6 13 10 10 13 12  6  6  6  8  9  7 12  7  6  7  6  6  4  7  6  6  8  5  4 10  6  6  6  6  5  7  6  6  6  6  7  4  9  6  6  6  6  7  5  7  8  9  7  8  9  7  5 13  9  9  0  9  1  6  6  6  6  7 11 11 12 15 12  7  7  6  6  6  4 10  7  6  8 
 5  6  6  6  6  6  5  5  5  5  5  5  6  6  6  6  5  5  5  6  6  6  5  5  6  9  5  5  5  5  9  9  5  5  5  5  9  9  9  5  5  5  5  5  5  6  6  5  5  5  5  5  5  5  6  5  5  5  6  5  5  5  5  9  9  5  6  6  6  5  5  5  6  5  5  6  6  5  9 16 15 14 16  5  9  9  9 10  9  5  8  7  5  7  6  6  9 12 11 11 13 10 10 14  9  9  9  9 10 12  9  9  9  9  6  7  6  6  6  6  6 12 10 10 13  8  7 10 14 12 10 17 12  0  9  0  8  6  6  6  9 12  7  9  8  9 11 12 12  6  6  8  6  9  6  6 11 
12  7  7  7  7  7 12 12 12 12 12 12  7  7  7  7 12 12 12  7  7  7 12 12  7  7 12 12 12 12  7  7 12 12 12 12  7  7  7 12 12 12 12 12 12  7  7 12 12 12 12 12 12 12  7 12 12 12  7 12 12 12 12  7  7 12  7  7  7 12 12 12  7 12 12  7  7 12  7 14 11 11 12 12  7  7  7  7  8  6 12  7  6  7  7  7  5  7  7  7  9  6  5 11  7  7  7  7  6  8  7  7  7  7  7  5  9  7  7  7  7  8  6  6  9 10  7  7 10  8  6 12  9  8  1  8  0  7  7  7  7  8 10 12 12 16 13  7  8  7  7  7  4  9  7  7  9 
11  0  0  0  0  0 11 11 11 11 11 11  0  0  0  0 11 11 11  0  0  0 11 11  0  8 11 11 11 11  8  8 11 11 11 11  8  8  8 11 11 11 11 11 11  0  0 11 11 11 11 11 11 11  0 11 11 11  0 11 11 11 11  8  8 11  0  0  0 11 11 11  0 11 11  0  0 11  8 17 13 13 14 11  8  8  8 11 10  7 11  8  6  8  0  0  6 10  8  8 10  8  9 13  8  8  8  8  8  9  8  8  8  8  5  6  8  0  0  0  0 10  8  8 10 10  8 11 12 10  8 17  9  6  6  6  7  0  0  0  8  9 10 12 11 12 10 10 11  0  7  6  5 11  5  7 10 
11  0  0  0  0  0 11 11 11 11 11 11  0  0  0  0 11 11 11  0  0  0 11 11  0  8 11 11 11 11  8  8 11 11 11 11  8  8  8 11 11 11 11 11 11  0  0 11 11 11 11 11 11 11  0 11 11 11  0 11 11 11 11  8  8 11  0  0  0 11 11 11  0 11 11  0  0 11  8 17 13 13 14 11  8  8  8 11 10  7 11  8  6  8  0  0  6 10  8  8 10  8  9 13  8  8  8  8  8  9  8  8  8  8  5  6  8  0  0  0  0 10  8  8 10 10  8 11 12 10  8 17  9  6  6  6  7  0  0  0  8  9 10 12 11 12 10 10 11  0  7  6  5 11  5  7 10 
11  0  0  0  0  0 11 11 11 11 11 11  0  0  0  0 11 11 11  0  0  0 11 11  0  8 11 11 11 11  8  8 11 11 11 11  8  8  8 11 11 11 11 11 11  0  0 11 11 11 11 11 11 11  0 11 11 11  0 11 11 11 11  8  8 11  0  0  0 11 11 11  0 11 11  0  0 11  8 17 13 13 14 11  8  8  8 11 10  7 11  8  6  8  0  0  6 10  8  8 10  8  9 13  8  8  8  8  8  9  8  8  8  8  5  6  8  0  0  0  0 10  8  8 10 10  8 11 12 10  8 17  9  6  6  6  7  0  0  0  8  9 10 12 11 12 10 10 11  0  7  6  5 11  5  7 10 
12  8  8  8  8  8 12 12 12 12 12 12  8  8  8  8 12 12 12  8  8  8 12 12  8  0 12 12 12 12  0  0 12 12 12 12  0  0  0 12 12 12 12 12 12  8  8 12 12 12 12 12 12 12  8 12 12 12  8 12 12 12 12  0  0 12  8  8  8 12 12 12  8 12 12  8  8 12  0 12 12 13 12 12  0  0  0  8  9  7 12  7  7  8  8  8  4  6  7  7  9  6  9 13  0  0  0  0  6  8  0  0  0  0  6  5 10  8  8  8  8  8  6  3  9 10  8  9  9  8  6 15  5  9  6  9  7  8  8  8  0  7 10  9 12 16 11  6  6  8  7  4  5 10  6  7  5 
13  9  9  9  9  9 13 13 13 13 13 13  9  9  9  9 13 13 13  9  9  9 13 13  9  7 13 13 13 13  7  7 13 13 13 13  7  7  7 13 13 13 13 13 13  9  9 13 13 13 13 13 13 13  9 13 13 13  9 13 13 13 13  7  7 13  9  9  9 13 13 13  9 13 13  9  9 13  7 11 11 14 11 13  7  7  7 12 13 11 13 10  8 10  9  9  6  4  3  3  5  2  7 14  7  7  7  7  2  2  7  7  7  7  9  7 14  9  9  9  9  1  2  6  5 11 10 12  5  4  2 15  3 12  7 12  8  9  9  9  7  0 13 11 16 17 10  4  3  9 10  7  7 13  9 10  4 
 7 10 10 10 10 10  7  7  7  7  7  7 10 10 10 10  7  7  7 10 10 10  7  7 10 10  7  7  7  7 10 10  7  7  7  7 10 10 10  7  7  7  7  7  7 10 10  7  7  7  7  7  7  7 10  7  7  7 10  7  7  7  7 10 10  7 10 10 10  7  7  7 10  7  7 10 10  7 10 14 13 12 14  7 10 10 10  6  7  6  7  4  6  5 10 10 10 13 12 12 14 11 13 12 10 10 10 10 11 13 10 10 10 10  8  9  5 10 10 10 10 13 11 12 14  4  5  6 15 13 11 14 14  7 11  7 10 10 10 10 10 13  0 14  8 10 13 13 13 10  5 10  9  6  8  5 13 
13 12 12 12 12 12 13 13 13 13 13 13 12 12 12 12 13 13 13 12 12 12 13 13 12  9 13 13 13 13  9  9 13 13 13 13  9  9  9 13 13 13 13 13 13 12 12 13 13 13 13 13 13 13 12 13 13 13 12 13 13 13 13  9  9 13 12 12 12 13 13 13 12 13 13 12 12 13  9 18 17 17 18 13  9  9  9 16 15  9 13 13 11 13 12 12 11 10 10 10 12  9 14 17  9  9  9  9  9 10  9  9  9  9  9 10  9 12 12 12 12 10  9  9 12 14 13 16 12 11  9 19  9  9 11  9 12 12 12 12  9 11 14  0 12 15  2 10  9 12 12 11 11 16  9 12  8 
 5 11 11 11 11 11  5  5  5  5  5  5 11 11 11 11  5  5  5 11 11 11  5  5 11 12  5  5  5  5 12 12  5  5  5  5 12 12 12  5  5  5  5  5  5 11 11  5  5  5  5  5  5  5 11  5  5  5 11  5  5  5  5 12 12  5 11 11 11  5  5  5 11  5  5 11 11  5 12 16 15 14 15  5 12 12 12  9  9  9  5  7 10  8 11 11 13 15 15 15 17 14 14 14 12 12 12 12 14 16 12 12 12 12  8  9 12 11 11 11 11 16 14 12 17  6  8  9 18 16 14 16 14  8 12  8 12 11 11 11 12 16  8 12  0  6 13 15 15 11  7 12  9  8  8  7 14 
 8 12 12 12 12 12  8  8  8  8  8  8 12 12 12 12  8  8  8 12 12 12  8  8 12 16  8  8  8  8 16 16  8  8  8  8 16 16 16  8  8  8  8  8  8 12 12  8  8  8  8  8  8  8 12  8  8  8 12  8  8  8  8 16 16  8 12 12 12  8  8  8 12  8  8 12 12  8 16 20 18 18 18  8 16 16 16 12 12 11  7  9 10 10 12 12 14 18 17 17 19 16 17 18 16 16 16 16 16 18 16 16 16 16 12 13 10 12 12 12 12 18 16 14 19 10 10 13 20 18 16 20 18  9 15  9 16 12 12 12 16 17 10 15  6  0 17 18 17 12 10 15 12 11 12 10 17 
11 10 10 10 10 10 11 11 11 11 11 11 10 10 10 10 11 11 11 10 10 10 11 11 10 11 11 11 11 11 11 11 11 11 11 11 11 11 11 11 11 11 11 11 11 10 10 11 11 11 11 11 11 11 10 11 11 11 10 11 11 11 11 11 11 11 10 10 10 11 11 11 10 11 11 10 10 11 11 18 15 18 16 11 11 11 11 14 15 10 11 13 12 14 10 10 11 11 10 10 12  9 13 18 11 11 11 11  9 11 11 11 11 11 11 12 10 10 10 10 10 10  9  9 12 15 14 14 13 11  9 21 11 11 12 11 13 10 10 10 11 10 13  2 13 17  0 11 11 10 13 12  9 16 11 13 10 
14 10 10 10 10 10 14 14 14 14 14 14 10 10 10 10 14 14 14 10 10 10 14 14 10  6 14 14 14 14  6  6 14 14 14 14  6  6  6 14 14 14 14 14 14 10 10 14 14 14 14 14 14 14 10 14 14 14 10 14 14 14 14  6  6 14 10 10 10 14 14 14 10 14 14 10 10 14  6 11  9 13 10 14  6  6  6 11 12 10 14 11  8 10 10 10  6  0  3  3  5  2  6 13  6  6  6  6  2  4  6  6  6  6  9  7 13 10 10 10 10  4  2  6  5 10 10 11  6  4  2 14  5 12  7 12  7 10 10 10  6  4 13 10 15 18 11  0  4 10 10  8  8 12  9 10  5 
15 11 11 11 11 11 15 15 15 15 15 15 11 11 11 11 15 15 15 11 11 11 15 15 11  6 15 15 15 15  6  6 15 15 15 15  6  6  6 15 15 15 15 15 15 11 11 15 15 15 15 15 15 15 11 15 15 15 11 15 15 15 15  6  6 15 11 11 11 15 15 15 11 15 15 11 11 15  6 11 10 13 11 15  6  6  6 10 11 10 15 10 10 11 11 11  5  4  5  5  6  4  8 13  6  6  6  6  4  5  6  6  6  6  8  8 13 11 11 11 11  4  4  3  6 12 11 11  6  5  4 14  3 12  7 12  8 11 11 11  6  3 13  9 15 17 11  4  0 11 10  5  8 12  8 10  3 
11  0  0  0  0  0 11 11 11 11 11 11  0  0  0  0 11 11 11  0  0  0 11 11  0  8 11 11 11 11  8  8 11 11 11 11  8  8  8 11 11 11 11 11 11  0  0 11 11 11 11 11 11 11  0 11 11 11  0 11 11 11 11  8  8 11  0  0  0 11 11 11  0 11 11  0  0 11  8 17 13 13 14 11  8  8  8 11 10  7 11  8  6  8  0  0  6 10  8  8 10  8  9 13  8  8  8  8  8  9  8  8  8  8  5  6  8  0  0  0  0 10  8  8 10 10  8 11 12 10  8 17  9  6  6  6  7  0  0  0  8  9 10 12 11 12 10 10 11  0  7  6  5 11  5  7 10 
 6  7  7  7  7  7  6  6  6  6  6  6  7  7  7  7  6  6  6  7  7  7  6  6  7  7  6  6  6  6  7  7  6  6  6  6  7  7  7  6  6  6  6  6  6  7  7  6  6  6  6  6  6  6  7  6  6  6  7  6  6  6  6  7  7  6  7  7  7  6  6  6  7  6  6  7  7  6  7 11 10 10 10  6  7  7  7  4  3  4  7  1  4  1  7  7  7 10  9  9 11  8  9 10  7  7  7  7  8 10  7  7  7  7  8  6  7  7  7  7  7 10  8  8 11  5  1  4 12 10  8 12 11  6  6  6  7  7  7  7  7 10  5 12  7 10 13 10 10  7  0  6  5  4  8  0 10 
10  6  6  6  6  6 10 10 10 10 10 10  6  6  6  6 10 10 10  6  6  6 10 10  6  4 10 10 10 10  4  4 10 10 10 10  4  4  4 10 10 10 10 10 10  6  6 10 10 10 10 10 10 10  6 10 10 10  6 10 10 10 10  4  4 10  6  6  6 10 10 10  6 10 10  6  6 10  4 13 15 11 15 10  4  4  4 10  9  6 11  7  5  6  6  6  4  8  7  7 10  7  9 11  4  4  4  4  7  8  4  4  4  4  5  5  9  6  6  6  6  7  7  4 10  8  6 10 10  9  7 16  7  8  6  8  7  6  6  6  4  7 10 11 12 15 12  8  5  6  6  0  4 10  5  6  6 
11  5  5  5  5  5 11 11 11 11 11 11  5  5  5  5 11 11 11  5  5  5 11 11  5  5 11 11 11 11  5  5 11 11 11 11  5  5  5 11 11 11 11 11 11  5  5 11 11 11 11 11 11 11  5 11 11 11  5 11 11 11 11  5  5 11  5  5  5 11 11 11  5 11 11  5  5 11  5 12 11 11 12 11  5  5  5  6  7  4  9  6  5  6  5  5  4  8  7  7  9  6  7 11  5  5  5  5  6  8  5  5  5  5  4  4  7  5  5  5  5  8  6  6  9  7  6  6 10  8  6 13  8  6  4  6  4  5  5  5  5  7  9 11  9 12  9  8  8  5  5  4  0  8  4  5  8 
 8 11 11 11 11 11  8  8  8  8  8  8 11 11 11 11  8  8  8 11 11 11  8  8 11 10  8  8  8  8 10 10  8  8  8  8 10 10 10  8  8  8  8  8  8 11 11  8  8  8  8  8  8  8 11  8  8  8 11  8  8  8  8 10 10  8 11 11 11  8  8  8 11  8  8 11 11  8 10 15 13 13 14  8 10 10 10  2  1  7  8  4  6  5 11 11 10 12 13 13 15 12 13 13 10 10 10 10 12 14 10 10 10 10  7  8  7 11 11 11 11 14 12 12 15  6  5  3 16 14 12 16 13  9 10  9  9 11 11 11 10 13  6 16  8 11 16 12 12 11  4 10  8  0  7  4 12 
10  5  5  5  5  5 10 10 10 10 10 10  5  5  5  5 10 10 10  5  5  5 10 10  5  6 10 10 10 10  6  6 10 10 10 10  6  6  6 10 10 10 10 10 10  5  5 10 10 10 10 10 10 10  5 10 10 10  5 10 10 10 10  6  6 10  5  5  5 10 10 10  5 10 10  5  5 10  6 15 14 14 15 10  6  6  6  9  8  5 10  7  7  8  5  5  7  9  9  9 10  8 10 14  6  6  6  6  8 10  6  6  6  6  0  3  8  5  5  5  5 10  8  5 10  7  8  9 10  9  8 15  7  6  7  6  7  5  5  5  6  9  8  9  8 12 11  9  8  5  8  5  4  7  0  8  6 
 6  7  7  7  7  7  6  6  6  6  6  6  7  7  7  7  6  6  6  7  7  7  6  6  7  7  6  6  6  6  7  7  6  6  6  6  7  7  7  6  6  6  6  6  6  7  7  6  6  6  6  6  6  6  7  6  6  6  7  6  6  6  6  7  7  6  7  7  7  6  6  6  7  6  6  7  7  6  7 11 10 10 10  6  7  7  7  4  3  4  7  1  4  1  7  7  7 10  9  9 11  8  9 10  7  7  7  7  8 10  7  7  7  7  8  6  7  7  7  7  7 10  8  8 11  5  1  4 12 10  8 12 11  6  6  6  7  7  7  7  7 10  5 12  7 10 13 10 10  7  0  6  5  4  8  0 10 
15 10 10 10 10 10 15 15 15 15 15 15 10 10 10 10 15 15 15 10 10 10 15 15 10  5 15 15 15 15  5  5 15 15 15 15  5  5  5 15 15 15 15 15 15 10 10 15 15 15 15 15 15 15 10 15 15 15 10 15 15 15 15  5  5 15 10 10 10 15 15 15 10 15 15 10 10 15  5 12 11 14 12 15  5  5  5 10 11 10 15 10 10 10 10 10  6  5  5  5  5  5  9 14  5  5  5  5  5  5  5  5  5  5  6  8 13 10 10 10 10  5  5  4  5 12 10 11  5  4  5 15  2 11  8 11  9 10 10 10  5  4 13  8 14 17 10  5  3 10 10  6  8 12  6 10  0 
