Instance Date: 20090221

VehicleNumber---RequestNumber---MaxTravelTime---DisinfectionTime
    5              82               90             30

VehicleCapacity---VehicleLunchReadyTime---VehicleLunchDueTime---VehicleLunchDuration
    10                    750                    810                     60

LocationID---StaffDemand---SeatDemand---ReadyTime---DueTime---ServiceTime
    0            0              0          450        1230         0
    1            2              1          480         750         8
    2            2              1          480        1200         8
    3            2              1          480        1200         8
    4            2              1          480        1200         8
    5            2              1          480         750         8
    6            2              1          480         750         8
    7            2              1          480        1200         8
    8            2              1          480         750         8
    9            3              1          480        1200         8
   10            2              3          480        1200         8
   11            2              3          480         750         8
   12            2              1          480        1200         8
   13            2              1          480         750         8
   14            2              3          480         750         8
   15            3              3          480        1200         8
   16            2              3          480        1200         8
   17            2              1          480        1200         8
   18            2              1          480        1200         8
   19            2              1          480        1200         8
   20            3              3          480        1200         8
   21            2              3          750        1200         8
   22            2              1          480         750         8
   23            2            1.5          765         855         8
   24            2              1          480        1200         8
   25            2            1.5          480        1200         8
   26            2              1          480        1200         8
   27            2              3          480        1200         8
   28            2              1          480        1200         8
   29            2              3          750        1200         8
   30            2              1          960        1080         8
   31            2              3          960        1080         8
   32            2              1          960        1080         8
   33            2              3          768         918         8
   34            2              3          720         870         8
   35            2              1          734         884         8
   36            2              1          750        1200         8
   37            2              3          630         750         8
   38            2              3          750        1200         8
   39            3              1          750        1200         8
   40            3              1          750        1200         8
   41            2              3          881        1001         8
   42            2              1          480        1200         8
   43            2              1          782         902         8
   44            2              3          757         877         8
   45            2              1          480        1200         8
   46            2              3          729         849         8
   47            2              3          480        1200         8
   48            2              1          896        1016         8
   49            2              1          480        1200         8
   50            2              1          750        1200         8
   51            2              3          750        1200         8
   52            2              1          480        1200         8
   53            2              1          840         960         8
   54            2              1          750        1200         8
   55            2              1          750        1200         8
   56            2              1          885        1035         8
   57            2              1          929        1079         8
   58            3              1          480         750         8
   59            2              1          480        1200         8
   60            2            1.5          889        1009         8
   61            2              1          813         963         8
   62            2              1          815         965         8
   63            2              3          805         955         8
   64            2              1          820         970         8
   65            2              3          750        1200         8
   66            2              1          480        1200         8
   67            2              1          480        1200         8
   68            3              3          480        1200         8
   69            2              3          750        1200         8
   70            2              1          957        1107         8
   71            2              1          480        1200         8
   72            2              3          822         942         8
   73            2              1          750        1200         8
   74            2              1          750        1200         8
   75            2              3          480        1200         8
   76            2              1          822         972         8
   77            2              3          480        1200         8
   78            2              1          750        1200         8
   79            2              1          750        1200         8
   80            2              1          750        1200         8
   81            2              1          750        1200         8
   82            2              1          750        1200         8
   83            2             -1          480         750        10
   84            2             -1          480        1200        10
   85            2             -1          480        1200        10
   86            2             -1          480        1200        10
   87            2             -1          480         750        10
   88            2             -1          480         750        10
   89            2             -1          480        1200        10
   90            2             -1          480         750        10
   91            3             -1          480        1200         6
   92            2             -3          480        1200        10
   93            2             -3          480         750        10
   94            2             -1          480        1200        10
   95            2             -1          480         750        10
   96            2             -3          480         750         3
   97            3             -3          480        1200         3
   98            2             -3          480        1200         3
   99            2             -1          480        1200        10
  100            2             -1          480        1200        10
  101            2             -1          480        1200        10
  102            3             -3          480        1200         3
  103            2             -3          750        1200         3
  104            2             -1          480         750         3
  105            2           -1.5          795         885         3
  106            2             -1          480        1200        10
  107            2           -1.5          480        1200        10
  108            2             -1          480        1200        10
  109            2             -3          480        1200         3
  110            2             -1          480        1200         3
  111            2             -3          750        1200         3
  112            2             -1          960        1100        10
  113            2             -3          960        1100        10
  114            2             -1          960        1100        10
  115            2             -3          768         948         3
  116            2             -3          720         900         3
  117            2             -1          734         914         3
  118            2             -1          750        1200         3
  119            2             -3          630         770        10
  120            2             -3          750        1200        10
  121            3             -1          750        1200         3
  122            3             -1          750        1200        24
  123            2             -3          881        1031        10
  124            2             -1          480        1200        10
  125            2             -1          782         932        10
  126            2             -3          757         907        10
  127            2             -1          480        1200        10
  128            2             -3          729         869        10
  129            2             -3          480        1200        10
  130            2             -1          896        1036        10
  131            2             -1          480        1200        10
  132            2             -1          750        1200        10
  133            2             -3          750        1200        10
  134            2             -1          480        1200        10
  135            2             -1          840         980        10
  136            2             -1          750        1200         3
  137            2             -1          750        1200         3
  138            2             -1          885        1065         3
  139            2             -1          929        1109         3
  140            3             -1          480         750         3
  141            2             -1          480        1200        10
  142            2           -1.5          889        1039         3
  143            2             -1          813         993         3
  144            2             -1          815         995         3
  145            2             -3          805         985         3
  146            2             -1          820        1000         3
  147            2             -3          750        1200         3
  148            2             -1          480        1200        10
  149            2             -1          480        1200        10
  150            3             -3          480        1200         6
  151            2             -3          750        1200         3
  152            2             -1          957        1137         3
  153            2             -1          480        1200         3
  154            2             -3          822         962        10
  155            2             -1          750        1200        10
  156            2             -1          750        1200        10
  157            2             -3          480        1200         3
  158            2             -1          822        1002         3
  159            2             -3          480        1200         3
  160            2             -1          750        1200         3
  161            2             -1          750        1200        10
  162            2             -1          750        1200        10
  163            2             -1          750        1200        10
  164            2             -1          750        1200        10

Travel Time Between Locations
 0 12 12 12 12 12 12 12 12 12  0  0 12 12  0  0  0  0  0 12  0  0  0 12 12 12 12  0  0  0 12 12 12  0  0  0  0  0  0 12 12  0  0  0  0  0  0  0  0 12  0  0  0 12  0  0  0  0  0 12 16  0  0  0  0  0  0  0  0  0  0  0  0  0  0  0  0  0  0  0  0  0  0 14  9 10  9 12  9  8  7  9  6  9  9  8 12 12 12  8 12 13 12  5 16 16 16 15 15 12 12 12 11 10 15 12 12 12 12  8  9  8  9 12 14 14 14  7  9  7  7  7 10 13 13 13 12 12 12 12 14  9 12 12 12 12 12 12 12 12 12 12 12 12 10 13  4  5 12 12 12  9  9  7  7 
12  0  0  0  0  0  0  0  0  0 12 12  0  0 12 12 12 12 12  0 12 12 12  0  0  0  0 12 12 12  8  8  8 12 12 12 12 12 12  0  0 12 12 12 12 12 12 12 12  0 12 12 12  0 12 12 12 12 12  0 17 12 12 12 12 12 12 12 12 12 12 12 12 12 12 12 12 12 12 12 12 12 12  9  8  8  8  7  8 10  9 10 11  8  8  7  8  8  8  8  8  9  0  7 17 17 14 14 14  8  8  8 10  5 11  0  0  0  0 10  9 10 10  8 10  9 14  9  8 10 11  9  7  9  9  7  0  0  0  0 13  8  0  0  0  0  0  0  6  6  6  0  0  0  6  8 11  7  8  8  8  8  8  8 10 
12  0  0  0  0  0  0  0  0  0 12 12  0  0 12 12 12 12 12  0 12 12 12  0  0  0  0 12 12 12  8  8  8 12 12 12 12 12 12  0  0 12 12 12 12 12 12 12 12  0 12 12 12  0 12 12 12 12 12  0 17 12 12 12 12 12 12 12 12 12 12 12 12 12 12 12 12 12 12 12 12 12 12  9  8  8  8  7  8 10  9 10 11  8  8  7  8  8  8  8  8  9  0  7 17 17 14 14 14  8  8  8 10  5 11  0  0  0  0 10  9 10 10  8 10  9 14  9  8 10 11  9  7  9  9  7  0  0  0  0 13  8  0  0  0  0  0  0  6  6  6  0  0  0  6  8 11  7  8  8  8  8  8  8 10 
12  0  0  0  0  0  0  0  0  0 12 12  0  0 12 12 12 12 12  0 12 12 12  0  0  0  0 12 12 12  8  8  8 12 12 12 12 12 12  0  0 12 12 12 12 12 12 12 12  0 12 12 12  0 12 12 12 12 12  0 17 12 12 12 12 12 12 12 12 12 12 12 12 12 12 12 12 12 12 12 12 12 12  9  8  8  8  7  8 10  9 10 11  8  8  7  8  8  8  8  8  9  0  7 17 17 14 14 14  8  8  8 10  5 11  0  0  0  0 10  9 10 10  8 10  9 14  9  8 10 11  9  7  9  9  7  0  0  0  0 13  8  0  0  0  0  0  0  6  6  6  0  0  0  6  8 11  7  8  8  8  8  8  8 10 
12  0  0  0  0  0  0  0  0  0 12 12  0  0 12 12 12 12 12  0 12 12 12  0  0  0  0 12 12 12  8  8  8 12 12 12 12 12 12  0  0 12 12 12 12 12 12 12 12  0 12 12 12  0 12 12 12 12 12  0 17 12 12 12 12 12 12 12 12 12 12 12 12 12 12 12 12 12 12 12 12 12 12  9  8  8  8  7  8 10  9 10 11  8  8  7  8  8  8  8  8  9  0  7 17 17 14 14 14  8  8  8 10  5 11  0  0  0  0 10  9 10 10  8 10  9 14  9  8 10 11  9  7  9  9  7  0  0  0  0 13  8  0  0  0  0  0  0  6  6  6  0  0  0  6  8 11  7  8  8  8  8  8  8 10 
12  0  0  0  0  0  0  0  0  0 12 12  0  0 12 12 12 12 12  0 12 12 12  0  0  0  0 12 12 12  8  8  8 12 12 12 12 12 12  0  0 12 12 12 12 12 12 12 12  0 12 12 12  0 12 12 12 12 12  0 17 12 12 12 12 12 12 12 12 12 12 12 12 12 12 12 12 12 12 12 12 12 12  9  8  8  8  7  8 10  9 10 11  8  8  7  8  8  8  8  8  9  0  7 17 17 14 14 14  8  8  8 10  5 11  0  0  0  0 10  9 10 10  8 10  9 14  9  8 10 11  9  7  9  9  7  0  0  0  0 13  8  0  0  0  0  0  0  6  6  6  0  0  0  6  8 11  7  8  8  8  8  8  8 10 
12  0  0  0  0  0  0  0  0  0 12 12  0  0 12 12 12 12 12  0 12 12 12  0  0  0  0 12 12 12  8  8  8 12 12 12 12 12 12  0  0 12 12 12 12 12 12 12 12  0 12 12 12  0 12 12 12 12 12  0 17 12 12 12 12 12 12 12 12 12 12 12 12 12 12 12 12 12 12 12 12 12 12  9  8  8  8  7  8 10  9 10 11  8  8  7  8  8  8  8  8  9  0  7 17 17 14 14 14  8  8  8 10  5 11  0  0  0  0 10  9 10 10  8 10  9 14  9  8 10 11  9  7  9  9  7  0  0  0  0 13  8  0  0  0  0  0  0  6  6  6  0  0  0  6  8 11  7  8  8  8  8  8  8 10 
12  0  0  0  0  0  0  0  0  0 12 12  0  0 12 12 12 12 12  0 12 12 12  0  0  0  0 12 12 12  8  8  8 12 12 12 12 12 12  0  0 12 12 12 12 12 12 12 12  0 12 12 12  0 12 12 12 12 12  0 17 12 12 12 12 12 12 12 12 12 12 12 12 12 12 12 12 12 12 12 12 12 12  9  8  8  8  7  8 10  9 10 11  8  8  7  8  8  8  8  8  9  0  7 17 17 14 14 14  8  8  8 10  5 11  0  0  0  0 10  9 10 10  8 10  9 14  9  8 10 11  9  7  9  9  7  0  0  0  0 13  8  0  0  0  0  0  0  6  6  6  0  0  0  6  8 11  7  8  8  8  8  8  8 10 
12  0  0  0  0  0  0  0  0  0 12 12  0  0 12 12 12 12 12  0 12 12 12  0  0  0  0 12 12 12  8  8  8 12 12 12 12 12 12  0  0 12 12 12 12 12 12 12 12  0 12 12 12  0 12 12 12 12 12  0 17 12 12 12 12 12 12 12 12 12 12 12 12 12 12 12 12 12 12 12 12 12 12  9  8  8  8  7  8 10  9 10 11  8  8  7  8  8  8  8  8  9  0  7 17 17 14 14 14  8  8  8 10  5 11  0  0  0  0 10  9 10 10  8 10  9 14  9  8 10 11  9  7  9  9  7  0  0  0  0 13  8  0  0  0  0  0  0  6  6  6  0  0  0  6  8 11  7  8  8  8  8  8  8 10 
12  0  0  0  0  0  0  0  0  0 12 12  0  0 12 12 12 12 12  0 12 12 12  0  0  0  0 12 12 12  8  8  8 12 12 12 12 12 12  0  0 12 12 12 12 12 12 12 12  0 12 12 12  0 12 12 12 12 12  0 17 12 12 12 12 12 12 12 12 12 12 12 12 12 12 12 12 12 12 12 12 12 12  9  8  8  8  7  8 10  9 10 11  8  8  7  8  8  8  8  8  9  0  7 17 17 14 14 14  8  8  8 10  5 11  0  0  0  0 10  9 10 10  8 10  9 14  9  8 10 11  9  7  9  9  7  0  0  0  0 13  8  0  0  0  0  0  0  6  6  6  0  0  0  6  8 11  7  8  8  8  8  8  8 10 
 0 12 12 12 12 12 12 12 12 12  0  0 12 12  0  0  0  0  0 12  0  0  0 12 12 12 12  0  0  0 12 12 12  0  0  0  0  0  0 12 12  0  0  0  0  0  0  0  0 12  0  0  0 12  0  0  0  0  0 12 16  0  0  0  0  0  0  0  0  0  0  0  0  0  0  0  0  0  0  0  0  0  0 14  9 10  9 12  9  8  7  9  6  9  9  8 12 12 12  8 12 13 12  5 16 16 16 15 15 12 12 12 11 10 15 12 12 12 12  8  9  8  9 12 14 14 14  7  9  7  7  7 10 13 13 13 12 12 12 12 14  9 12 12 12 12 12 12 12 12 12 12 12 12 10 13  4  5 12 12 12  9  9  7  7 
 0 12 12 12 12 12 12 12 12 12  0  0 12 12  0  0  0  0  0 12  0  0  0 12 12 12 12  0  0  0 12 12 12  0  0  0  0  0  0 12 12  0  0  0  0  0  0  0  0 12  0  0  0 12  0  0  0  0  0 12 16  0  0  0  0  0  0  0  0  0  0  0  0  0  0  0  0  0  0  0  0  0  0 14  9 10  9 12  9  8  7  9  6  9  9  8 12 12 12  8 12 13 12  5 16 16 16 15 15 12 12 12 11 10 15 12 12 12 12  8  9  8  9 12 14 14 14  7  9  7  7  7 10 13 13 13 12 12 12 12 14  9 12 12 12 12 12 12 12 12 12 12 12 12 10 13  4  5 12 12 12  9  9  7  7 
12  0  0  0  0  0  0  0  0  0 12 12  0  0 12 12 12 12 12  0 12 12 12  0  0  0  0 12 12 12  8  8  8 12 12 12 12 12 12  0  0 12 12 12 12 12 12 12 12  0 12 12 12  0 12 12 12 12 12  0 17 12 12 12 12 12 12 12 12 12 12 12 12 12 12 12 12 12 12 12 12 12 12  9  8  8  8  7  8 10  9 10 11  8  8  7  8  8  8  8  8  9  0  7 17 17 14 14 14  8  8  8 10  5 11  0  0  0  0 10  9 10 10  8 10  9 14  9  8 10 11  9  7  9  9  7  0  0  0  0 13  8  0  0  0  0  0  0  6  6  6  0  0  0  6  8 11  7  8  8  8  8  8  8 10 
12  0  0  0  0  0  0  0  0  0 12 12  0  0 12 12 12 12 12  0 12 12 12  0  0  0  0 12 12 12  8  8  8 12 12 12 12 12 12  0  0 12 12 12 12 12 12 12 12  0 12 12 12  0 12 12 12 12 12  0 17 12 12 12 12 12 12 12 12 12 12 12 12 12 12 12 12 12 12 12 12 12 12  9  8  8  8  7  8 10  9 10 11  8  8  7  8  8  8  8  8  9  0  7 17 17 14 14 14  8  8  8 10  5 11  0  0  0  0 10  9 10 10  8 10  9 14  9  8 10 11  9  7  9  9  7  0  0  0  0 13  8  0  0  0  0  0  0  6  6  6  0  0  0  6  8 11  7  8  8  8  8  8  8 10 
 0 12 12 12 12 12 12 12 12 12  0  0 12 12  0  0  0  0  0 12  0  0  0 12 12 12 12  0  0  0 12 12 12  0  0  0  0  0  0 12 12  0  0  0  0  0  0  0  0 12  0  0  0 12  0  0  0  0  0 12 16  0  0  0  0  0  0  0  0  0  0  0  0  0  0  0  0  0  0  0  0  0  0 14  9 10  9 12  9  8  7  9  6  9  9  8 12 12 12  8 12 13 12  5 16 16 16 15 15 12 12 12 11 10 15 12 12 12 12  8  9  8  9 12 14 14 14  7  9  7  7  7 10 13 13 13 12 12 12 12 14  9 12 12 12 12 12 12 12 12 12 12 12 12 10 13  4  5 12 12 12  9  9  7  7 
 0 12 12 12 12 12 12 12 12 12  0  0 12 12  0  0  0  0  0 12  0  0  0 12 12 12 12  0  0  0 12 12 12  0  0  0  0  0  0 12 12  0  0  0  0  0  0  0  0 12  0  0  0 12  0  0  0  0  0 12 16  0  0  0  0  0  0  0  0  0  0  0  0  0  0  0  0  0  0  0  0  0  0 14  9 10  9 12  9  8  7  9  6  9  9  8 12 12 12  8 12 13 12  5 16 16 16 15 15 12 12 12 11 10 15 12 12 12 12  8  9  8  9 12 14 14 14  7  9  7  7  7 10 13 13 13 12 12 12 12 14  9 12 12 12 12 12 12 12 12 12 12 12 12 10 13  4  5 12 12 12  9  9  7  7 
 0 12 12 12 12 12 12 12 12 12  0  0 12 12  0  0  0  0  0 12  0  0  0 12 12 12 12  0  0  0 12 12 12  0  0  0  0  0  0 12 12  0  0  0  0  0  0  0  0 12  0  0  0 12  0  0  0  0  0 12 16  0  0  0  0  0  0  0  0  0  0  0  0  0  0  0  0  0  0  0  0  0  0 14  9 10  9 12  9  8  7  9  6  9  9  8 12 12 12  8 12 13 12  5 16 16 16 15 15 12 12 12 11 10 15 12 12 12 12  8  9  8  9 12 14 14 14  7  9  7  7  7 10 13 13 13 12 12 12 12 14  9 12 12 12 12 12 12 12 12 12 12 12 12 10 13  4  5 12 12 12  9  9  7  7 
 0 12 12 12 12 12 12 12 12 12  0  0 12 12  0  0  0  0  0 12  0  0  0 12 12 12 12  0  0  0 12 12 12  0  0  0  0  0  0 12 12  0  0  0  0  0  0  0  0 12  0  0  0 12  0  0  0  0  0 12 16  0  0  0  0  0  0  0  0  0  0  0  0  0  0  0  0  0  0  0  0  0  0 14  9 10  9 12  9  8  7  9  6  9  9  8 12 12 12  8 12 13 12  5 16 16 16 15 15 12 12 12 11 10 15 12 12 12 12  8  9  8  9 12 14 14 14  7  9  7  7  7 10 13 13 13 12 12 12 12 14  9 12 12 12 12 12 12 12 12 12 12 12 12 10 13  4  5 12 12 12  9  9  7  7 
 0 12 12 12 12 12 12 12 12 12  0  0 12 12  0  0  0  0  0 12  0  0  0 12 12 12 12  0  0  0 12 12 12  0  0  0  0  0  0 12 12  0  0  0  0  0  0  0  0 12  0  0  0 12  0  0  0  0  0 12 16  0  0  0  0  0  0  0  0  0  0  0  0  0  0  0  0  0  0  0  0  0  0 14  9 10  9 12  9  8  7  9  6  9  9  8 12 12 12  8 12 13 12  5 16 16 16 15 15 12 12 12 11 10 15 12 12 12 12  8  9  8  9 12 14 14 14  7  9  7  7  7 10 13 13 13 12 12 12 12 14  9 12 12 12 12 12 12 12 12 12 12 12 12 10 13  4  5 12 12 12  9  9  7  7 
12  0  0  0  0  0  0  0  0  0 12 12  0  0 12 12 12 12 12  0 12 12 12  0  0  0  0 12 12 12  8  8  8 12 12 12 12 12 12  0  0 12 12 12 12 12 12 12 12  0 12 12 12  0 12 12 12 12 12  0 17 12 12 12 12 12 12 12 12 12 12 12 12 12 12 12 12 12 12 12 12 12 12  9  8  8  8  7  8 10  9 10 11  8  8  7  8  8  8  8  8  9  0  7 17 17 14 14 14  8  8  8 10  5 11  0  0  0  0 10  9 10 10  8 10  9 14  9  8 10 11  9  7  9  9  7  0  0  0  0 13  8  0  0  0  0  0  0  6  6  6  0  0  0  6  8 11  7  8  8  8  8  8  8 10 
 0 12 12 12 12 12 12 12 12 12  0  0 12 12  0  0  0  0  0 12  0  0  0 12 12 12 12  0  0  0 12 12 12  0  0  0  0  0  0 12 12  0  0  0  0  0  0  0  0 12  0  0  0 12  0  0  0  0  0 12 16  0  0  0  0  0  0  0  0  0  0  0  0  0  0  0  0  0  0  0  0  0  0 14  9 10  9 12  9  8  7  9  6  9  9  8 12 12 12  8 12 13 12  5 16 16 16 15 15 12 12 12 11 10 15 12 12 12 12  8  9  8  9 12 14 14 14  7  9  7  7  7 10 13 13 13 12 12 12 12 14  9 12 12 12 12 12 12 12 12 12 12 12 12 10 13  4  5 12 12 12  9  9  7  7 
 0 12 12 12 12 12 12 12 12 12  0  0 12 12  0  0  0  0  0 12  0  0  0 12 12 12 12  0  0  0 12 12 12  0  0  0  0  0  0 12 12  0  0  0  0  0  0  0  0 12  0  0  0 12  0  0  0  0  0 12 16  0  0  0  0  0  0  0  0  0  0  0  0  0  0  0  0  0  0  0  0  0  0 14  9 10  9 12  9  8  7  9  6  9  9  8 12 12 12  8 12 13 12  5 16 16 16 15 15 12 12 12 11 10 15 12 12 12 12  8  9  8  9 12 14 14 14  7  9  7  7  7 10 13 13 13 12 12 12 12 14  9 12 12 12 12 12 12 12 12 12 12 12 12 10 13  4  5 12 12 12  9  9  7  7 
 0 12 12 12 12 12 12 12 12 12  0  0 12 12  0  0  0  0  0 12  0  0  0 12 12 12 12  0  0  0 12 12 12  0  0  0  0  0  0 12 12  0  0  0  0  0  0  0  0 12  0  0  0 12  0  0  0  0  0 12 16  0  0  0  0  0  0  0  0  0  0  0  0  0  0  0  0  0  0  0  0  0  0 14  9 10  9 12  9  8  7  9  6  9  9  8 12 12 12  8 12 13 12  5 16 16 16 15 15 12 12 12 11 10 15 12 12 12 12  8  9  8  9 12 14 14 14  7  9  7  7  7 10 13 13 13 12 12 12 12 14  9 12 12 12 12 12 12 12 12 12 12 12 12 10 13  4  5 12 12 12  9  9  7  7 
12  0  0  0  0  0  0  0  0  0 12 12  0  0 12 12 12 12 12  0 12 12 12  0  0  0  0 12 12 12  8  8  8 12 12 12 12 12 12  0  0 12 12 12 12 12 12 12 12  0 12 12 12  0 12 12 12 12 12  0 17 12 12 12 12 12 12 12 12 12 12 12 12 12 12 12 12 12 12 12 12 12 12  9  8  8  8  7  8 10  9 10 11  8  8  7  8  8  8  8  8  9  0  7 17 17 14 14 14  8  8  8 10  5 11  0  0  0  0 10  9 10 10  8 10  9 14  9  8 10 11  9  7  9  9  7  0  0  0  0 13  8  0  0  0  0  0  0  6  6  6  0  0  0  6  8 11  7  8  8  8  8  8  8 10 
12  0  0  0  0  0  0  0  0  0 12 12  0  0 12 12 12 12 12  0 12 12 12  0  0  0  0 12 12 12  8  8  8 12 12 12 12 12 12  0  0 12 12 12 12 12 12 12 12  0 12 12 12  0 12 12 12 12 12  0 17 12 12 12 12 12 12 12 12 12 12 12 12 12 12 12 12 12 12 12 12 12 12  9  8  8  8  7  8 10  9 10 11  8  8  7  8  8  8  8  8  9  0  7 17 17 14 14 14  8  8  8 10  5 11  0  0  0  0 10  9 10 10  8 10  9 14  9  8 10 11  9  7  9  9  7  0  0  0  0 13  8  0  0  0  0  0  0  6  6  6  0  0  0  6  8 11  7  8  8  8  8  8  8 10 
12  0  0  0  0  0  0  0  0  0 12 12  0  0 12 12 12 12 12  0 12 12 12  0  0  0  0 12 12 12  8  8  8 12 12 12 12 12 12  0  0 12 12 12 12 12 12 12 12  0 12 12 12  0 12 12 12 12 12  0 17 12 12 12 12 12 12 12 12 12 12 12 12 12 12 12 12 12 12 12 12 12 12  9  8  8  8  7  8 10  9 10 11  8  8  7  8  8  8  8  8  9  0  7 17 17 14 14 14  8  8  8 10  5 11  0  0  0  0 10  9 10 10  8 10  9 14  9  8 10 11  9  7  9  9  7  0  0  0  0 13  8  0  0  0  0  0  0  6  6  6  0  0  0  6  8 11  7  8  8  8  8  8  8 10 
12  0  0  0  0  0  0  0  0  0 12 12  0  0 12 12 12 12 12  0 12 12 12  0  0  0  0 12 12 12  8  8  8 12 12 12 12 12 12  0  0 12 12 12 12 12 12 12 12  0 12 12 12  0 12 12 12 12 12  0 17 12 12 12 12 12 12 12 12 12 12 12 12 12 12 12 12 12 12 12 12 12 12  9  8  8  8  7  8 10  9 10 11  8  8  7  8  8  8  8  8  9  0  7 17 17 14 14 14  8  8  8 10  5 11  0  0  0  0 10  9 10 10  8 10  9 14  9  8 10 11  9  7  9  9  7  0  0  0  0 13  8  0  0  0  0  0  0  6  6  6  0  0  0  6  8 11  7  8  8  8  8  8  8 10 
 0 12 12 12 12 12 12 12 12 12  0  0 12 12  0  0  0  0  0 12  0  0  0 12 12 12 12  0  0  0 12 12 12  0  0  0  0  0  0 12 12  0  0  0  0  0  0  0  0 12  0  0  0 12  0  0  0  0  0 12 16  0  0  0  0  0  0  0  0  0  0  0  0  0  0  0  0  0  0  0  0  0  0 14  9 10  9 12  9  8  7  9  6  9  9  8 12 12 12  8 12 13 12  5 16 16 16 15 15 12 12 12 11 10 15 12 12 12 12  8  9  8  9 12 14 14 14  7  9  7  7  7 10 13 13 13 12 12 12 12 14  9 12 12 12 12 12 12 12 12 12 12 12 12 10 13  4  5 12 12 12  9  9  7  7 
 0 12 12 12 12 12 12 12 12 12  0  0 12 12  0  0  0  0  0 12  0  0  0 12 12 12 12  0  0  0 12 12 12  0  0  0  0  0  0 12 12  0  0  0  0  0  0  0  0 12  0  0  0 12  0  0  0  0  0 12 16  0  0  0  0  0  0  0  0  0  0  0  0  0  0  0  0  0  0  0  0  0  0 14  9 10  9 12  9  8  7  9  6  9  9  8 12 12 12  8 12 13 12  5 16 16 16 15 15 12 12 12 11 10 15 12 12 12 12  8  9  8  9 12 14 14 14  7  9  7  7  7 10 13 13 13 12 12 12 12 14  9 12 12 12 12 12 12 12 12 12 12 12 12 10 13  4  5 12 12 12  9  9  7  7 
 0 12 12 12 12 12 12 12 12 12  0  0 12 12  0  0  0  0  0 12  0  0  0 12 12 12 12  0  0  0 12 12 12  0  0  0  0  0  0 12 12  0  0  0  0  0  0  0  0 12  0  0  0 12  0  0  0  0  0 12 16  0  0  0  0  0  0  0  0  0  0  0  0  0  0  0  0  0  0  0  0  0  0 14  9 10  9 12  9  8  7  9  6  9  9  8 12 12 12  8 12 13 12  5 16 16 16 15 15 12 12 12 11 10 15 12 12 12 12  8  9  8  9 12 14 14 14  7  9  7  7  7 10 13 13 13 12 12 12 12 14  9 12 12 12 12 12 12 12 12 12 12 12 12 10 13  4  5 12 12 12  9  9  7  7 
12  8  8  8  8  8  8  8  8  8 12 12  8  8 12 12 12 12 12  8 12 12 12  8  8  8  8 12 12 12  0  0  0 12 12 12 12 12 12  8  8 12 12 12 12 12 12 12 12  8 12 12 12  8 12 12 12 12 12  8 12 12 12 12 12 12 12 12 12 12 12 12 12 12 12 12 12 12 12 12 12 12 12  6  5  4  5  6  7  8  9 12  9  5  5  8  0  0  0  8  6  5  8 11 12 12 15 15 14  0  0  0  6  6  8  8  8  8  8  7  8  7  9  6  8  7 13  9  7 12 11  9  4  7  7  6  8  8  8  8 13 11  8  8  8  8  8  8  6  6  6  8  8  8  4  6 12 11  0  0  0  7  7  9  7 
12  8  8  8  8  8  8  8  8  8 12 12  8  8 12 12 12 12 12  8 12 12 12  8  8  8  8 12 12 12  0  0  0 12 12 12 12 12 12  8  8 12 12 12 12 12 12 12 12  8 12 12 12  8 12 12 12 12 12  8 12 12 12 12 12 12 12 12 12 12 12 12 12 12 12 12 12 12 12 12 12 12 12  6  5  4  5  6  7  8  9 12  9  5  5  8  0  0  0  8  6  5  8 11 12 12 15 15 14  0  0  0  6  6  8  8  8  8  8  7  8  7  9  6  8  7 13  9  7 12 11  9  4  7  7  6  8  8  8  8 13 11  8  8  8  8  8  8  6  6  6  8  8  8  4  6 12 11  0  0  0  7  7  9  7 
12  8  8  8  8  8  8  8  8  8 12 12  8  8 12 12 12 12 12  8 12 12 12  8  8  8  8 12 12 12  0  0  0 12 12 12 12 12 12  8  8 12 12 12 12 12 12 12 12  8 12 12 12  8 12 12 12 12 12  8 12 12 12 12 12 12 12 12 12 12 12 12 12 12 12 12 12 12 12 12 12 12 12  6  5  4  5  6  7  8  9 12  9  5  5  8  0  0  0  8  6  5  8 11 12 12 15 15 14  0  0  0  6  6  8  8  8  8  8  7  8  7  9  6  8  7 13  9  7 12 11  9  4  7  7  6  8  8  8  8 13 11  8  8  8  8  8  8  6  6  6  8  8  8  4  6 12 11  0  0  0  7  7  9  7 
 0 12 12 12 12 12 12 12 12 12  0  0 12 12  0  0  0  0  0 12  0  0  0 12 12 12 12  0  0  0 12 12 12  0  0  0  0  0  0 12 12  0  0  0  0  0  0  0  0 12  0  0  0 12  0  0  0  0  0 12 16  0  0  0  0  0  0  0  0  0  0  0  0  0  0  0  0  0  0  0  0  0  0 14  9 10  9 12  9  8  7  9  6  9  9  8 12 12 12  8 12 13 12  5 16 16 16 15 15 12 12 12 11 10 15 12 12 12 12  8  9  8  9 12 14 14 14  7  9  7  7  7 10 13 13 13 12 12 12 12 14  9 12 12 12 12 12 12 12 12 12 12 12 12 10 13  4  5 12 12 12  9  9  7  7 
 0 12 12 12 12 12 12 12 12 12  0  0 12 12  0  0  0  0  0 12  0  0  0 12 12 12 12  0  0  0 12 12 12  0  0  0  0  0  0 12 12  0  0  0  0  0  0  0  0 12  0  0  0 12  0  0  0  0  0 12 16  0  0  0  0  0  0  0  0  0  0  0  0  0  0  0  0  0  0  0  0  0  0 14  9 10  9 12  9  8  7  9  6  9  9  8 12 12 12  8 12 13 12  5 16 16 16 15 15 12 12 12 11 10 15 12 12 12 12  8  9  8  9 12 14 14 14  7  9  7  7  7 10 13 13 13 12 12 12 12 14  9 12 12 12 12 12 12 12 12 12 12 12 12 10 13  4  5 12 12 12  9  9  7  7 
 0 12 12 12 12 12 12 12 12 12  0  0 12 12  0  0  0  0  0 12  0  0  0 12 12 12 12  0  0  0 12 12 12  0  0  0  0  0  0 12 12  0  0  0  0  0  0  0  0 12  0  0  0 12  0  0  0  0  0 12 16  0  0  0  0  0  0  0  0  0  0  0  0  0  0  0  0  0  0  0  0  0  0 14  9 10  9 12  9  8  7  9  6  9  9  8 12 12 12  8 12 13 12  5 16 16 16 15 15 12 12 12 11 10 15 12 12 12 12  8  9  8  9 12 14 14 14  7  9  7  7  7 10 13 13 13 12 12 12 12 14  9 12 12 12 12 12 12 12 12 12 12 12 12 10 13  4  5 12 12 12  9  9  7  7 
 0 12 12 12 12 12 12 12 12 12  0  0 12 12  0  0  0  0  0 12  0  0  0 12 12 12 12  0  0  0 12 12 12  0  0  0  0  0  0 12 12  0  0  0  0  0  0  0  0 12  0  0  0 12  0  0  0  0  0 12 16  0  0  0  0  0  0  0  0  0  0  0  0  0  0  0  0  0  0  0  0  0  0 14  9 10  9 12  9  8  7  9  6  9  9  8 12 12 12  8 12 13 12  5 16 16 16 15 15 12 12 12 11 10 15 12 12 12 12  8  9  8  9 12 14 14 14  7  9  7  7  7 10 13 13 13 12 12 12 12 14  9 12 12 12 12 12 12 12 12 12 12 12 12 10 13  4  5 12 12 12  9  9  7  7 
 0 12 12 12 12 12 12 12 12 12  0  0 12 12  0  0  0  0  0 12  0  0  0 12 12 12 12  0  0  0 12 12 12  0  0  0  0  0  0 12 12  0  0  0  0  0  0  0  0 12  0  0  0 12  0  0  0  0  0 12 16  0  0  0  0  0  0  0  0  0  0  0  0  0  0  0  0  0  0  0  0  0  0 14  9 10  9 12  9  8  7  9  6  9  9  8 12 12 12  8 12 13 12  5 16 16 16 15 15 12 12 12 11 10 15 12 12 12 12  8  9  8  9 12 14 14 14  7  9  7  7  7 10 13 13 13 12 12 12 12 14  9 12 12 12 12 12 12 12 12 12 12 12 12 10 13  4  5 12 12 12  9  9  7  7 
 0 12 12 12 12 12 12 12 12 12  0  0 12 12  0  0  0  0  0 12  0  0  0 12 12 12 12  0  0  0 12 12 12  0  0  0  0  0  0 12 12  0  0  0  0  0  0  0  0 12  0  0  0 12  0  0  0  0  0 12 16  0  0  0  0  0  0  0  0  0  0  0  0  0  0  0  0  0  0  0  0  0  0 14  9 10  9 12  9  8  7  9  6  9  9  8 12 12 12  8 12 13 12  5 16 16 16 15 15 12 12 12 11 10 15 12 12 12 12  8  9  8  9 12 14 14 14  7  9  7  7  7 10 13 13 13 12 12 12 12 14  9 12 12 12 12 12 12 12 12 12 12 12 12 10 13  4  5 12 12 12  9  9  7  7 
12  0  0  0  0  0  0  0  0  0 12 12  0  0 12 12 12 12 12  0 12 12 12  0  0  0  0 12 12 12  8  8  8 12 12 12 12 12 12  0  0 12 12 12 12 12 12 12 12  0 12 12 12  0 12 12 12 12 12  0 17 12 12 12 12 12 12 12 12 12 12 12 12 12 12 12 12 12 12 12 12 12 12  9  8  8  8  7  8 10  9 10 11  8  8  7  8  8  8  8  8  9  0  7 17 17 14 14 14  8  8  8 10  5 11  0  0  0  0 10  9 10 10  8 10  9 14  9  8 10 11  9  7  9  9  7  0  0  0  0 13  8  0  0  0  0  0  0  6  6  6  0  0  0  6  8 11  7  8  8  8  8  8  8 10 
12  0  0  0  0  0  0  0  0  0 12 12  0  0 12 12 12 12 12  0 12 12 12  0  0  0  0 12 12 12  8  8  8 12 12 12 12 12 12  0  0 12 12 12 12 12 12 12 12  0 12 12 12  0 12 12 12 12 12  0 17 12 12 12 12 12 12 12 12 12 12 12 12 12 12 12 12 12 12 12 12 12 12  9  8  8  8  7  8 10  9 10 11  8  8  7  8  8  8  8  8  9  0  7 17 17 14 14 14  8  8  8 10  5 11  0  0  0  0 10  9 10 10  8 10  9 14  9  8 10 11  9  7  9  9  7  0  0  0  0 13  8  0  0  0  0  0  0  6  6  6  0  0  0  6  8 11  7  8  8  8  8  8  8 10 
 0 12 12 12 12 12 12 12 12 12  0  0 12 12  0  0  0  0  0 12  0  0  0 12 12 12 12  0  0  0 12 12 12  0  0  0  0  0  0 12 12  0  0  0  0  0  0  0  0 12  0  0  0 12  0  0  0  0  0 12 16  0  0  0  0  0  0  0  0  0  0  0  0  0  0  0  0  0  0  0  0  0  0 14  9 10  9 12  9  8  7  9  6  9  9  8 12 12 12  8 12 13 12  5 16 16 16 15 15 12 12 12 11 10 15 12 12 12 12  8  9  8  9 12 14 14 14  7  9  7  7  7 10 13 13 13 12 12 12 12 14  9 12 12 12 12 12 12 12 12 12 12 12 12 10 13  4  5 12 12 12  9  9  7  7 
 0 12 12 12 12 12 12 12 12 12  0  0 12 12  0  0  0  0  0 12  0  0  0 12 12 12 12  0  0  0 12 12 12  0  0  0  0  0  0 12 12  0  0  0  0  0  0  0  0 12  0  0  0 12  0  0  0  0  0 12 16  0  0  0  0  0  0  0  0  0  0  0  0  0  0  0  0  0  0  0  0  0  0 14  9 10  9 12  9  8  7  9  6  9  9  8 12 12 12  8 12 13 12  5 16 16 16 15 15 12 12 12 11 10 15 12 12 12 12  8  9  8  9 12 14 14 14  7  9  7  7  7 10 13 13 13 12 12 12 12 14  9 12 12 12 12 12 12 12 12 12 12 12 12 10 13  4  5 12 12 12  9  9  7  7 
 0 12 12 12 12 12 12 12 12 12  0  0 12 12  0  0  0  0  0 12  0  0  0 12 12 12 12  0  0  0 12 12 12  0  0  0  0  0  0 12 12  0  0  0  0  0  0  0  0 12  0  0  0 12  0  0  0  0  0 12 16  0  0  0  0  0  0  0  0  0  0  0  0  0  0  0  0  0  0  0  0  0  0 14  9 10  9 12  9  8  7  9  6  9  9  8 12 12 12  8 12 13 12  5 16 16 16 15 15 12 12 12 11 10 15 12 12 12 12  8  9  8  9 12 14 14 14  7  9  7  7  7 10 13 13 13 12 12 12 12 14  9 12 12 12 12 12 12 12 12 12 12 12 12 10 13  4  5 12 12 12  9  9  7  7 
 0 12 12 12 12 12 12 12 12 12  0  0 12 12  0  0  0  0  0 12  0  0  0 12 12 12 12  0  0  0 12 12 12  0  0  0  0  0  0 12 12  0  0  0  0  0  0  0  0 12  0  0  0 12  0  0  0  0  0 12 16  0  0  0  0  0  0  0  0  0  0  0  0  0  0  0  0  0  0  0  0  0  0 14  9 10  9 12  9  8  7  9  6  9  9  8 12 12 12  8 12 13 12  5 16 16 16 15 15 12 12 12 11 10 15 12 12 12 12  8  9  8  9 12 14 14 14  7  9  7  7  7 10 13 13 13 12 12 12 12 14  9 12 12 12 12 12 12 12 12 12 12 12 12 10 13  4  5 12 12 12  9  9  7  7 
 0 12 12 12 12 12 12 12 12 12  0  0 12 12  0  0  0  0  0 12  0  0  0 12 12 12 12  0  0  0 12 12 12  0  0  0  0  0  0 12 12  0  0  0  0  0  0  0  0 12  0  0  0 12  0  0  0  0  0 12 16  0  0  0  0  0  0  0  0  0  0  0  0  0  0  0  0  0  0  0  0  0  0 14  9 10  9 12  9  8  7  9  6  9  9  8 12 12 12  8 12 13 12  5 16 16 16 15 15 12 12 12 11 10 15 12 12 12 12  8  9  8  9 12 14 14 14  7  9  7  7  7 10 13 13 13 12 12 12 12 14  9 12 12 12 12 12 12 12 12 12 12 12 12 10 13  4  5 12 12 12  9  9  7  7 
 0 12 12 12 12 12 12 12 12 12  0  0 12 12  0  0  0  0  0 12  0  0  0 12 12 12 12  0  0  0 12 12 12  0  0  0  0  0  0 12 12  0  0  0  0  0  0  0  0 12  0  0  0 12  0  0  0  0  0 12 16  0  0  0  0  0  0  0  0  0  0  0  0  0  0  0  0  0  0  0  0  0  0 14  9 10  9 12  9  8  7  9  6  9  9  8 12 12 12  8 12 13 12  5 16 16 16 15 15 12 12 12 11 10 15 12 12 12 12  8  9  8  9 12 14 14 14  7  9  7  7  7 10 13 13 13 12 12 12 12 14  9 12 12 12 12 12 12 12 12 12 12 12 12 10 13  4  5 12 12 12  9  9  7  7 
 0 12 12 12 12 12 12 12 12 12  0  0 12 12  0  0  0  0  0 12  0  0  0 12 12 12 12  0  0  0 12 12 12  0  0  0  0  0  0 12 12  0  0  0  0  0  0  0  0 12  0  0  0 12  0  0  0  0  0 12 16  0  0  0  0  0  0  0  0  0  0  0  0  0  0  0  0  0  0  0  0  0  0 14  9 10  9 12  9  8  7  9  6  9  9  8 12 12 12  8 12 13 12  5 16 16 16 15 15 12 12 12 11 10 15 12 12 12 12  8  9  8  9 12 14 14 14  7  9  7  7  7 10 13 13 13 12 12 12 12 14  9 12 12 12 12 12 12 12 12 12 12 12 12 10 13  4  5 12 12 12  9  9  7  7 
 0 12 12 12 12 12 12 12 12 12  0  0 12 12  0  0  0  0  0 12  0  0  0 12 12 12 12  0  0  0 12 12 12  0  0  0  0  0  0 12 12  0  0  0  0  0  0  0  0 12  0  0  0 12  0  0  0  0  0 12 16  0  0  0  0  0  0  0  0  0  0  0  0  0  0  0  0  0  0  0  0  0  0 14  9 10  9 12  9  8  7  9  6  9  9  8 12 12 12  8 12 13 12  5 16 16 16 15 15 12 12 12 11 10 15 12 12 12 12  8  9  8  9 12 14 14 14  7  9  7  7  7 10 13 13 13 12 12 12 12 14  9 12 12 12 12 12 12 12 12 12 12 12 12 10 13  4  5 12 12 12  9  9  7  7 
12  0  0  0  0  0  0  0  0  0 12 12  0  0 12 12 12 12 12  0 12 12 12  0  0  0  0 12 12 12  8  8  8 12 12 12 12 12 12  0  0 12 12 12 12 12 12 12 12  0 12 12 12  0 12 12 12 12 12  0 17 12 12 12 12 12 12 12 12 12 12 12 12 12 12 12 12 12 12 12 12 12 12  9  8  8  8  7  8 10  9 10 11  8  8  7  8  8  8  8  8  9  0  7 17 17 14 14 14  8  8  8 10  5 11  0  0  0  0 10  9 10 10  8 10  9 14  9  8 10 11  9  7  9  9  7  0  0  0  0 13  8  0  0  0  0  0  0  6  6  6  0  0  0  6  8 11  7  8  8  8  8  8  8 10 
 0 12 12 12 12 12 12 12 12 12  0  0 12 12  0  0  0  0  0 12  0  0  0 12 12 12 12  0  0  0 12 12 12  0  0  0  0  0  0 12 12  0  0  0  0  0  0  0  0 12  0  0  0 12  0  0  0  0  0 12 16  0  0  0  0  0  0  0  0  0  0  0  0  0  0  0  0  0  0  0  0  0  0 14  9 10  9 12  9  8  7  9  6  9  9  8 12 12 12  8 12 13 12  5 16 16 16 15 15 12 12 12 11 10 15 12 12 12 12  8  9  8  9 12 14 14 14  7  9  7  7  7 10 13 13 13 12 12 12 12 14  9 12 12 12 12 12 12 12 12 12 12 12 12 10 13  4  5 12 12 12  9  9  7  7 
 0 12 12 12 12 12 12 12 12 12  0  0 12 12  0  0  0  0  0 12  0  0  0 12 12 12 12  0  0  0 12 12 12  0  0  0  0  0  0 12 12  0  0  0  0  0  0  0  0 12  0  0  0 12  0  0  0  0  0 12 16  0  0  0  0  0  0  0  0  0  0  0  0  0  0  0  0  0  0  0  0  0  0 14  9 10  9 12  9  8  7  9  6  9  9  8 12 12 12  8 12 13 12  5 16 16 16 15 15 12 12 12 11 10 15 12 12 12 12  8  9  8  9 12 14 14 14  7  9  7  7  7 10 13 13 13 12 12 12 12 14  9 12 12 12 12 12 12 12 12 12 12 12 12 10 13  4  5 12 12 12  9  9  7  7 
 0 12 12 12 12 12 12 12 12 12  0  0 12 12  0  0  0  0  0 12  0  0  0 12 12 12 12  0  0  0 12 12 12  0  0  0  0  0  0 12 12  0  0  0  0  0  0  0  0 12  0  0  0 12  0  0  0  0  0 12 16  0  0  0  0  0  0  0  0  0  0  0  0  0  0  0  0  0  0  0  0  0  0 14  9 10  9 12  9  8  7  9  6  9  9  8 12 12 12  8 12 13 12  5 16 16 16 15 15 12 12 12 11 10 15 12 12 12 12  8  9  8  9 12 14 14 14  7  9  7  7  7 10 13 13 13 12 12 12 12 14  9 12 12 12 12 12 12 12 12 12 12 12 12 10 13  4  5 12 12 12  9  9  7  7 
12  0  0  0  0  0  0  0  0  0 12 12  0  0 12 12 12 12 12  0 12 12 12  0  0  0  0 12 12 12  8  8  8 12 12 12 12 12 12  0  0 12 12 12 12 12 12 12 12  0 12 12 12  0 12 12 12 12 12  0 17 12 12 12 12 12 12 12 12 12 12 12 12 12 12 12 12 12 12 12 12 12 12  9  8  8  8  7  8 10  9 10 11  8  8  7  8  8  8  8  8  9  0  7 17 17 14 14 14  8  8  8 10  5 11  0  0  0  0 10  9 10 10  8 10  9 14  9  8 10 11  9  7  9  9  7  0  0  0  0 13  8  0  0  0  0  0  0  6  6  6  0  0  0  6  8 11  7  8  8  8  8  8  8 10 
 0 12 12 12 12 12 12 12 12 12  0  0 12 12  0  0  0  0  0 12  0  0  0 12 12 12 12  0  0  0 12 12 12  0  0  0  0  0  0 12 12  0  0  0  0  0  0  0  0 12  0  0  0 12  0  0  0  0  0 12 16  0  0  0  0  0  0  0  0  0  0  0  0  0  0  0  0  0  0  0  0  0  0 14  9 10  9 12  9  8  7  9  6  9  9  8 12 12 12  8 12 13 12  5 16 16 16 15 15 12 12 12 11 10 15 12 12 12 12  8  9  8  9 12 14 14 14  7  9  7  7  7 10 13 13 13 12 12 12 12 14  9 12 12 12 12 12 12 12 12 12 12 12 12 10 13  4  5 12 12 12  9  9  7  7 
 0 12 12 12 12 12 12 12 12 12  0  0 12 12  0  0  0  0  0 12  0  0  0 12 12 12 12  0  0  0 12 12 12  0  0  0  0  0  0 12 12  0  0  0  0  0  0  0  0 12  0  0  0 12  0  0  0  0  0 12 16  0  0  0  0  0  0  0  0  0  0  0  0  0  0  0  0  0  0  0  0  0  0 14  9 10  9 12  9  8  7  9  6  9  9  8 12 12 12  8 12 13 12  5 16 16 16 15 15 12 12 12 11 10 15 12 12 12 12  8  9  8  9 12 14 14 14  7  9  7  7  7 10 13 13 13 12 12 12 12 14  9 12 12 12 12 12 12 12 12 12 12 12 12 10 13  4  5 12 12 12  9  9  7  7 
 0 12 12 12 12 12 12 12 12 12  0  0 12 12  0  0  0  0  0 12  0  0  0 12 12 12 12  0  0  0 12 12 12  0  0  0  0  0  0 12 12  0  0  0  0  0  0  0  0 12  0  0  0 12  0  0  0  0  0 12 16  0  0  0  0  0  0  0  0  0  0  0  0  0  0  0  0  0  0  0  0  0  0 14  9 10  9 12  9  8  7  9  6  9  9  8 12 12 12  8 12 13 12  5 16 16 16 15 15 12 12 12 11 10 15 12 12 12 12  8  9  8  9 12 14 14 14  7  9  7  7  7 10 13 13 13 12 12 12 12 14  9 12 12 12 12 12 12 12 12 12 12 12 12 10 13  4  5 12 12 12  9  9  7  7 
 0 12 12 12 12 12 12 12 12 12  0  0 12 12  0  0  0  0  0 12  0  0  0 12 12 12 12  0  0  0 12 12 12  0  0  0  0  0  0 12 12  0  0  0  0  0  0  0  0 12  0  0  0 12  0  0  0  0  0 12 16  0  0  0  0  0  0  0  0  0  0  0  0  0  0  0  0  0  0  0  0  0  0 14  9 10  9 12  9  8  7  9  6  9  9  8 12 12 12  8 12 13 12  5 16 16 16 15 15 12 12 12 11 10 15 12 12 12 12  8  9  8  9 12 14 14 14  7  9  7  7  7 10 13 13 13 12 12 12 12 14  9 12 12 12 12 12 12 12 12 12 12 12 12 10 13  4  5 12 12 12  9  9  7  7 
 0 12 12 12 12 12 12 12 12 12  0  0 12 12  0  0  0  0  0 12  0  0  0 12 12 12 12  0  0  0 12 12 12  0  0  0  0  0  0 12 12  0  0  0  0  0  0  0  0 12  0  0  0 12  0  0  0  0  0 12 16  0  0  0  0  0  0  0  0  0  0  0  0  0  0  0  0  0  0  0  0  0  0 14  9 10  9 12  9  8  7  9  6  9  9  8 12 12 12  8 12 13 12  5 16 16 16 15 15 12 12 12 11 10 15 12 12 12 12  8  9  8  9 12 14 14 14  7  9  7  7  7 10 13 13 13 12 12 12 12 14  9 12 12 12 12 12 12 12 12 12 12 12 12 10 13  4  5 12 12 12  9  9  7  7 
12  0  0  0  0  0  0  0  0  0 12 12  0  0 12 12 12 12 12  0 12 12 12  0  0  0  0 12 12 12  8  8  8 12 12 12 12 12 12  0  0 12 12 12 12 12 12 12 12  0 12 12 12  0 12 12 12 12 12  0 17 12 12 12 12 12 12 12 12 12 12 12 12 12 12 12 12 12 12 12 12 12 12  9  8  8  8  7  8 10  9 10 11  8  8  7  8  8  8  8  8  9  0  7 17 17 14 14 14  8  8  8 10  5 11  0  0  0  0 10  9 10 10  8 10  9 14  9  8 10 11  9  7  9  9  7  0  0  0  0 13  8  0  0  0  0  0  0  6  6  6  0  0  0  6  8 11  7  8  8  8  8  8  8 10 
16 17 17 17 17 17 17 17 17 17 16 16 17 17 16 16 16 16 16 17 16 16 16 17 17 17 17 16 16 16 12 12 12 16 16 16 16 16 16 17 17 16 16 16 16 16 16 16 16 17 16 16 16 17 16 16 16 16 16 17  0 16 16 16 16 16 16 16 16 16 16 16 16 16 16 16 16 16 16 16 16 16 16 14 14 14 14 12 13 13 16 19 13 14 14 15 12 12 12 15 12 13 17 17  0  0  8  9  9 12 12 12 15 15 11 17 17 17 17 12 14 12 15 12 13 14  3 16 13 17 15 16 15 14 11 16 17 17 17 17 19 18 17 17 17 17 17 17 13 13 13 17 17 17 14 14 16 17 12 12 12 13 13 16 11 
 0 12 12 12 12 12 12 12 12 12  0  0 12 12  0  0  0  0  0 12  0  0  0 12 12 12 12  0  0  0 12 12 12  0  0  0  0  0  0 12 12  0  0  0  0  0  0  0  0 12  0  0  0 12  0  0  0  0  0 12 16  0  0  0  0  0  0  0  0  0  0  0  0  0  0  0  0  0  0  0  0  0  0 14  9 10  9 12  9  8  7  9  6  9  9  8 12 12 12  8 12 13 12  5 16 16 16 15 15 12 12 12 11 10 15 12 12 12 12  8  9  8  9 12 14 14 14  7  9  7  7  7 10 13 13 13 12 12 12 12 14  9 12 12 12 12 12 12 12 12 12 12 12 12 10 13  4  5 12 12 12  9  9  7  7 
 0 12 12 12 12 12 12 12 12 12  0  0 12 12  0  0  0  0  0 12  0  0  0 12 12 12 12  0  0  0 12 12 12  0  0  0  0  0  0 12 12  0  0  0  0  0  0  0  0 12  0  0  0 12  0  0  0  0  0 12 16  0  0  0  0  0  0  0  0  0  0  0  0  0  0  0  0  0  0  0  0  0  0 14  9 10  9 12  9  8  7  9  6  9  9  8 12 12 12  8 12 13 12  5 16 16 16 15 15 12 12 12 11 10 15 12 12 12 12  8  9  8  9 12 14 14 14  7  9  7  7  7 10 13 13 13 12 12 12 12 14  9 12 12 12 12 12 12 12 12 12 12 12 12 10 13  4  5 12 12 12  9  9  7  7 
 0 12 12 12 12 12 12 12 12 12  0  0 12 12  0  0  0  0  0 12  0  0  0 12 12 12 12  0  0  0 12 12 12  0  0  0  0  0  0 12 12  0  0  0  0  0  0  0  0 12  0  0  0 12  0  0  0  0  0 12 16  0  0  0  0  0  0  0  0  0  0  0  0  0  0  0  0  0  0  0  0  0  0 14  9 10  9 12  9  8  7  9  6  9  9  8 12 12 12  8 12 13 12  5 16 16 16 15 15 12 12 12 11 10 15 12 12 12 12  8  9  8  9 12 14 14 14  7  9  7  7  7 10 13 13 13 12 12 12 12 14  9 12 12 12 12 12 12 12 12 12 12 12 12 10 13  4  5 12 12 12  9  9  7  7 
 0 12 12 12 12 12 12 12 12 12  0  0 12 12  0  0  0  0  0 12  0  0  0 12 12 12 12  0  0  0 12 12 12  0  0  0  0  0  0 12 12  0  0  0  0  0  0  0  0 12  0  0  0 12  0  0  0  0  0 12 16  0  0  0  0  0  0  0  0  0  0  0  0  0  0  0  0  0  0  0  0  0  0 14  9 10  9 12  9  8  7  9  6  9  9  8 12 12 12  8 12 13 12  5 16 16 16 15 15 12 12 12 11 10 15 12 12 12 12  8  9  8  9 12 14 14 14  7  9  7  7  7 10 13 13 13 12 12 12 12 14  9 12 12 12 12 12 12 12 12 12 12 12 12 10 13  4  5 12 12 12  9  9  7  7 
 0 12 12 12 12 12 12 12 12 12  0  0 12 12  0  0  0  0  0 12  0  0  0 12 12 12 12  0  0  0 12 12 12  0  0  0  0  0  0 12 12  0  0  0  0  0  0  0  0 12  0  0  0 12  0  0  0  0  0 12 16  0  0  0  0  0  0  0  0  0  0  0  0  0  0  0  0  0  0  0  0  0  0 14  9 10  9 12  9  8  7  9  6  9  9  8 12 12 12  8 12 13 12  5 16 16 16 15 15 12 12 12 11 10 15 12 12 12 12  8  9  8  9 12 14 14 14  7  9  7  7  7 10 13 13 13 12 12 12 12 14  9 12 12 12 12 12 12 12 12 12 12 12 12 10 13  4  5 12 12 12  9  9  7  7 
 0 12 12 12 12 12 12 12 12 12  0  0 12 12  0  0  0  0  0 12  0  0  0 12 12 12 12  0  0  0 12 12 12  0  0  0  0  0  0 12 12  0  0  0  0  0  0  0  0 12  0  0  0 12  0  0  0  0  0 12 16  0  0  0  0  0  0  0  0  0  0  0  0  0  0  0  0  0  0  0  0  0  0 14  9 10  9 12  9  8  7  9  6  9  9  8 12 12 12  8 12 13 12  5 16 16 16 15 15 12 12 12 11 10 15 12 12 12 12  8  9  8  9 12 14 14 14  7  9  7  7  7 10 13 13 13 12 12 12 12 14  9 12 12 12 12 12 12 12 12 12 12 12 12 10 13  4  5 12 12 12  9  9  7  7 
 0 12 12 12 12 12 12 12 12 12  0  0 12 12  0  0  0  0  0 12  0  0  0 12 12 12 12  0  0  0 12 12 12  0  0  0  0  0  0 12 12  0  0  0  0  0  0  0  0 12  0  0  0 12  0  0  0  0  0 12 16  0  0  0  0  0  0  0  0  0  0  0  0  0  0  0  0  0  0  0  0  0  0 14  9 10  9 12  9  8  7  9  6  9  9  8 12 12 12  8 12 13 12  5 16 16 16 15 15 12 12 12 11 10 15 12 12 12 12  8  9  8  9 12 14 14 14  7  9  7  7  7 10 13 13 13 12 12 12 12 14  9 12 12 12 12 12 12 12 12 12 12 12 12 10 13  4  5 12 12 12  9  9  7  7 
 0 12 12 12 12 12 12 12 12 12  0  0 12 12  0  0  0  0  0 12  0  0  0 12 12 12 12  0  0  0 12 12 12  0  0  0  0  0  0 12 12  0  0  0  0  0  0  0  0 12  0  0  0 12  0  0  0  0  0 12 16  0  0  0  0  0  0  0  0  0  0  0  0  0  0  0  0  0  0  0  0  0  0 14  9 10  9 12  9  8  7  9  6  9  9  8 12 12 12  8 12 13 12  5 16 16 16 15 15 12 12 12 11 10 15 12 12 12 12  8  9  8  9 12 14 14 14  7  9  7  7  7 10 13 13 13 12 12 12 12 14  9 12 12 12 12 12 12 12 12 12 12 12 12 10 13  4  5 12 12 12  9  9  7  7 
 0 12 12 12 12 12 12 12 12 12  0  0 12 12  0  0  0  0  0 12  0  0  0 12 12 12 12  0  0  0 12 12 12  0  0  0  0  0  0 12 12  0  0  0  0  0  0  0  0 12  0  0  0 12  0  0  0  0  0 12 16  0  0  0  0  0  0  0  0  0  0  0  0  0  0  0  0  0  0  0  0  0  0 14  9 10  9 12  9  8  7  9  6  9  9  8 12 12 12  8 12 13 12  5 16 16 16 15 15 12 12 12 11 10 15 12 12 12 12  8  9  8  9 12 14 14 14  7  9  7  7  7 10 13 13 13 12 12 12 12 14  9 12 12 12 12 12 12 12 12 12 12 12 12 10 13  4  5 12 12 12  9  9  7  7 
 0 12 12 12 12 12 12 12 12 12  0  0 12 12  0  0  0  0  0 12  0  0  0 12 12 12 12  0  0  0 12 12 12  0  0  0  0  0  0 12 12  0  0  0  0  0  0  0  0 12  0  0  0 12  0  0  0  0  0 12 16  0  0  0  0  0  0  0  0  0  0  0  0  0  0  0  0  0  0  0  0  0  0 14  9 10  9 12  9  8  7  9  6  9  9  8 12 12 12  8 12 13 12  5 16 16 16 15 15 12 12 12 11 10 15 12 12 12 12  8  9  8  9 12 14 14 14  7  9  7  7  7 10 13 13 13 12 12 12 12 14  9 12 12 12 12 12 12 12 12 12 12 12 12 10 13  4  5 12 12 12  9  9  7  7 
 0 12 12 12 12 12 12 12 12 12  0  0 12 12  0  0  0  0  0 12  0  0  0 12 12 12 12  0  0  0 12 12 12  0  0  0  0  0  0 12 12  0  0  0  0  0  0  0  0 12  0  0  0 12  0  0  0  0  0 12 16  0  0  0  0  0  0  0  0  0  0  0  0  0  0  0  0  0  0  0  0  0  0 14  9 10  9 12  9  8  7  9  6  9  9  8 12 12 12  8 12 13 12  5 16 16 16 15 15 12 12 12 11 10 15 12 12 12 12  8  9  8  9 12 14 14 14  7  9  7  7  7 10 13 13 13 12 12 12 12 14  9 12 12 12 12 12 12 12 12 12 12 12 12 10 13  4  5 12 12 12  9  9  7  7 
 0 12 12 12 12 12 12 12 12 12  0  0 12 12  0  0  0  0  0 12  0  0  0 12 12 12 12  0  0  0 12 12 12  0  0  0  0  0  0 12 12  0  0  0  0  0  0  0  0 12  0  0  0 12  0  0  0  0  0 12 16  0  0  0  0  0  0  0  0  0  0  0  0  0  0  0  0  0  0  0  0  0  0 14  9 10  9 12  9  8  7  9  6  9  9  8 12 12 12  8 12 13 12  5 16 16 16 15 15 12 12 12 11 10 15 12 12 12 12  8  9  8  9 12 14 14 14  7  9  7  7  7 10 13 13 13 12 12 12 12 14  9 12 12 12 12 12 12 12 12 12 12 12 12 10 13  4  5 12 12 12  9  9  7  7 
 0 12 12 12 12 12 12 12 12 12  0  0 12 12  0  0  0  0  0 12  0  0  0 12 12 12 12  0  0  0 12 12 12  0  0  0  0  0  0 12 12  0  0  0  0  0  0  0  0 12  0  0  0 12  0  0  0  0  0 12 16  0  0  0  0  0  0  0  0  0  0  0  0  0  0  0  0  0  0  0  0  0  0 14  9 10  9 12  9  8  7  9  6  9  9  8 12 12 12  8 12 13 12  5 16 16 16 15 15 12 12 12 11 10 15 12 12 12 12  8  9  8  9 12 14 14 14  7  9  7  7  7 10 13 13 13 12 12 12 12 14  9 12 12 12 12 12 12 12 12 12 12 12 12 10 13  4  5 12 12 12  9  9  7  7 
 0 12 12 12 12 12 12 12 12 12  0  0 12 12  0  0  0  0  0 12  0  0  0 12 12 12 12  0  0  0 12 12 12  0  0  0  0  0  0 12 12  0  0  0  0  0  0  0  0 12  0  0  0 12  0  0  0  0  0 12 16  0  0  0  0  0  0  0  0  0  0  0  0  0  0  0  0  0  0  0  0  0  0 14  9 10  9 12  9  8  7  9  6  9  9  8 12 12 12  8 12 13 12  5 16 16 16 15 15 12 12 12 11 10 15 12 12 12 12  8  9  8  9 12 14 14 14  7  9  7  7  7 10 13 13 13 12 12 12 12 14  9 12 12 12 12 12 12 12 12 12 12 12 12 10 13  4  5 12 12 12  9  9  7  7 
 0 12 12 12 12 12 12 12 12 12  0  0 12 12  0  0  0  0  0 12  0  0  0 12 12 12 12  0  0  0 12 12 12  0  0  0  0  0  0 12 12  0  0  0  0  0  0  0  0 12  0  0  0 12  0  0  0  0  0 12 16  0  0  0  0  0  0  0  0  0  0  0  0  0  0  0  0  0  0  0  0  0  0 14  9 10  9 12  9  8  7  9  6  9  9  8 12 12 12  8 12 13 12  5 16 16 16 15 15 12 12 12 11 10 15 12 12 12 12  8  9  8  9 12 14 14 14  7  9  7  7  7 10 13 13 13 12 12 12 12 14  9 12 12 12 12 12 12 12 12 12 12 12 12 10 13  4  5 12 12 12  9  9  7  7 
 0 12 12 12 12 12 12 12 12 12  0  0 12 12  0  0  0  0  0 12  0  0  0 12 12 12 12  0  0  0 12 12 12  0  0  0  0  0  0 12 12  0  0  0  0  0  0  0  0 12  0  0  0 12  0  0  0  0  0 12 16  0  0  0  0  0  0  0  0  0  0  0  0  0  0  0  0  0  0  0  0  0  0 14  9 10  9 12  9  8  7  9  6  9  9  8 12 12 12  8 12 13 12  5 16 16 16 15 15 12 12 12 11 10 15 12 12 12 12  8  9  8  9 12 14 14 14  7  9  7  7  7 10 13 13 13 12 12 12 12 14  9 12 12 12 12 12 12 12 12 12 12 12 12 10 13  4  5 12 12 12  9  9  7  7 
 0 12 12 12 12 12 12 12 12 12  0  0 12 12  0  0  0  0  0 12  0  0  0 12 12 12 12  0  0  0 12 12 12  0  0  0  0  0  0 12 12  0  0  0  0  0  0  0  0 12  0  0  0 12  0  0  0  0  0 12 16  0  0  0  0  0  0  0  0  0  0  0  0  0  0  0  0  0  0  0  0  0  0 14  9 10  9 12  9  8  7  9  6  9  9  8 12 12 12  8 12 13 12  5 16 16 16 15 15 12 12 12 11 10 15 12 12 12 12  8  9  8  9 12 14 14 14  7  9  7  7  7 10 13 13 13 12 12 12 12 14  9 12 12 12 12 12 12 12 12 12 12 12 12 10 13  4  5 12 12 12  9  9  7  7 
 0 12 12 12 12 12 12 12 12 12  0  0 12 12  0  0  0  0  0 12  0  0  0 12 12 12 12  0  0  0 12 12 12  0  0  0  0  0  0 12 12  0  0  0  0  0  0  0  0 12  0  0  0 12  0  0  0  0  0 12 16  0  0  0  0  0  0  0  0  0  0  0  0  0  0  0  0  0  0  0  0  0  0 14  9 10  9 12  9  8  7  9  6  9  9  8 12 12 12  8 12 13 12  5 16 16 16 15 15 12 12 12 11 10 15 12 12 12 12  8  9  8  9 12 14 14 14  7  9  7  7  7 10 13 13 13 12 12 12 12 14  9 12 12 12 12 12 12 12 12 12 12 12 12 10 13  4  5 12 12 12  9  9  7  7 
 0 12 12 12 12 12 12 12 12 12  0  0 12 12  0  0  0  0  0 12  0  0  0 12 12 12 12  0  0  0 12 12 12  0  0  0  0  0  0 12 12  0  0  0  0  0  0  0  0 12  0  0  0 12  0  0  0  0  0 12 16  0  0  0  0  0  0  0  0  0  0  0  0  0  0  0  0  0  0  0  0  0  0 14  9 10  9 12  9  8  7  9  6  9  9  8 12 12 12  8 12 13 12  5 16 16 16 15 15 12 12 12 11 10 15 12 12 12 12  8  9  8  9 12 14 14 14  7  9  7  7  7 10 13 13 13 12 12 12 12 14  9 12 12 12 12 12 12 12 12 12 12 12 12 10 13  4  5 12 12 12  9  9  7  7 
 0 12 12 12 12 12 12 12 12 12  0  0 12 12  0  0  0  0  0 12  0  0  0 12 12 12 12  0  0  0 12 12 12  0  0  0  0  0  0 12 12  0  0  0  0  0  0  0  0 12  0  0  0 12  0  0  0  0  0 12 16  0  0  0  0  0  0  0  0  0  0  0  0  0  0  0  0  0  0  0  0  0  0 14  9 10  9 12  9  8  7  9  6  9  9  8 12 12 12  8 12 13 12  5 16 16 16 15 15 12 12 12 11 10 15 12 12 12 12  8  9  8  9 12 14 14 14  7  9  7  7  7 10 13 13 13 12 12 12 12 14  9 12 12 12 12 12 12 12 12 12 12 12 12 10 13  4  5 12 12 12  9  9  7  7 
 0 12 12 12 12 12 12 12 12 12  0  0 12 12  0  0  0  0  0 12  0  0  0 12 12 12 12  0  0  0 12 12 12  0  0  0  0  0  0 12 12  0  0  0  0  0  0  0  0 12  0  0  0 12  0  0  0  0  0 12 16  0  0  0  0  0  0  0  0  0  0  0  0  0  0  0  0  0  0  0  0  0  0 14  9 10  9 12  9  8  7  9  6  9  9  8 12 12 12  8 12 13 12  5 16 16 16 15 15 12 12 12 11 10 15 12 12 12 12  8  9  8  9 12 14 14 14  7  9  7  7  7 10 13 13 13 12 12 12 12 14  9 12 12 12 12 12 12 12 12 12 12 12 12 10 13  4  5 12 12 12  9  9  7  7 
 0 12 12 12 12 12 12 12 12 12  0  0 12 12  0  0  0  0  0 12  0  0  0 12 12 12 12  0  0  0 12 12 12  0  0  0  0  0  0 12 12  0  0  0  0  0  0  0  0 12  0  0  0 12  0  0  0  0  0 12 16  0  0  0  0  0  0  0  0  0  0  0  0  0  0  0  0  0  0  0  0  0  0 14  9 10  9 12  9  8  7  9  6  9  9  8 12 12 12  8 12 13 12  5 16 16 16 15 15 12 12 12 11 10 15 12 12 12 12  8  9  8  9 12 14 14 14  7  9  7  7  7 10 13 13 13 12 12 12 12 14  9 12 12 12 12 12 12 12 12 12 12 12 12 10 13  4  5 12 12 12  9  9  7  7 
14  9  9  9  9  9  9  9  9  9 14 14  9  9 14 14 14 14 14  9 14 14 14  9  9  9  9 14 14 14  6  6  6 14 14 14 14 14 14  9  9 14 14 14 14 14 14 14 14  9 14 14 14  9 14 14 14 14 14  9 14 14 14 14 14 14 14 14 14 14 14 14 14 14 14 14 14 14 14 14 14 14 14  0  7  7  7  6 11 10  8 14 10  7  7  9  6  6  6  8  2  1  9 11 14 14 14 14 14  6  6  6  3  9  4  9  9  9  9  9 12  9 13  2  3  1 11 11 11 14 14 11  8  3  3  9  9  9  9  9 13 12  9  9  9  9  9  9  7  7  7  9  9  9  5  1 14 11  6  6  6 11 11 10  9 
 9  8  8  8  8  8  8  8  8  8  9  9  8  8  9  9  9  9  9  8  9  9  9  8  8  8  8  9  9  9  5  5  5  9  9  9  9  9  9  8  8  9  9  9  9  9  9  9  9  8  9  9  9  8  9  9  9  9  9  8 14  9  9  9  9  9  9  9  9  9  9  9  9  9  9  9  9  9  9  9  9  9  9  7  0  2  0  4  4  7  6  9  7  0  0  6  5  5  5  6  5  6  8  9 14 14 12 11 11  5  5  5  8  5  8  8  8  8  8  7  5  7  6  5  7  7 11  6  4  9  8  6  4  6  6  7  8  8  8  8 13  8  8  8  8  8  8  8  3  3  3  8  8  8  3  6 11  9  5  5  5  4  4  5  7 
10  8  8  8  8  8  8  8  8  8 10 10  8  8 10 10 10 10 10  8 10 10 10  8  8  8  8 10 10 10  4  4  4 10 10 10 10 10 10  8  8 10 10 10 10 10 10 10 10  8 10 10 10  8 10 10 10 10 10  8 14 10 10 10 10 10 10 10 10 10 10 10 10 10 10 10 10 10 10 10 10 10 10  7  2  0  2  6  5  6  7 10  7  2  2  6  4  4  4  6  6  6  8  7 14 14 13 13 13  4  4  4  8  5  9  8  8  8  8  5  6  5  7  6  8  8 13  8  5 10  9  8  4  8  7  8  8  8  8  8 14  9  8  8  8  8  8  8  5  5  5  8  8  8  5  7 10  7  4  4  4  5  5  7  5 
 9  8  8  8  8  8  8  8  8  8  9  9  8  8  9  9  9  9  9  8  9  9  9  8  8  8  8  9  9  9  5  5  5  9  9  9  9  9  9  8  8  9  9  9  9  9  9  9  9  8  9  9  9  8  9  9  9  9  9  8 14  9  9  9  9  9  9  9  9  9  9  9  9  9  9  9  9  9  9  9  9  9  9  7  0  2  0  4  4  7  6  9  7  0  0  6  5  5  5  6  5  6  8  9 14 14 12 11 11  5  5  5  8  5  8  8  8  8  8  7  5  7  6  5  7  7 11  6  4  9  8  6  4  6  6  7  8  8  8  8 13  8  8  8  8  8  8  8  3  3  3  8  8  8  3  6 11  9  5  5  5  4  4  5  7 
12  7  7  7  7  7  7  7  7  7 12 12  7  7 12 12 12 12 12  7 12 12 12  7  7  7  7 12 12 12  6  6  6 12 12 12 12 12 12  7  7 12 12 12 12 12 12 12 12  7 12 12 12  7 12 12 12 12 12  7 12 12 12 12 12 12 12 12 12 12 12 12 12 12 12 12 12 12 12 12 12 12 12  6  4  6  4  0  8  9  8 10  9  4  4  7  6  6  6  8  5  5  7 10 12 12 12 12 12  6  6  6  8  8  7  7  7  7  7  9  9  9 10  5  7  6 12  7  8 12 12  7  7  7  6 11  7  7  7  7 14 10  7  7  7  7  7  7  1  1  1  7  7  7  5  6 12 10  6  6  6  8  8  6  8 
 9  8  8  8  8  8  8  8  8  8  9  9  8  8  9  9  9  9  9  8  9  9  9  8  8  8  8  9  9  9  7  7  7  9  9  9  9  9  9  8  8  9  9  9  9  9  9  9  9  8  9  9  9  8  9  9  9  9  9  8 13  9  9  9  9  9  9  9  9  9  9  9  9  9  9  9  9  9  9  9  9  9  9 11  4  5  4  8  0  4  6 12  3  4  4  6  7  7  7  6  9 10  8  8 13 13 14 13 13  7  7  7 12  9 12  8  8  8  8  3  1  3  2  9 11 11 11  6  0  5  4  6  8 10 10 11  8  8  8  8 17 12  8  8  8  8  8  8  7  7  7  8  8  8  7 10  9  8  7  7  7  0  0  6  3 
 8 10 10 10 10 10 10 10 10 10  8  8 10 10  8  8  8  8  8 10  8  8  8 10 10 10 10  8  8  8  8  8  8  8  8  8  8  8  8 10 10  8  8  8  8  8  8  8  8 10  8  8  8 10  8  8  8  8  8 10 13  8  8  8  8  8  8  8  8  8  8  8  8  8  8  8  8  8  8  8  8  8  8 10  7  6  7  9  4  0  4 10  3  7  7  5  8  8  8  3  8  9 10  8 13 13 13 12 12  8  8  8 11  8 11 10 10 10 10  1  5  1  6  8 10 10 10  6  4  9  8  6  8 10  9 12 10 10 10 10 17 12 10 10 10 10 10 10  8  8  8 10 10 10  7 10  8  8  8  8  8  4  4  5  2 
 7  9  9  9  9  9  9  9  9  9  7  7  9  9  7  7  7  7  7  9  7  7  7  9  9  9  9  7  7  7  9  9  9  7  7  7  7  7  7  9  9  7  7  7  7  7  7  7  7  9  7  7  7  9  7  7  7  7  7  9 16  7  7  7  7  7  7  7  7  7  7  7  7  7  7  7  7  7  7  7  7  7  7  8  6  7  6  8  6  4  0  9  3  6  6  3  9  9  9  1  7  7  9  6 16 16 14 14 14  9  9  9 10  6 10  9  9  9  9  4  6  4  6  7  9  9 13  3  6  7  7  3  7  9  8  9  9  9  9  9 15  9  9  9  9  9  9  9  7  7  7  9  9  9  6  8  6  6  9  9  9  6  6  4  5 
 9 10 10 10 10 10 10 10 10 10  9  9 10 10  9  9  9  9  9 10  9  9  9 10 10 10 10  9  9  9 12 12 12  9  9  9  9  9  9 10 10  9  9  9  9  9  9  9  9 10  9  9  9 10  9  9  9  9  9 10 19  9  9  9  9  9  9  9  9  9  9  9  9  9  9  9  9  9  9  9  9  9  9 14  9 10  9 10 12 10  9  0 10  9  9  8 12 12 12  8 14 14 10  5 19 19 19 19 20 12 12 12 13 11 17 10 10 10 10 10 13 10 13 14 16 14 19  8 12 12 12  8 12 14 14 13 10 10 10 10 13  8 10 10 10 10 10 10 11 11 11 10 10 10 11 13  7  5 12 12 12 12 12  7 11 
 6 11 11 11 11 11 11 11 11 11  6  6 11 11  6  6  6  6  6 11  6  6  6 11 11 11 11  6  6  6  9  9  9  6  6  6  6  6  6 11 11  6  6  6  6  6  6  6  6 11  6  6  6 11  6  6  6  6  6 11 13  6  6  6  6  6  6  6  6  6  6  6  6  6  6  6  6  6  6  6  6  6  6 10  7  7  7  9  3  3  3 10  0  7  7  4  9  9  9  4 10  9 11  5 13 13 13 12 12  9  9  9 12  6 13 11 11 11 11  2  4  2  4 10 12 11 10  4  3  7  5  4  9 11 11  9 11 11 11 11 14  9 11 11 11 11 11 11  9  9  9 11 11 11  8 10  6  5  9  9  9  3  3  3  2 
 9  8  8  8  8  8  8  8  8  8  9  9  8  8  9  9  9  9  9  8  9  9  9  8  8  8  8  9  9  9  5  5  5  9  9  9  9  9  9  8  8  9  9  9  9  9  9  9  9  8  9  9  9  8  9  9  9  9  9  8 14  9  9  9  9  9  9  9  9  9  9  9  9  9  9  9  9  9  9  9  9  9  9  7  0  2  0  4  4  7  6  9  7  0  0  6  5  5  5  6  5  6  8  9 14 14 12 11 11  5  5  5  8  5  8  8  8  8  8  7  5  7  6  5  7  7 11  6  4  9  8  6  4  6  6  7  8  8  8  8 13  8  8  8  8  8  8  8  3  3  3  8  8  8  3  6 11  9  5  5  5  4  4  5  7 
 9  8  8  8  8  8  8  8  8  8  9  9  8  8  9  9  9  9  9  8  9  9  9  8  8  8  8  9  9  9  5  5  5  9  9  9  9  9  9  8  8  9  9  9  9  9  9  9  9  8  9  9  9  8  9  9  9  9  9  8 14  9  9  9  9  9  9  9  9  9  9  9  9  9  9  9  9  9  9  9  9  9  9  7  0  2  0  4  4  7  6  9  7  0  0  6  5  5  5  6  5  6  8  9 14 14 12 11 11  5  5  5  8  5  8  8  8  8  8  7  5  7  6  5  7  7 11  6  4  9  8  6  4  6  6  7  8  8  8  8 13  8  8  8  8  8  8  8  3  3  3  8  8  8  3  6 11  9  5  5  5  4  4  5  7 
 8  7  7  7  7  7  7  7  7  7  8  8  7  7  8  8  8  8  8  7  8  8  8  7  7  7  7  8  8  8  8  8  8  8  8  8  8  8  8  7  7  8  8  8  8  8  8  8  8  7  8  8  8  7  8  8  8  8  8  7 15  8  8  8  8  8  8  8  8  8  8  8  8  8  8  8  8  8  8  8  8  8  8  9  6  6  6  7  6  5  3  8  4  6  6  0  8  8  8  2  8  8  7  5 15 15 15 15 15  8  8  8 10  4 11  7  7  7  7  4  7  4  8  8 10  9 13  2  6  5  7  2  7 10  9  9  7  7  7  7 14  9  7  7  7  7  7  7  7  7  7  7  7  7  7  9  8  5  8  8  8  6  6  1  5 
12  8  8  8  8  8  8  8  8  8 12 12  8  8 12 12 12 12 12  8 12 12 12  8  8  8  8 12 12 12  0  0  0 12 12 12 12 12 12  8  8 12 12 12 12 12 12 12 12  8 12 12 12  8 12 12 12 12 12  8 12 12 12 12 12 12 12 12 12 12 12 12 12 12 12 12 12 12 12 12 12 12 12  6  5  4  5  6  7  8  9 12  9  5  5  8  0  0  0  8  6  5  8 11 12 12 15 15 14  0  0  0  6  6  8  8  8  8  8  7  8  7  9  6  8  7 13  9  7 12 11  9  4  7  7  6  8  8  8  8 13 11  8  8  8  8  8  8  6  6  6  8  8  8  4  6 12 11  0  0  0  7  7  9  7 
12  8  8  8  8  8  8  8  8  8 12 12  8  8 12 12 12 12 12  8 12 12 12  8  8  8  8 12 12 12  0  0  0 12 12 12 12 12 12  8  8 12 12 12 12 12 12 12 12  8 12 12 12  8 12 12 12 12 12  8 12 12 12 12 12 12 12 12 12 12 12 12 12 12 12 12 12 12 12 12 12 12 12  6  5  4  5  6  7  8  9 12  9  5  5  8  0  0  0  8  6  5  8 11 12 12 15 15 14  0  0  0  6  6  8  8  8  8  8  7  8  7  9  6  8  7 13  9  7 12 11  9  4  7  7  6  8  8  8  8 13 11  8  8  8  8  8  8  6  6  6  8  8  8  4  6 12 11  0  0  0  7  7  9  7 
12  8  8  8  8  8  8  8  8  8 12 12  8  8 12 12 12 12 12  8 12 12 12  8  8  8  8 12 12 12  0  0  0 12 12 12 12 12 12  8  8 12 12 12 12 12 12 12 12  8 12 12 12  8 12 12 12 12 12  8 12 12 12 12 12 12 12 12 12 12 12 12 12 12 12 12 12 12 12 12 12 12 12  6  5  4  5  6  7  8  9 12  9  5  5  8  0  0  0  8  6  5  8 11 12 12 15 15 14  0  0  0  6  6  8  8  8  8  8  7  8  7  9  6  8  7 13  9  7 12 11  9  4  7  7  6  8  8  8  8 13 11  8  8  8  8  8  8  6  6  6  8  8  8  4  6 12 11  0  0  0  7  7  9  7 
 8  8  8  8  8  8  8  8  8  8  8  8  8  8  8  8  8  8  8  8  8  8  8  8  8  8  8  8  8  8  8  8  8  8  8  8  8  8  8  8  8  8  8  8  8  8  8  8  8  8  8  8  8  8  8  8  8  8  8  8 15  8  8  8  8  8  8  8  8  8  8  8  8  8  8  8  8  8  8  8  8  8  8  8  6  6  6  8  6  3  1  8  4  6  6  2  8  8  8  0  8  7  8  6 15 15 15 14 14  8  8  8 10  6 11  8  8  8  8  3  7  3  7  8 10  9 12  4  6  7  6  4  7  9  9  9  8  8  8  8 15  9  8  8  8  8  8  8  8  8  8  8  8  8  6  8  7  6  8  8  8  6  6  3  4 
12  8  8  8  8  8  8  8  8  8 12 12  8  8 12 12 12 12 12  8 12 12 12  8  8  8  8 12 12 12  6  6  6 12 12 12 12 12 12  8  8 12 12 12 12 12 12 12 12  8 12 12 12  8 12 12 12 12 12  8 12 12 12 12 12 12 12 12 12 12 12 12 12 12 12 12 12 12 12 12 12 12 12  2  5  6  5  5  9  8  7 14 10  5  5  8  6  6  6  8  0  1  8 10 12 12 12 12 12  6  6  6  4  8  3  8  8  8  8  9 10  9 11  0  2  2  9 10  9 13 13 10  9  2  1  9  8  8  8  8 12 11  8  8  8  8  8  8  5  5  5  8  8  8  5  2 12 10  6  6  6  9  9  9  8 
13  9  9  9  9  9  9  9  9  9 13 13  9  9 13 13 13 13 13  9 13 13 13  9  9  9  9 13 13 13  5  5  5 13 13 13 13 13 13  9  9 13 13 13 13 13 13 13 13  9 13 13 13  9 13 13 13 13 13  9 13 13 13 13 13 13 13 13 13 13 13 13 13 13 13 13 13 13 13 13 13 13 13  1  6  6  6  5 10  9  7 14  9  6  6  8  5  5  5  7  1  0  9 10 13 13 13 13 13  5  5  5  3  8  4  9  9  9  9  8 11  8 12  1  3  2 10 10 10 13 13 10  8  2  2  9  9  9  9  9 12 11  9  9  9  9  9  9  6  6  6  9  9  9  5  1 13 10  5  5  5 10 10  9  8 
12  0  0  0  0  0  0  0  0  0 12 12  0  0 12 12 12 12 12  0 12 12 12  0  0  0  0 12 12 12  8  8  8 12 12 12 12 12 12  0  0 12 12 12 12 12 12 12 12  0 12 12 12  0 12 12 12 12 12  0 17 12 12 12 12 12 12 12 12 12 12 12 12 12 12 12 12 12 12 12 12 12 12  9  8  8  8  7  8 10  9 10 11  8  8  7  8  8  8  8  8  9  0  7 17 17 14 14 14  8  8  8 10  5 11  0  0  0  0 10  9 10 10  8 10  9 14  9  8 10 11  9  7  9  9  7  0  0  0  0 13  8  0  0  0  0  0  0  6  6  6  0  0  0  6  8 11  7  8  8  8  8  8  8 10 
 5  7  7  7  7  7  7  7  7  7  5  5  7  7  5  5  5  5  5  7  5  5  5  7  7  7  7  5  5  5 11 11 11  5  5  5  5  5  5  7  7  5  5  5  5  5  5  5  5  7  5  5  5  7  5  5  5  5  5  7 17  5  5  5  5  5  5  5  5  5  5  5  5  5  5  5  5  5  5  5  5  5  5 11  9  7  9 10  8  8  6  5  5  9  9  5 11 11 11  6 10 10  7  0 17 17 17 17 17 11 11 11 11  9 13  7  7  7  7  7  9  7  9 10 12 11 15  4  8 10  7  4 10 12 11 11  7  7  7  7 11  6  7  7  7  7  7  7  9  9  9  7  7  7  9 11  5  0 11 11 11  8  8  4  7 
16 17 17 17 17 17 17 17 17 17 16 16 17 17 16 16 16 16 16 17 16 16 16 17 17 17 17 16 16 16 12 12 12 16 16 16 16 16 16 17 17 16 16 16 16 16 16 16 16 17 16 16 16 17 16 16 16 16 16 17  0 16 16 16 16 16 16 16 16 16 16 16 16 16 16 16 16 16 16 16 16 16 16 14 14 14 14 12 13 13 16 19 13 14 14 15 12 12 12 15 12 13 17 17  0  0  8  9  9 12 12 12 15 15 11 17 17 17 17 12 14 12 15 12 13 14  3 16 13 17 15 16 15 14 11 16 17 17 17 17 19 18 17 17 17 17 17 17 13 13 13 17 17 17 14 14 16 17 12 12 12 13 13 16 11 
16 17 17 17 17 17 17 17 17 17 16 16 17 17 16 16 16 16 16 17 16 16 16 17 17 17 17 16 16 16 12 12 12 16 16 16 16 16 16 17 17 16 16 16 16 16 16 16 16 17 16 16 16 17 16 16 16 16 16 17  0 16 16 16 16 16 16 16 16 16 16 16 16 16 16 16 16 16 16 16 16 16 16 14 14 14 14 12 13 13 16 19 13 14 14 15 12 12 12 15 12 13 17 17  0  0  8  9  9 12 12 12 15 15 11 17 17 17 17 12 14 12 15 12 13 14  3 16 13 17 15 16 15 14 11 16 17 17 17 17 19 18 17 17 17 17 17 17 13 13 13 17 17 17 14 14 16 17 12 12 12 13 13 16 11 
16 14 14 14 14 14 14 14 14 14 16 16 14 14 16 16 16 16 16 14 16 16 16 14 14 14 14 16 16 16 15 15 15 16 16 16 16 16 16 14 14 16 16 16 16 16 16 16 16 14 16 16 16 14 16 16 16 16 16 14  8 16 16 16 16 16 16 16 16 16 16 16 16 16 16 16 16 16 16 16 16 16 16 14 12 13 12 12 14 13 14 19 13 12 12 15 15 15 15 15 12 13 14 17  8  8  0  5  9 15 15 15 16 16 14 14 14 14 14 12 15 12 16 12 14 14  8 17 14 19 17 17 15 14 11 18 14 14 14 14 22 18 14 14 14 14 14 14 12 12 12 14 14 14 14 14 17 17 15 15 15 14 14 16 11 
15 14 14 14 14 14 14 14 14 14 15 15 14 14 15 15 15 15 15 14 15 15 15 14 14 14 14 15 15 15 15 15 15 15 15 15 15 15 15 14 14 15 15 15 15 15 15 15 15 14 15 15 15 14 15 15 15 15 15 14  9 15 15 15 15 15 15 15 15 15 15 15 15 15 15 15 15 15 15 15 15 15 15 14 11 13 11 12 13 12 14 19 12 11 11 15 15 15 15 14 12 13 14 17  9  9  5  0  6 15 15 15 15 15 14 14 14 14 14 11 14 11 15 12 14 14  8 16 13 18 16 16 15 14 11 18 14 14 14 14 22 18 14 14 14 14 14 14 11 11 11 14 14 14 14 14 16 17 15 15 15 13 13 15 10 
15 14 14 14 14 14 14 14 14 14 15 15 14 14 15 15 15 15 15 14 15 15 15 14 14 14 14 15 15 15 14 14 14 15 15 15 15 15 15 14 14 15 15 15 15 15 15 15 15 14 15 15 15 14 15 15 15 15 15 14  9 15 15 15 15 15 15 15 15 15 15 15 15 15 15 15 15 15 15 15 15 15 15 14 11 13 11 12 13 12 14 20 12 11 11 15 14 14 14 14 12 13 14 17  9  9  9  6  0 14 14 14 16 15 14 14 14 14 14 11 14 11 15 12 14 14 10 16 13 18 16 16 15 14 11 18 14 14 14 14 22 17 14 14 14 14 14 14 11 11 11 14 14 14 14 14 17 17 14 14 14 13 13 15 10 
12  8  8  8  8  8  8  8  8  8 12 12  8  8 12 12 12 12 12  8 12 12 12  8  8  8  8 12 12 12  0  0  0 12 12 12 12 12 12  8  8 12 12 12 12 12 12 12 12  8 12 12 12  8 12 12 12 12 12  8 12 12 12 12 12 12 12 12 12 12 12 12 12 12 12 12 12 12 12 12 12 12 12  6  5  4  5  6  7  8  9 12  9  5  5  8  0  0  0  8  6  5  8 11 12 12 15 15 14  0  0  0  6  6  8  8  8  8  8  7  8  7  9  6  8  7 13  9  7 12 11  9  4  7  7  6  8  8  8  8 13 11  8  8  8  8  8  8  6  6  6  8  8  8  4  6 12 11  0  0  0  7  7  9  7 
12  8  8  8  8  8  8  8  8  8 12 12  8  8 12 12 12 12 12  8 12 12 12  8  8  8  8 12 12 12  0  0  0 12 12 12 12 12 12  8  8 12 12 12 12 12 12 12 12  8 12 12 12  8 12 12 12 12 12  8 12 12 12 12 12 12 12 12 12 12 12 12 12 12 12 12 12 12 12 12 12 12 12  6  5  4  5  6  7  8  9 12  9  5  5  8  0  0  0  8  6  5  8 11 12 12 15 15 14  0  0  0  6  6  8  8  8  8  8  7  8  7  9  6  8  7 13  9  7 12 11  9  4  7  7  6  8  8  8  8 13 11  8  8  8  8  8  8  6  6  6  8  8  8  4  6 12 11  0  0  0  7  7  9  7 
12  8  8  8  8  8  8  8  8  8 12 12  8  8 12 12 12 12 12  8 12 12 12  8  8  8  8 12 12 12  0  0  0 12 12 12 12 12 12  8  8 12 12 12 12 12 12 12 12  8 12 12 12  8 12 12 12 12 12  8 12 12 12 12 12 12 12 12 12 12 12 12 12 12 12 12 12 12 12 12 12 12 12  6  5  4  5  6  7  8  9 12  9  5  5  8  0  0  0  8  6  5  8 11 12 12 15 15 14  0  0  0  6  6  8  8  8  8  8  7  8  7  9  6  8  7 13  9  7 12 11  9  4  7  7  6  8  8  8  8 13 11  8  8  8  8  8  8  6  6  6  8  8  8  4  6 12 11  0  0  0  7  7  9  7 
11 10 10 10 10 10 10 10 10 10 11 11 10 10 11 11 11 11 11 10 11 11 11 10 10 10 10 11 11 11  6  6  6 11 11 11 11 11 11 10 10 11 11 11 11 11 11 11 11 10 11 11 11 10 11 11 11 11 11 10 15 11 11 11 11 11 11 11 11 11 11 11 11 11 11 11 11 11 11 11 11 11 11  3  8  8  8  8 12 11 10 13 12  8  8 10  6  6  6 10  4  3 10 11 15 15 16 15 16  6  6  6  0  6  4 10 10 10 10 11 13 11 14  4  4  4 13 11 12 13 14 11  5  5  5  6 10 10 10 10 11 11 10 10 10 10 10 10  8  8  8 10 10 10  6  4 14 11  6  6  6 12 12 10 11 
10  5  5  5  5  5  5  5  5  5 10 10  5  5 10 10 10 10 10  5 10 10 10  5  5  5  5 10 10 10  6  6  6 10 10 10 10 10 10  5  5 10 10 10 10 10 10 10 10  5 10 10 10  5 10 10 10 10 10  5 15 10 10 10 10 10 10 10 10 10 10 10 10 10 10 10 10 10 10 10 10 10 10  9  5  5  5  8  9  8  6 11  6  5  5  4  6  6  6  6  8  8  5  9 15 15 16 15 15  6  6  6  6  0  9  5  5  5  5  8  9  8 10  8  9 10 15  5  9  8  8  5  3 10  9  5  5  5  5  5 14  9  5  5  5  5  5  5  7  7  7  5  5  5  7  9 10  9  6  6  6  9  9  5  8 
15 11 11 11 11 11 11 11 11 11 15 15 11 11 15 15 15 15 15 11 15 15 15 11 11 11 11 15 15 15  8  8  8 15 15 15 15 15 15 11 11 15 15 15 15 15 15 15 15 11 15 15 15 11 15 15 15 15 15 11 11 15 15 15 15 15 15 15 15 15 15 15 15 15 15 15 15 15 15 15 15 15 15  4  8  9  8  7 12 11 10 17 13  8  8 11  8  8  8 11  3  4 11 13 11 11 14 14 14  8  8  8  4  9  0 11 11 11 11 11 13 11 14  3  2  3 11 13 12 16 15 13  9  5  3 10 11 11 11 11 15 12 11 11 11 11 11 11  8  8  8 11 11 11  8  4 15 13  8  8  8 12 12 12 11 
12  0  0  0  0  0  0  0  0  0 12 12  0  0 12 12 12 12 12  0 12 12 12  0  0  0  0 12 12 12  8  8  8 12 12 12 12 12 12  0  0 12 12 12 12 12 12 12 12  0 12 12 12  0 12 12 12 12 12  0 17 12 12 12 12 12 12 12 12 12 12 12 12 12 12 12 12 12 12 12 12 12 12  9  8  8  8  7  8 10  9 10 11  8  8  7  8  8  8  8  8  9  0  7 17 17 14 14 14  8  8  8 10  5 11  0  0  0  0 10  9 10 10  8 10  9 14  9  8 10 11  9  7  9  9  7  0  0  0  0 13  8  0  0  0  0  0  0  6  6  6  0  0  0  6  8 11  7  8  8  8  8  8  8 10 
12  0  0  0  0  0  0  0  0  0 12 12  0  0 12 12 12 12 12  0 12 12 12  0  0  0  0 12 12 12  8  8  8 12 12 12 12 12 12  0  0 12 12 12 12 12 12 12 12  0 12 12 12  0 12 12 12 12 12  0 17 12 12 12 12 12 12 12 12 12 12 12 12 12 12 12 12 12 12 12 12 12 12  9  8  8  8  7  8 10  9 10 11  8  8  7  8  8  8  8  8  9  0  7 17 17 14 14 14  8  8  8 10  5 11  0  0  0  0 10  9 10 10  8 10  9 14  9  8 10 11  9  7  9  9  7  0  0  0  0 13  8  0  0  0  0  0  0  6  6  6  0  0  0  6  8 11  7  8  8  8  8  8  8 10 
12  0  0  0  0  0  0  0  0  0 12 12  0  0 12 12 12 12 12  0 12 12 12  0  0  0  0 12 12 12  8  8  8 12 12 12 12 12 12  0  0 12 12 12 12 12 12 12 12  0 12 12 12  0 12 12 12 12 12  0 17 12 12 12 12 12 12 12 12 12 12 12 12 12 12 12 12 12 12 12 12 12 12  9  8  8  8  7  8 10  9 10 11  8  8  7  8  8  8  8  8  9  0  7 17 17 14 14 14  8  8  8 10  5 11  0  0  0  0 10  9 10 10  8 10  9 14  9  8 10 11  9  7  9  9  7  0  0  0  0 13  8  0  0  0  0  0  0  6  6  6  0  0  0  6  8 11  7  8  8  8  8  8  8 10 
12  0  0  0  0  0  0  0  0  0 12 12  0  0 12 12 12 12 12  0 12 12 12  0  0  0  0 12 12 12  8  8  8 12 12 12 12 12 12  0  0 12 12 12 12 12 12 12 12  0 12 12 12  0 12 12 12 12 12  0 17 12 12 12 12 12 12 12 12 12 12 12 12 12 12 12 12 12 12 12 12 12 12  9  8  8  8  7  8 10  9 10 11  8  8  7  8  8  8  8  8  9  0  7 17 17 14 14 14  8  8  8 10  5 11  0  0  0  0 10  9 10 10  8 10  9 14  9  8 10 11  9  7  9  9  7  0  0  0  0 13  8  0  0  0  0  0  0  6  6  6  0  0  0  6  8 11  7  8  8  8  8  8  8 10 
 8 10 10 10 10 10 10 10 10 10  8  8 10 10  8  8  8  8  8 10  8  8  8 10 10 10 10  8  8  8  7  7  7  8  8  8  8  8  8 10 10  8  8  8  8  8  8  8  8 10  8  8  8 10  8  8  8  8  8 10 12  8  8  8  8  8  8  8  8  8  8  8  8  8  8  8  8  8  8  8  8  8  8  9  7  5  7  9  3  1  4 10  2  7  7  4  7  7  7  3  9  8 10  7 12 12 12 11 11  7  7  7 11  8 11 10 10 10 10  0  4  0  5  9 11 10  9  5  3  8  7  5  8 10 10 11 10 10 10 10 16 11 10 10 10 10 10 10  8  8  8 10 10 10  7  9  8  7  7  7  7  3  3  5  1 
 9  9  9  9  9  9  9  9  9  9  9  9  9  9  9  9  9  9  9  9  9  9  9  9  9  9  9  9  9  9  8  8  8  9  9  9  9  9  9  9  9  9  9  9  9  9  9  9  9  9  9  9  9  9  9  9  9  9  9  9 14  9  9  9  9  9  9  9  9  9  9  9  9  9  9  9  9  9  9  9  9  9  9 12  5  6  5  9  1  5  6 13  4  5  5  7  8  8  8  7 10 11  9  9 14 14 15 14 14  8  8  8 13  9 13  9  9  9  9  4  0  4  3 10 12 12 12  6  1  6  5  6  9 11 11 12  9  9  9  9 18 12  9  9  9  9  9  9  8  8  8  9  9  9  8 11 10  9  8  8  8  1  1  7  4 
 8 10 10 10 10 10 10 10 10 10  8  8 10 10  8  8  8  8  8 10  8  8  8 10 10 10 10  8  8  8  7  7  7  8  8  8  8  8  8 10 10  8  8  8  8  8  8  8  8 10  8  8  8 10  8  8  8  8  8 10 12  8  8  8  8  8  8  8  8  8  8  8  8  8  8  8  8  8  8  8  8  8  8  9  7  5  7  9  3  1  4 10  2  7  7  4  7  7  7  3  9  8 10  7 12 12 12 11 11  7  7  7 11  8 11 10 10 10 10  0  4  0  5  9 11 10  9  5  3  8  7  5  8 10 10 11 10 10 10 10 16 11 10 10 10 10 10 10  8  8  8 10 10 10  7  9  8  7  7  7  7  3  3  5  1 
 9 10 10 10 10 10 10 10 10 10  9  9 10 10  9  9  9  9  9 10  9  9  9 10 10 10 10  9  9  9  9  9  9  9  9  9  9  9  9 10 10  9  9  9  9  9  9  9  9 10  9  9  9 10  9  9  9  9  9 10 15  9  9  9  9  9  9  9  9  9  9  9  9  9  9  9  9  9  9  9  9  9  9 13  6  7  6 10  2  6  6 13  4  6  6  8  9  9  9  7 11 12 10  9 15 15 16 15 15  9  9  9 14 10 14 10 10 10 10  5  3  5  0 11 13 13 13  7  2  7  4  7 10 12 12 13 10 10 10 10 18 13 10 10 10 10 10 10  9  9  9 10 10 10  9 12  9  9  9  9  9  2  2  7  5 
12  8  8  8  8  8  8  8  8  8 12 12  8  8 12 12 12 12 12  8 12 12 12  8  8  8  8 12 12 12  6  6  6 12 12 12 12 12 12  8  8 12 12 12 12 12 12 12 12  8 12 12 12  8 12 12 12 12 12  8 12 12 12 12 12 12 12 12 12 12 12 12 12 12 12 12 12 12 12 12 12 12 12  2  5  6  5  5  9  8  7 14 10  5  5  8  6  6  6  8  0  1  8 10 12 12 12 12 12  6  6  6  4  8  3  8  8  8  8  9 10  9 11  0  2  2  9 10  9 13 13 10  9  2  1  9  8  8  8  8 12 11  8  8  8  8  8  8  5  5  5  8  8  8  5  2 12 10  6  6  6  9  9  9  8 
14 10 10 10 10 10 10 10 10 10 14 14 10 10 14 14 14 14 14 10 14 14 14 10 10 10 10 14 14 14  8  8  8 14 14 14 14 14 14 10 10 14 14 14 14 14 14 14 14 10 14 14 14 10 14 14 14 14 14 10 13 14 14 14 14 14 14 14 14 14 14 14 14 14 14 14 14 14 14 14 14 14 14  3  7  8  7  7 11 10  9 16 12  7  7 10  8  8  8 10  2  3 10 12 13 13 14 14 14  8  8  8  4  9  2 10 10 10 10 11 12 11 13  2  0  3 11 12 11 15 15 12  9  4  3 10 10 10 10 10 14 13 10 10 10 10 10 10  7  7  7 10 10 10  7  3 14 12  8  8  8 11 11 11 10 
14  9  9  9  9  9  9  9  9  9 14 14  9  9 14 14 14 14 14  9 14 14 14  9  9  9  9 14 14 14  7  7  7 14 14 14 14 14 14  9  9 14 14 14 14 14 14 14 14  9 14 14 14  9 14 14 14 14 14  9 14 14 14 14 14 14 14 14 14 14 14 14 14 14 14 14 14 14 14 14 14 14 14  1  7  8  7  6 11 10  9 14 11  7  7  9  7  7  7  9  2  2  9 11 14 14 14 14 14  7  7  7  4 10  3  9  9  9  9 10 12 10 13  2  3  0 11 11 11 14 15 11  9  4  3 10  9  9  9  9 13 12  9  9  9  9  9  9  6  6  6  9  9  9  5  1 14 11  7  7  7 11 11 10 10 
14 14 14 14 14 14 14 14 14 14 14 14 14 14 14 14 14 14 14 14 14 14 14 14 14 14 14 14 14 14 13 13 13 14 14 14 14 14 14 14 14 14 14 14 14 14 14 14 14 14 14 14 14 14 14 14 14 14 14 14  3 14 14 14 14 14 14 14 14 14 14 14 14 14 14 14 14 14 14 14 14 14 14 11 11 13 11 12 11 10 13 19 10 11 11 13 13 13 13 12  9 10 14 15  3  3  8  8 10 13 13 13 13 15 11 14 14 14 14  9 12  9 13  9 11 11  0 14 11 16 14 14 14 11  8 16 14 14 14 14 19 17 14 14 14 14 14 14 11 11 11 14 14 14 14 11 15 15 13 13 13 11 11 13  8 
 7  9  9  9  9  9  9  9  9  9  7  7  9  9  7  7  7  7  7  9  7  7  7  9  9  9  9  7  7  7  9  9  9  7  7  7  7  7  7  9  9  7  7  7  7  7  7  7  7  9  7  7  7  9  7  7  7  7  7  9 16  7  7  7  7  7  7  7  7  7  7  7  7  7  7  7  7  7  7  7  7  7  7 11  6  8  6  7  6  6  3  8  4  6  6  2  9  9  9  4 10 10  9  4 16 16 17 16 16  9  9  9 11  5 13  9  9  9  9  5  6  5  7 10 12 11 14  0  6  7  5  0  8 12 11  7  9  9  9  9 13  7  9  9  9  9  9  9  8  8  8  9  9  9  9 11  7  4  9  9  9  6  6  1  6 
 9  8  8  8  8  8  8  8  8  8  9  9  8  8  9  9  9  9  9  8  9  9  9  8  8  8  8  9  9  9  7  7  7  9  9  9  9  9  9  8  8  9  9  9  9  9  9  9  9  8  9  9  9  8  9  9  9  9  9  8 13  9  9  9  9  9  9  9  9  9  9  9  9  9  9  9  9  9  9  9  9  9  9 11  4  5  4  8  0  4  6 12  3  4  4  6  7  7  7  6  9 10  8  8 13 13 14 13 13  7  7  7 12  9 12  8  8  8  8  3  1  3  2  9 11 11 11  6  0  5  4  6  8 10 10 11  8  8  8  8 17 12  8  8  8  8  8  8  7  7  7  8  8  8  7 10  9  8  7  7  7  0  0  6  3 
 7 10 10 10 10 10 10 10 10 10  7  7 10 10  7  7  7  7  7 10  7  7  7 10 10 10 10  7  7  7 12 12 12  7  7  7  7  7  7 10 10  7  7  7  7  7  7  7  7 10  7  7  7 10  7  7  7  7  7 10 17  7  7  7  7  7  7  7  7  7  7  7  7  7  7  7  7  7  7  7  7  7  7 14  9 10  9 12  5  9  7 12  7  9  9  5 12 12 12  7 13 13 10 10 17 17 19 18 18 12 12 12 13  8 16 10 10 10 10  8  6  8  7 13 15 14 16  7  5  0  3  7 11 15 14 10 10 10 10 10 19 13 10 10 10 10 10 10 12 12 12 10 10 10 12 14  8 10 12 12 12  5  5  6  8 
 7 11 11 11 11 11 11 11 11 11  7  7 11 11  7  7  7  7  7 11  7  7  7 11 11 11 11  7  7  7 11 11 11  7  7  7  7  7  7 11 11  7  7  7  7  7  7  7  7 11  7  7  7 11  7  7  7  7  7 11 15  7  7  7  7  7  7  7  7  7  7  7  7  7  7  7  7  7  7  7  7  7  7 14  8  9  8 12  4  8  7 12  5  8  8  7 11 11 11  6 13 13 11  7 15 15 17 16 16 11 11 11 14  8 15 11 11 11 11  7  5  7  4 13 15 15 14  5  4  3  0  5 11 14 14 10 11 11 11 11 16 10 11 11 11 11 11 11 11 11 11 11 11 11 11 14  7  7 11 11 11  4  4  6  6 
 7  9  9  9  9  9  9  9  9  9  7  7  9  9  7  7  7  7  7  9  7  7  7  9  9  9  9  7  7  7  9  9  9  7  7  7  7  7  7  9  9  7  7  7  7  7  7  7  7  9  7  7  7  9  7  7  7  7  7  9 16  7  7  7  7  7  7  7  7  7  7  7  7  7  7  7  7  7  7  7  7  7  7 11  6  8  6  7  6  6  3  8  4  6  6  2  9  9  9  4 10 10  9  4 16 16 17 16 16  9  9  9 11  5 13  9  9  9  9  5  6  5  7 10 12 11 14  0  6  7  5  0  8 12 11  7  9  9  9  9 13  7  9  9  9  9  9  9  8  8  8  9  9  9  9 11  7  4  9  9  9  6  6  1  6 
10  7  7  7  7  7  7  7  7  7 10 10  7  7 10 10 10 10 10  7 10 10 10  7  7  7  7 10 10 10  4  4  4 10 10 10 10 10 10  7  7 10 10 10 10 10 10 10 10  7 10 10 10  7 10 10 10 10 10  7 15 10 10 10 10 10 10 10 10 10 10 10 10 10 10 10 10 10 10 10 10 10 10  8  4  4  4  7  8  8  7 12  9  4  4  7  4  4  4  7  9  8  7 10 15 15 15 15 15  4  4  4  5  3  9  7  7  7  7  8  9  8 10  9  9  9 14  8  8 11 11  8  0  8  9  7  7  7  7  7 13  7  7  7  7  7  7  7  6  6  6  7  7  7  5  8 11 10  4  4  4  8  8  7  8 
13  9  9  9  9  9  9  9  9  9 13 13  9  9 13 13 13 13 13  9 13 13 13  9  9  9  9 13 13 13  7  7  7 13 13 13 13 13 13  9  9 13 13 13 13 13 13 13 13  9 13 13 13  9 13 13 13 13 13  9 14 13 13 13 13 13 13 13 13 13 13 13 13 13 13 13 13 13 13 13 13 13 13  3  6  8  6  7 10 10  9 14 11  6  6 10  7  7  7  9  2  2  9 12 14 14 14 14 14  7  7  7  5 10  5  9  9  9  9 10 11 10 12  2  4  4 11 12 10 15 14 12  8  0  3 10  9  9  9  9 13 12  9  9  9  9  9  9  6  6  6  9  9  9  7  3 13 12  7  7  7 10 10 11 10 
13  9  9  9  9  9  9  9  9  9 13 13  9  9 13 13 13 13 13  9 13 13 13  9  9  9  9 13 13 13  7  7  7 13 13 13 13 13 13  9  9 13 13 13 13 13 13 13 13  9 13 13 13  9 13 13 13 13 13  9 11 13 13 13 13 13 13 13 13 13 13 13 13 13 13 13 13 13 13 13 13 13 13  3  6  7  6  6 10  9  8 14 11  6  6  9  7  7  7  9  1  2  9 11 11 11 11 11 11  7  7  7  5  9  3  9  9  9  9 10 11 10 12  1  3  3  8 11 10 14 14 11  9  3  0 10  9  9  9  9 13 12  9  9  9  9  9  9  6  6  6  9  9  9  6  3 13 11  7  7  7 10 10 10  9 
13  7  7  7  7  7  7  7  7  7 13 13  7  7 13 13 13 13 13  7 13 13 13  7  7  7  7 13 13 13  6  6  6 13 13 13 13 13 13  7  7 13 13 13 13 13 13 13 13  7 13 13 13  7 13 13 13 13 13  7 16 13 13 13 13 13 13 13 13 13 13 13 13 13 13 13 13 13 13 13 13 13 13  9  7  8  7 11 11 12  9 13  9  7  7  9  6  6  6  9  9  9  7 11 16 16 18 18 18  6  6  6  6  5 10  7  7  7  7 11 12 11 13  9 10 10 16  7 11 10 10  7  7 10 10  0  7  7  7  7 12  7  7  7  7  7  7  7 10 10 10  7  7  7  9  9 13 11  6  6  6 11 11  8 11 
12  0  0  0  0  0  0  0  0  0 12 12  0  0 12 12 12 12 12  0 12 12 12  0  0  0  0 12 12 12  8  8  8 12 12 12 12 12 12  0  0 12 12 12 12 12 12 12 12  0 12 12 12  0 12 12 12 12 12  0 17 12 12 12 12 12 12 12 12 12 12 12 12 12 12 12 12 12 12 12 12 12 12  9  8  8  8  7  8 10  9 10 11  8  8  7  8  8  8  8  8  9  0  7 17 17 14 14 14  8  8  8 10  5 11  0  0  0  0 10  9 10 10  8 10  9 14  9  8 10 11  9  7  9  9  7  0  0  0  0 13  8  0  0  0  0  0  0  6  6  6  0  0  0  6  8 11  7  8  8  8  8  8  8 10 
12  0  0  0  0  0  0  0  0  0 12 12  0  0 12 12 12 12 12  0 12 12 12  0  0  0  0 12 12 12  8  8  8 12 12 12 12 12 12  0  0 12 12 12 12 12 12 12 12  0 12 12 12  0 12 12 12 12 12  0 17 12 12 12 12 12 12 12 12 12 12 12 12 12 12 12 12 12 12 12 12 12 12  9  8  8  8  7  8 10  9 10 11  8  8  7  8  8  8  8  8  9  0  7 17 17 14 14 14  8  8  8 10  5 11  0  0  0  0 10  9 10 10  8 10  9 14  9  8 10 11  9  7  9  9  7  0  0  0  0 13  8  0  0  0  0  0  0  6  6  6  0  0  0  6  8 11  7  8  8  8  8  8  8 10 
12  0  0  0  0  0  0  0  0  0 12 12  0  0 12 12 12 12 12  0 12 12 12  0  0  0  0 12 12 12  8  8  8 12 12 12 12 12 12  0  0 12 12 12 12 12 12 12 12  0 12 12 12  0 12 12 12 12 12  0 17 12 12 12 12 12 12 12 12 12 12 12 12 12 12 12 12 12 12 12 12 12 12  9  8  8  8  7  8 10  9 10 11  8  8  7  8  8  8  8  8  9  0  7 17 17 14 14 14  8  8  8 10  5 11  0  0  0  0 10  9 10 10  8 10  9 14  9  8 10 11  9  7  9  9  7  0  0  0  0 13  8  0  0  0  0  0  0  6  6  6  0  0  0  6  8 11  7  8  8  8  8  8  8 10 
12  0  0  0  0  0  0  0  0  0 12 12  0  0 12 12 12 12 12  0 12 12 12  0  0  0  0 12 12 12  8  8  8 12 12 12 12 12 12  0  0 12 12 12 12 12 12 12 12  0 12 12 12  0 12 12 12 12 12  0 17 12 12 12 12 12 12 12 12 12 12 12 12 12 12 12 12 12 12 12 12 12 12  9  8  8  8  7  8 10  9 10 11  8  8  7  8  8  8  8  8  9  0  7 17 17 14 14 14  8  8  8 10  5 11  0  0  0  0 10  9 10 10  8 10  9 14  9  8 10 11  9  7  9  9  7  0  0  0  0 13  8  0  0  0  0  0  0  6  6  6  0  0  0  6  8 11  7  8  8  8  8  8  8 10 
14 13 13 13 13 13 13 13 13 13 14 14 13 13 14 14 14 14 14 13 14 14 14 13 13 13 13 14 14 14 13 13 13 14 14 14 14 14 14 13 13 14 14 14 14 14 14 14 14 13 14 14 14 13 14 14 14 14 14 13 19 14 14 14 14 14 14 14 14 14 14 14 14 14 14 14 14 14 14 14 14 14 14 13 13 14 13 14 17 17 15 13 14 13 13 14 13 13 13 15 12 12 13 11 19 19 22 22 22 13 13 13 11 14 15 13 13 13 13 16 18 16 18 12 14 13 19 13 17 19 16 13 13 13 13 12 13 13 13 13  0  6 13 13 13 13 13 13 15 15 15 13 13 13 14 12 14 11 13 13 13 17 17 13 15 
 9  8  8  8  8  8  8  8  8  8  9  9  8  8  9  9  9  9  9  8  9  9  9  8  8  8  8  9  9  9 11 11 11  9  9  9  9  9  9  8  8  9  9  9  9  9  9  9  9  8  9  9  9  8  9  9  9  9  9  8 18  9  9  9  9  9  9  9  9  9  9  9  9  9  9  9  9  9  9  9  9  9  9 12  8  9  8 10 12 12  9  8  9  8  8  9 11 11 11  9 11 11  8  6 18 18 18 18 17 11 11 11 11  9 12  8  8  8  8 11 12 11 13 11 13 12 17  7 12 13 10  7  7 12 12  7  8  8  8  8  6  0  8  8  8  8  8  8  9  9  9  8  8  8 10 12  8  6 11 11 11 12 12  8 11 
12  0  0  0  0  0  0  0  0  0 12 12  0  0 12 12 12 12 12  0 12 12 12  0  0  0  0 12 12 12  8  8  8 12 12 12 12 12 12  0  0 12 12 12 12 12 12 12 12  0 12 12 12  0 12 12 12 12 12  0 17 12 12 12 12 12 12 12 12 12 12 12 12 12 12 12 12 12 12 12 12 12 12  9  8  8  8  7  8 10  9 10 11  8  8  7  8  8  8  8  8  9  0  7 17 17 14 14 14  8  8  8 10  5 11  0  0  0  0 10  9 10 10  8 10  9 14  9  8 10 11  9  7  9  9  7  0  0  0  0 13  8  0  0  0  0  0  0  6  6  6  0  0  0  6  8 11  7  8  8  8  8  8  8 10 
12  0  0  0  0  0  0  0  0  0 12 12  0  0 12 12 12 12 12  0 12 12 12  0  0  0  0 12 12 12  8  8  8 12 12 12 12 12 12  0  0 12 12 12 12 12 12 12 12  0 12 12 12  0 12 12 12 12 12  0 17 12 12 12 12 12 12 12 12 12 12 12 12 12 12 12 12 12 12 12 12 12 12  9  8  8  8  7  8 10  9 10 11  8  8  7  8  8  8  8  8  9  0  7 17 17 14 14 14  8  8  8 10  5 11  0  0  0  0 10  9 10 10  8 10  9 14  9  8 10 11  9  7  9  9  7  0  0  0  0 13  8  0  0  0  0  0  0  6  6  6  0  0  0  6  8 11  7  8  8  8  8  8  8 10 
12  0  0  0  0  0  0  0  0  0 12 12  0  0 12 12 12 12 12  0 12 12 12  0  0  0  0 12 12 12  8  8  8 12 12 12 12 12 12  0  0 12 12 12 12 12 12 12 12  0 12 12 12  0 12 12 12 12 12  0 17 12 12 12 12 12 12 12 12 12 12 12 12 12 12 12 12 12 12 12 12 12 12  9  8  8  8  7  8 10  9 10 11  8  8  7  8  8  8  8  8  9  0  7 17 17 14 14 14  8  8  8 10  5 11  0  0  0  0 10  9 10 10  8 10  9 14  9  8 10 11  9  7  9  9  7  0  0  0  0 13  8  0  0  0  0  0  0  6  6  6  0  0  0  6  8 11  7  8  8  8  8  8  8 10 
12  0  0  0  0  0  0  0  0  0 12 12  0  0 12 12 12 12 12  0 12 12 12  0  0  0  0 12 12 12  8  8  8 12 12 12 12 12 12  0  0 12 12 12 12 12 12 12 12  0 12 12 12  0 12 12 12 12 12  0 17 12 12 12 12 12 12 12 12 12 12 12 12 12 12 12 12 12 12 12 12 12 12  9  8  8  8  7  8 10  9 10 11  8  8  7  8  8  8  8  8  9  0  7 17 17 14 14 14  8  8  8 10  5 11  0  0  0  0 10  9 10 10  8 10  9 14  9  8 10 11  9  7  9  9  7  0  0  0  0 13  8  0  0  0  0  0  0  6  6  6  0  0  0  6  8 11  7  8  8  8  8  8  8 10 
12  0  0  0  0  0  0  0  0  0 12 12  0  0 12 12 12 12 12  0 12 12 12  0  0  0  0 12 12 12  8  8  8 12 12 12 12 12 12  0  0 12 12 12 12 12 12 12 12  0 12 12 12  0 12 12 12 12 12  0 17 12 12 12 12 12 12 12 12 12 12 12 12 12 12 12 12 12 12 12 12 12 12  9  8  8  8  7  8 10  9 10 11  8  8  7  8  8  8  8  8  9  0  7 17 17 14 14 14  8  8  8 10  5 11  0  0  0  0 10  9 10 10  8 10  9 14  9  8 10 11  9  7  9  9  7  0  0  0  0 13  8  0  0  0  0  0  0  6  6  6  0  0  0  6  8 11  7  8  8  8  8  8  8 10 
12  0  0  0  0  0  0  0  0  0 12 12  0  0 12 12 12 12 12  0 12 12 12  0  0  0  0 12 12 12  8  8  8 12 12 12 12 12 12  0  0 12 12 12 12 12 12 12 12  0 12 12 12  0 12 12 12 12 12  0 17 12 12 12 12 12 12 12 12 12 12 12 12 12 12 12 12 12 12 12 12 12 12  9  8  8  8  7  8 10  9 10 11  8  8  7  8  8  8  8  8  9  0  7 17 17 14 14 14  8  8  8 10  5 11  0  0  0  0 10  9 10 10  8 10  9 14  9  8 10 11  9  7  9  9  7  0  0  0  0 13  8  0  0  0  0  0  0  6  6  6  0  0  0  6  8 11  7  8  8  8  8  8  8 10 
12  6  6  6  6  6  6  6  6  6 12 12  6  6 12 12 12 12 12  6 12 12 12  6  6  6  6 12 12 12  6  6  6 12 12 12 12 12 12  6  6 12 12 12 12 12 12 12 12  6 12 12 12  6 12 12 12 12 12  6 13 12 12 12 12 12 12 12 12 12 12 12 12 12 12 12 12 12 12 12 12 12 12  7  3  5  3  1  7  8  7 11  9  3  3  7  6  6  6  8  5  6  6  9 13 13 12 11 11  6  6  6  8  7  8  6  6  6  6  8  8  8  9  5  7  6 11  8  7 12 11  8  6  6  6 10  6  6  6  6 15  9  6  6  6  6  6  6  0  0  0  6  6  6  4  6 12  9  6  6  6  7  7  7  8 
12  6  6  6  6  6  6  6  6  6 12 12  6  6 12 12 12 12 12  6 12 12 12  6  6  6  6 12 12 12  6  6  6 12 12 12 12 12 12  6  6 12 12 12 12 12 12 12 12  6 12 12 12  6 12 12 12 12 12  6 13 12 12 12 12 12 12 12 12 12 12 12 12 12 12 12 12 12 12 12 12 12 12  7  3  5  3  1  7  8  7 11  9  3  3  7  6  6  6  8  5  6  6  9 13 13 12 11 11  6  6  6  8  7  8  6  6  6  6  8  8  8  9  5  7  6 11  8  7 12 11  8  6  6  6 10  6  6  6  6 15  9  6  6  6  6  6  6  0  0  0  6  6  6  4  6 12  9  6  6  6  7  7  7  8 
12  6  6  6  6  6  6  6  6  6 12 12  6  6 12 12 12 12 12  6 12 12 12  6  6  6  6 12 12 12  6  6  6 12 12 12 12 12 12  6  6 12 12 12 12 12 12 12 12  6 12 12 12  6 12 12 12 12 12  6 13 12 12 12 12 12 12 12 12 12 12 12 12 12 12 12 12 12 12 12 12 12 12  7  3  5  3  1  7  8  7 11  9  3  3  7  6  6  6  8  5  6  6  9 13 13 12 11 11  6  6  6  8  7  8  6  6  6  6  8  8  8  9  5  7  6 11  8  7 12 11  8  6  6  6 10  6  6  6  6 15  9  6  6  6  6  6  6  0  0  0  6  6  6  4  6 12  9  6  6  6  7  7  7  8 
12  0  0  0  0  0  0  0  0  0 12 12  0  0 12 12 12 12 12  0 12 12 12  0  0  0  0 12 12 12  8  8  8 12 12 12 12 12 12  0  0 12 12 12 12 12 12 12 12  0 12 12 12  0 12 12 12 12 12  0 17 12 12 12 12 12 12 12 12 12 12 12 12 12 12 12 12 12 12 12 12 12 12  9  8  8  8  7  8 10  9 10 11  8  8  7  8  8  8  8  8  9  0  7 17 17 14 14 14  8  8  8 10  5 11  0  0  0  0 10  9 10 10  8 10  9 14  9  8 10 11  9  7  9  9  7  0  0  0  0 13  8  0  0  0  0  0  0  6  6  6  0  0  0  6  8 11  7  8  8  8  8  8  8 10 
12  0  0  0  0  0  0  0  0  0 12 12  0  0 12 12 12 12 12  0 12 12 12  0  0  0  0 12 12 12  8  8  8 12 12 12 12 12 12  0  0 12 12 12 12 12 12 12 12  0 12 12 12  0 12 12 12 12 12  0 17 12 12 12 12 12 12 12 12 12 12 12 12 12 12 12 12 12 12 12 12 12 12  9  8  8  8  7  8 10  9 10 11  8  8  7  8  8  8  8  8  9  0  7 17 17 14 14 14  8  8  8 10  5 11  0  0  0  0 10  9 10 10  8 10  9 14  9  8 10 11  9  7  9  9  7  0  0  0  0 13  8  0  0  0  0  0  0  6  6  6  0  0  0  6  8 11  7  8  8  8  8  8  8 10 
12  0  0  0  0  0  0  0  0  0 12 12  0  0 12 12 12 12 12  0 12 12 12  0  0  0  0 12 12 12  8  8  8 12 12 12 12 12 12  0  0 12 12 12 12 12 12 12 12  0 12 12 12  0 12 12 12 12 12  0 17 12 12 12 12 12 12 12 12 12 12 12 12 12 12 12 12 12 12 12 12 12 12  9  8  8  8  7  8 10  9 10 11  8  8  7  8  8  8  8  8  9  0  7 17 17 14 14 14  8  8  8 10  5 11  0  0  0  0 10  9 10 10  8 10  9 14  9  8 10 11  9  7  9  9  7  0  0  0  0 13  8  0  0  0  0  0  0  6  6  6  0  0  0  6  8 11  7  8  8  8  8  8  8 10 
10  6  6  6  6  6  6  6  6  6 10 10  6  6 10 10 10 10 10  6 10 10 10  6  6  6  6 10 10 10  4  4  4 10 10 10 10 10 10  6  6 10 10 10 10 10 10 10 10  6 10 10 10  6 10 10 10 10 10  6 14 10 10 10 10 10 10 10 10 10 10 10 10 10 10 10 10 10 10 10 10 10 10  5  3  5  3  5  7  7  6 11  8  3  3  7  4  4  4  6  5  5  6  9 14 14 14 14 14  4  4  4  6  7  8  6  6  6  6  7  8  7  9  5  7  5 14  9  7 12 11  9  5  7  6  9  6  6  6  6 14 10  6  6  6  6  6  6  4  4  4  6  6  6  0  4 11  9  4  4  4  7  7  8  7 
13  8  8  8  8  8  8  8  8  8 13 13  8  8 13 13 13 13 13  8 13 13 13  8  8  8  8 13 13 13  6  6  6 13 13 13 13 13 13  8  8 13 13 13 13 13 13 13 13  8 13 13 13  8 13 13 13 13 13  8 14 13 13 13 13 13 13 13 13 13 13 13 13 13 13 13 13 13 13 13 13 13 13  1  6  7  6  6 10 10  8 13 10  6  6  9  6  6  6  8  2  1  8 11 14 14 14 14 14  6  6  6  4  9  4  8  8  8  8  9 11  9 12  2  3  1 11 11 10 14 14 11  8  3  3  9  8  8  8  8 12 12  8  8  8  8  8  8  6  6  6  8  8  8  4  0 13 11  6  6  6 10 10 10  9 
 4 11 11 11 11 11 11 11 11 11  4  4 11 11  4  4  4  4  4 11  4  4  4 11 11 11 11  4  4  4 12 12 12  4  4  4  4  4  4 11 11  4  4  4  4  4  4  4  4 11  4  4  4 11  4  4  4  4  4 11 16  4  4  4  4  4  4  4  4  4  4  4  4  4  4  4  4  4  4  4  4  4  4 14 11 10 11 12  9  8  6  7  6 11 11  8 12 12 12  7 12 13 11  5 16 16 17 16 17 12 12 12 14 10 15 11 11 11 11  8 10  8  9 12 14 14 15  7  9  8  7  7 11 13 13 13 11 11 11 11 14  8 11 11 11 11 11 11 12 12 12 11 11 11 11 13  0  5 12 12 12  9  9  8  7 
 5  7  7  7  7  7  7  7  7  7  5  5  7  7  5  5  5  5  5  7  5  5  5  7  7  7  7  5  5  5 11 11 11  5  5  5  5  5  5  7  7  5  5  5  5  5  5  5  5  7  5  5  5  7  5  5  5  5  5  7 17  5  5  5  5  5  5  5  5  5  5  5  5  5  5  5  5  5  5  5  5  5  5 11  9  7  9 10  8  8  6  5  5  9  9  5 11 11 11  6 10 10  7  0 17 17 17 17 17 11 11 11 11  9 13  7  7  7  7  7  9  7  9 10 12 11 15  4  8 10  7  4 10 12 11 11  7  7  7  7 11  6  7  7  7  7  7  7  9  9  9  7  7  7  9 11  5  0 11 11 11  8  8  4  7 
12  8  8  8  8  8  8  8  8  8 12 12  8  8 12 12 12 12 12  8 12 12 12  8  8  8  8 12 12 12  0  0  0 12 12 12 12 12 12  8  8 12 12 12 12 12 12 12 12  8 12 12 12  8 12 12 12 12 12  8 12 12 12 12 12 12 12 12 12 12 12 12 12 12 12 12 12 12 12 12 12 12 12  6  5  4  5  6  7  8  9 12  9  5  5  8  0  0  0  8  6  5  8 11 12 12 15 15 14  0  0  0  6  6  8  8  8  8  8  7  8  7  9  6  8  7 13  9  7 12 11  9  4  7  7  6  8  8  8  8 13 11  8  8  8  8  8  8  6  6  6  8  8  8  4  6 12 11  0  0  0  7  7  9  7 
12  8  8  8  8  8  8  8  8  8 12 12  8  8 12 12 12 12 12  8 12 12 12  8  8  8  8 12 12 12  0  0  0 12 12 12 12 12 12  8  8 12 12 12 12 12 12 12 12  8 12 12 12  8 12 12 12 12 12  8 12 12 12 12 12 12 12 12 12 12 12 12 12 12 12 12 12 12 12 12 12 12 12  6  5  4  5  6  7  8  9 12  9  5  5  8  0  0  0  8  6  5  8 11 12 12 15 15 14  0  0  0  6  6  8  8  8  8  8  7  8  7  9  6  8  7 13  9  7 12 11  9  4  7  7  6  8  8  8  8 13 11  8  8  8  8  8  8  6  6  6  8  8  8  4  6 12 11  0  0  0  7  7  9  7 
12  8  8  8  8  8  8  8  8  8 12 12  8  8 12 12 12 12 12  8 12 12 12  8  8  8  8 12 12 12  0  0  0 12 12 12 12 12 12  8  8 12 12 12 12 12 12 12 12  8 12 12 12  8 12 12 12 12 12  8 12 12 12 12 12 12 12 12 12 12 12 12 12 12 12 12 12 12 12 12 12 12 12  6  5  4  5  6  7  8  9 12  9  5  5  8  0  0  0  8  6  5  8 11 12 12 15 15 14  0  0  0  6  6  8  8  8  8  8  7  8  7  9  6  8  7 13  9  7 12 11  9  4  7  7  6  8  8  8  8 13 11  8  8  8  8  8  8  6  6  6  8  8  8  4  6 12 11  0  0  0  7  7  9  7 
 9  8  8  8  8  8  8  8  8  8  9  9  8  8  9  9  9  9  9  8  9  9  9  8  8  8  8  9  9  9  7  7  7  9  9  9  9  9  9  8  8  9  9  9  9  9  9  9  9  8  9  9  9  8  9  9  9  9  9  8 13  9  9  9  9  9  9  9  9  9  9  9  9  9  9  9  9  9  9  9  9  9  9 11  4  5  4  8  0  4  6 12  3  4  4  6  7  7  7  6  9 10  8  8 13 13 14 13 13  7  7  7 12  9 12  8  8  8  8  3  1  3  2  9 11 11 11  6  0  5  4  6  8 10 10 11  8  8  8  8 17 12  8  8  8  8  8  8  7  7  7  8  8  8  7 10  9  8  7  7  7  0  0  6  3 
 9  8  8  8  8  8  8  8  8  8  9  9  8  8  9  9  9  9  9  8  9  9  9  8  8  8  8  9  9  9  7  7  7  9  9  9  9  9  9  8  8  9  9  9  9  9  9  9  9  8  9  9  9  8  9  9  9  9  9  8 13  9  9  9  9  9  9  9  9  9  9  9  9  9  9  9  9  9  9  9  9  9  9 11  4  5  4  8  0  4  6 12  3  4  4  6  7  7  7  6  9 10  8  8 13 13 14 13 13  7  7  7 12  9 12  8  8  8  8  3  1  3  2  9 11 11 11  6  0  5  4  6  8 10 10 11  8  8  8  8 17 12  8  8  8  8  8  8  7  7  7  8  8  8  7 10  9  8  7  7  7  0  0  6  3 
 7  8  8  8  8  8  8  8  8  8  7  7  8  8  7  7  7  7  7  8  7  7  7  8  8  8  8  7  7  7  9  9  9  7  7  7  7  7  7  8  8  7  7  7  7  7  7  7  7  8  7  7  7  8  7  7  7  7  7  8 16  7  7  7  7  7  7  7  7  7  7  7  7  7  7  7  7  7  7  7  7  7  7 10  5  7  5  6  6  5  4  7  3  5  5  1  9  9  9  3  9  9  8  4 16 16 16 15 15  9  9  9 10  5 12  8  8  8  8  5  7  5  7  9 11 10 13  1  6  6  6  1  7 11 10  8  8  8  8  8 13  8  8  8  8  8  8  8  7  7  7  8  8  8  8 10  8  4  9  9  9  6  6  0  5 
 7 10 10 10 10 10 10 10 10 10  7  7 10 10  7  7  7  7  7 10  7  7  7 10 10 10 10  7  7  7  7  7  7  7  7  7  7  7  7 10 10  7  7  7  7  7  7  7  7 10  7  7  7 10  7  7  7  7  7 10 11  7  7  7  7  7  7  7  7  7  7  7  7  7  7  7  7  7  7  7  7  7  7  9  7  5  7  8  3  2  5 11  2  7  7  5  7  7  7  4  8  8 10  7 11 11 11 10 10  7  7  7 11  8 11 10 10 10 10  1  4  1  5  8 10 10  8  6  3  8  6  6  8 10  9 11 10 10 10 10 15 11 10 10 10 10 10 10  8  8  8 10 10 10  7  9  7  7  7  7  7  3  3  5  0 
