Instance Date: 20090414

VehicleNumber---RequestNumber---MaxTravelTime---DisinfectionTime
    4              73               90             30

VehicleCapacity---VehicleLunchReadyTime---VehicleLunchDueTime---VehicleLunchDuration
    6                    750                    810                     60

LocationID---StaffDemand---SeatDemand---ReadyTime---DueTime---ServiceTime
    0            0              0          450        1230         0
    1            2            1.5          480         510        10
    2            2            2.5          490         550         3
    3            2            1.5          480         510         8
    4            2            1.5          550         610        10
    5            2            2.5          490         550        10
    6            2            2.5          480         540        10
    7            2            2.5          480         540        10
    8            2            1.5          510         600         8
    9            2            1.5          525         615         8
   10            2            1.5          480         500        10
   11            2            1.5          615         705         8
   12            2            1.5          490         550         3
   13            2            1.5          550         610         9
   14            2            2.5          785         845         3
   15            2            1.5          599         659         8
   16            2            2.5          765         825        10
   17            2              1          750        1200         8
   18            3            1.5          625         685         8
   19            3            1.5          626         686         8
   20            2              1          698         818         8
   21            2              1          480        1200         8
   22            2              1          480         750         8
   23            2            1.5          677         797         8
   24            2            2.5          775         835        10
   25            2              1          750        1200         8
   26            2              1          480        1200         8
   27            2            1.5          682         802         8
   28            2            2.5          681         741         8
   29            2            1.5          765         855         8
   30            2              3          686         806         8
   31            2              1          480        1200         8
   32            3              1          480         750         8
   33            2            1.5          835         895        10
   34            2            2.5          681         741         8
   35            2              1          899        1019         8
   36            2              1          480         750         8
   37            2              3          750        1200         8
   38            2              3          750        1200         8
   39            2              1          750        1200         8
   40            2              3          750        1200         8
   41            2              1          824         944         8
   42            2              3          859         979         8
   43            2              1          480        1200         8
   44            2              3          480        1200         8
   45            2              3          750        1200         8
   46            3              3          480        1200         8
   47            2            2.5          889         949         8
   48            2              3          480        1200         8
   49            2              3          823         943         8
   50            2            1.5          871         931         8
   51            3            2.5          899         959         8
   52            3              1          960        1080         8
   53            2              1          960        1080         8
   54            2              1          960        1080         8
   55            2            2.5          909        1029         8
   56            2              1          480        1200         8
   57            2              3          750        1200         8
   58            2              3          750        1200         8
   59            2              1          750        1200         8
   60            2              1          895        1045         8
   61            2              3          900        1050         8
   62            2              1          480        1200         8
   63            2              1          480        1200         8
   64            2            2.5          916         976         8
   65            2              3          750        1200         8
   66            2              1          480        1200         8
   67            2            1.5          917        1037         8
   68            2              3          990        1140         8
   69            2            2.5          866         926         8
   70            2              1          730         880         8
   71            2              1         1032        1182         8
   72            2              1         1020        1170         8
   73            2              3          480        1200         8
   74            2           -1.5          480         540         3
   75            2           -2.5          510         570         3
   76            2           -1.5          495         585         3
   77            2           -1.5          570         630         3
   78            2           -2.5          510         570         3
   79            2           -2.5          480         600         3
   80            2           -2.5          510         570         3
   81            2           -1.5          540         630         3
   82            2           -1.5          555         645         3
   83            2           -1.5          480         540         3
   84            2           -1.5          645         735         3
   85            2           -1.5          510         570         3
   86            2           -1.5          570         630         3
   87            2           -2.5          795         855         3
   88            2           -1.5          599         689        10
   89            2           -2.5          795         855         3
   90            2             -1          750        1200        10
   91            3           -1.5          625         705         9
   92            3           -1.5          626         706         9
   93            2             -1          698         838        10
   94            2             -1          480        1200         3
   95            2             -1          480         750         3
   96            2           -1.5          677         817         3
   97            2           -2.5          795         855         3
   98            2             -1          750        1200        10
   99            2             -1          480        1200        10
  100            2           -1.5          682         822         3
  101            2           -2.5          681         771        10
  102            2           -1.5          795         885         3
  103            2             -3          686         826         3
  104            2             -1          480        1200        10
  105            3             -1          480         750         9
  106            2           -1.5          855         915         3
  107            2           -2.5          681         771        10
  108            2             -1          899        1039        10
  109            2             -1          480         750        10
  110            2             -3          750        1200         3
  111            2             -3          750        1200        10
  112            2             -1          750        1200        10
  113            2             -3          750        1200         3
  114            2             -1          824         974        10
  115            2             -3          859        1009        10
  116            2             -1          480        1200         3
  117            2             -3          480        1200         3
  118            2             -3          750        1200         3
  119            3             -3          480        1200        10
  120            2           -2.5          889         969        10
  121            2             -3          480        1200        10
  122            2             -3          823         963        10
  123            2           -1.5          871         951        10
  124            3           -2.5          899         979         3
  125            3             -1          960        1100         3
  126            2             -1          960        1100        10
  127            2             -1          960        1100        10
  128            2           -2.5          909        1049        10
  129            2             -1          480        1200        10
  130            2             -3          750        1200        10
  131            2             -3          750        1200        10
  132            2             -1          750        1200         3
  133            2             -1          895        1075         3
  134            2             -3          900        1080         3
  135            2             -1          480        1200         3
  136            2             -1          480        1200        10
  137            2           -2.5          916         996        10
  138            2             -3          750        1200         3
  139            2             -1          480        1200         3
  140            2           -1.5          917        1057         3
  141            2             -3          990        1170         3
  142            2           -2.5          866         976        10
  143            2             -1          730         910         3
  144            2             -1         1032        1200         3
  145            2             -1         1020        1200         3
  146            2             -3          480        1200         3

Travel Time Between Locations
 0  9 12 11  5  8 40 13 11 11 12 11 11 11  6 11 13 11 11 11  0  0  0  0  7 11 11  0  0 11 14 11  0  9  0  0  0  0 11 11  0  0  0  0  0  0  0  0  0  0 11  0 12 12 12 14  0  0  0  0  0  0  0  0  0  0  0  0  0  0  0  0  0  0 11  0  0 11  0  0  0 14 16 11  0 11 11  0 14  0  8 11  8  9 11 11 11  0 39 10 11 18 14 11 13  6 11 15 10  7 12  5  7 11 13 14 11 11 11  6 11  5  9  9  6 11  6  7 13  7  6  5 20 11 11 12  7  8 11 11 11 11 40 11 11 11 11 
 9  0 15 12  8  6 43 17 12 12  7 12  8  9  7 12 11 12 12 12  9  9  9  9 11 12 12  9  9 12 12 12  9  9  9  9  9  9 12 12  9  9  9  9  9  9  9  9  9  9 12  9  8  8  8 12  9  9  9  9  9  9  9  9  9  9  9  9  9  9  9  9  9  9 12  9  9 12  9  9  9 12 13 12  9 12 12  9 12  9 10  9 11  9 12 12 12  9 35  9 12 15 12 12 11  8 12 12 10  9  8  8  6 12 11 11 12 12 12  8 10  8  9  9  7  7  8  6 10  5  8  9 18 12 12  8  5 11 12 12 12 12 43 12 12 12 12 
12 15  0 11 11 15 37  3 11 11 13 11 11 12 13 11 11 11 11 11 12 12 12 12 12 11 11 12 12 11 19 11 12 11 12 12 12 12 11 11 12 12 12 12 12 12 12 12 12 12 11 12 14 14 14 19 12 12 12 12 12 12 12 12 12 12 12 12 12 12 12 12 12 12 11 12 12 11 12 12 12 19 21 11 12 11 11 12 15 12  9 12  4 10 11 11 11 12 38 11 11 20 19 11 11 12 11 13 10 10 14 11 10 11 13 12 11 11 11 12 13 11 11 11 13 12 12 14 19 14 12 13 26 11 11 14 14  4 11 11 11 11 37 11 11 11 11 
11 12 11  0  6 10 43 13  0  0  8  0  7  6  6  0  9  0  0  0 11 11 11 11  9  0  0 11 11  0 14  0 11  7 11 11 11 11  0  0 11 11 11 11 11 11 11 11 11 11  0 11  8  8  8 14 11 11 11 11 11 11 11 11 11 11 11 11 11 11 11 11 11 11  0 11 11  0 11 11 11 14 16  0 11  0  0 11 10 11  6  6  7  5  0  0  0 11 34  4  0 18 14  0  9 10  0 12  6  7  8  6  8  0 11 11  0  0  0 10  9  6  7  7  6  8 10 10 13  8 10 11 19  0  0  8  8  7  0  0  0  0 43  0  0  0  0 
 5  8 11  6  0  7 41 11  6  6  9  6  7  7  4  6 11  6  6  6  5  5  5  5  4  6  6  5  5  6 15  6  5  6  5  5  5  5  6  6  5  5  5  5  5  5  5  5  5  5  6  5  9  9  9 15  5  5  5  5  5  5  5  5  5  5  5  5  5  5  5  5  5  5  6  5  5  6  5  5  5 15 16  6  5  6  6  5 12  5  6  7  8  6  6  6  6  5 35  5  6 18 15  6 11  4  6 12  7  7  9  0  2  6 10 11  6  6  6  5  9  0  6  6  4  8  4  6 13  6  4  7 20  6  6  9  6  8  6  6  6  6 41  6  6  6  6 
 8  6 15 10  7  0 43 14 10 10 11 10 11  9  6 10 14 10 10 10  8  8  8  8  7 10 10  8  8 10 13 10  8  9  8  8  8  8 10 10  8  8  8  8  8  8  8  8  8  8 10  8 11 11 11 13  8  8  8  8  8  8  8  8  8  8  8  8  8  8  8  8  8  8 10  8  8 10  8  8  8 13 14 10  8 10 10  8 14  8 10  9 11  9 10 10 10  8 38  8 10 16 13 10 14  4 10 13 11  5 11  7  5 10 12 12 10 10 10  5 13  7  9  9  6 11  4  6 11  5  4  7 20 10 10 11  5 11 10 10 10 10 43 10 10 10 10 
40 43 37 43 41 43  0 37 43 43 38 43 42 41 40 43 37 43 43 43 40 40 40 40 40 43 43 40 40 43 46 43 40 41 40 40 40 40 43 43 40 40 40 40 40 40 40 40 40 40 43 40 39 39 39 46 40 40 40 40 40 40 40 40 40 40 40 40 40 40 40 40 40 40 43 40 40 43 40 40 40 46 48 43 40 43 43 40 40 40 40 41 40 40 43 43 43 40 24 40 43 49 46 43 37 41 43 40 42 42 39 41 41 43 39 39 43 43 43 41 40 41 41 41 40 41 41 42 44 42 41 40 52 43 43 39 42 40 43 43 43 43  0 43 43 43 43 
13 17  3 13 11 14 37  0 13 13 11 13 12 12 14 13  9 13 13 13 13 13 13 13 11 13 13 13 13 13 18 13 13 10 13 13 13 13 13 13 13 13 13 13 13 13 13 13 13 13 13 13 12 12 12 18 13 13 13 13 13 13 13 13 13 13 13 13 13 13 13 13 13 13 13 13 13 13 13 13 13 18 20 13 13 13 13 13 13 13  9 12  6  9 13 13 13 13 36 10 13 21 18 13  9 12 13 12  9 12 12 11 13 13 11 11 13 13 13 11 12 11 10 10 14 14 12 14 17 13 12 15 24 13 13 12 13  6 13 13 13 13 37 13 13 13 13 
11 12 11  0  6 10 43 13  0  0  8  0  7  6  6  0  9  0  0  0 11 11 11 11  9  0  0 11 11  0 14  0 11  7 11 11 11 11  0  0 11 11 11 11 11 11 11 11 11 11  0 11  8  8  8 14 11 11 11 11 11 11 11 11 11 11 11 11 11 11 11 11 11 11  0 11 11  0 11 11 11 14 16  0 11  0  0 11 10 11  6  6  7  5  0  0  0 11 34  4  0 18 14  0  9 10  0 12  6  7  8  6  8  0 11 11  0  0  0 10  9  6  7  7  6  8 10 10 13  8 10 11 19  0  0  8  8  7  0  0  0  0 43  0  0  0  0 
11 12 11  0  6 10 43 13  0  0  8  0  7  6  6  0  9  0  0  0 11 11 11 11  9  0  0 11 11  0 14  0 11  7 11 11 11 11  0  0 11 11 11 11 11 11 11 11 11 11  0 11  8  8  8 14 11 11 11 11 11 11 11 11 11 11 11 11 11 11 11 11 11 11  0 11 11  0 11 11 11 14 16  0 11  0  0 11 10 11  6  6  7  5  0  0  0 11 34  4  0 18 14  0  9 10  0 12  6  7  8  6  8  0 11 11  0  0  0 10  9  6  7  7  6  8 10 10 13  8 10 11 19  0  0  8  8  7  0  0  0  0 43  0  0  0  0 
12  7 13  8  9 11 38 11  8  8  0  8  6  4  8  8  5  8  8  8 12 12 12 12 10  8  8 12 12  8 12  8 12  3 12 12 12 12  8  8 12 12 12 12 12 12 12 12 12 12  8 12  1  1  1 12 12 12 12 12 12 12 12 12 12 12 12 12 12 12 12 12 12 12  8 12 12  8 12 12 12 12 11  8 12  8  8 12  6 12  6  4 10  6  8  8  8 12 32  4  8 13 12  8  5 10  8  5  4  7  1  9  9  8  4  5  8  8  8 10  3  9  3  3  8  5 10  9  9  7 10 11 18  8  8  1  7 10  8  8  8  8 38  8  8  8  8 
11 12 11  0  6 10 43 13  0  0  8  0  7  6  6  0  9  0  0  0 11 11 11 11  9  0  0 11 11  0 14  0 11  7 11 11 11 11  0  0 11 11 11 11 11 11 11 11 11 11  0 11  8  8  8 14 11 11 11 11 11 11 11 11 11 11 11 11 11 11 11 11 11 11  0 11 11  0 11 11 11 14 16  0 11  0  0 11 10 11  6  6  7  5  0  0  0 11 34  4  0 18 14  0  9 10  0 12  6  7  8  6  8  0 11 11  0  0  0 10  9  6  7  7  6  8 10 10 13  8 10 11 19  0  0  8  8  7  0  0  0  0 43  0  0  0  0 
11  8 11  7  7 11 42 12  7  7  6  7  0  5  7  7  9  7  7  7 11 11 11 11  9  7  7 11 11  7 14  7 11  4 11 11 11 11  7  7 11 11 11 11 11 11 11 11 11 11  7 11  7  7  7 14 11 11 11 11 11 11 11 11 11 11 11 11 11 11 11 11 11 11  7 11 11  7 11 11 11 14 14  7 11  7  7 11 10 11  3  5  9  4  7  7  7 11 34  5  7 15 14  7  9  7  7  9  4  8  7  7  6  7  7  8  7  7  7  8  7  7  4  4  7  5  7  9 11  8  7  9 18  7  7  7  8  9  7  7  7  7 42  7  7  7  7 
11  9 12  6  7  9 41 12  6  6  4  6  5  0  7  6  6  6  6  6 11 11 11 11 10  6  6 11 11  6 13  6 11  2 11 11 11 11  6  6 11 11 11 11 11 11 11 11 11 11  6 11  3  3  3 13 11 11 11 11 11 11 11 11 11 11 11 11 11 11 11 11 11 11  6 11 11  6 11 11 11 13 15  6 11  6  6 11  8 11  5  0  9  5  6  6  6 11 34  5  6 17 13  6  6  9  6  8  3  8  3  7  9  6  6  7  6  6  6  9  7  7  2  2  7  7  9  9 12  5  9 12 19  6  6  3  5  9  6  6  6  6 41  6  6  6  6 
 6  7 13  6  4  6 40 14  6  6  8  6  7  7  0  6  9  6  6  6  6  6  6  6  7  6  6  6  6  6 12  6  6  6  6  6  6  6  6  6  6  6  6  6  6  6  6  6  6  6  6  6  8  8  8 12  6  6  6  6  6  6  6  6  6  6  6  6  6  6  6  6  6  6  6  6  6  6  6  6  6 12 13  6  6  6  6  6  9  6  8  7  9  7  6  6  6  6 35  5  6 15 12  6  9  4  6  9  6  7  8  4  4  6  7  8  6  6  6  5 10  4  6  6  0  7  4  5 10  4  4  7 18  6  6  8  4  9  6  6  6  6 40  6  6  6  6 
11 12 11  0  6 10 43 13  0  0  8  0  7  6  6  0  9  0  0  0 11 11 11 11  9  0  0 11 11  0 14  0 11  7 11 11 11 11  0  0 11 11 11 11 11 11 11 11 11 11  0 11  8  8  8 14 11 11 11 11 11 11 11 11 11 11 11 11 11 11 11 11 11 11  0 11 11  0 11 11 11 14 16  0 11  0  0 11 10 11  6  6  7  5  0  0  0 11 34  4  0 18 14  0  9 10  0 12  6  7  8  6  8  0 11 11  0  0  0 10  9  6  7  7  6  8 10 10 13  8 10 11 19  0  0  8  8  7  0  0  0  0 43  0  0  0  0 
13 11 11  9 11 14 37  9  9  9  5  9  9  6  9  9  0  9  9  9 13 13 13 13 12  9  9 13 13  9 11  9 13  6 13 13 13 13  9  9 13 13 13 13 13 13 13 13 13 13  9 13  6  6  6 11 13 13 13 13 13 13 13 13 13 13 13 13 13 13 13 13 13 13  9 13 13  9 13 13 13 11 11  9 13  9  9 13  5 13  8  6 11  8  9  9  9 13 30  8  9 12 11  9  0 12  9  4  7 10  6 11 11  9  2  2  9  9  9 13  4 11  6  6  9  8 12 12  8 10 12 13 19  9  9  6 10 11  9  9  9  9 37  9  9  9  9 
11 12 11  0  6 10 43 13  0  0  8  0  7  6  6  0  9  0  0  0 11 11 11 11  9  0  0 11 11  0 14  0 11  7 11 11 11 11  0  0 11 11 11 11 11 11 11 11 11 11  0 11  8  8  8 14 11 11 11 11 11 11 11 11 11 11 11 11 11 11 11 11 11 11  0 11 11  0 11 11 11 14 16  0 11  0  0 11 10 11  6  6  7  5  0  0  0 11 34  4  0 18 14  0  9 10  0 12  6  7  8  6  8  0 11 11  0  0  0 10  9  6  7  7  6  8 10 10 13  8 10 11 19  0  0  8  8  7  0  0  0  0 43  0  0  0  0 
11 12 11  0  6 10 43 13  0  0  8  0  7  6  6  0  9  0  0  0 11 11 11 11  9  0  0 11 11  0 14  0 11  7 11 11 11 11  0  0 11 11 11 11 11 11 11 11 11 11  0 11  8  8  8 14 11 11 11 11 11 11 11 11 11 11 11 11 11 11 11 11 11 11  0 11 11  0 11 11 11 14 16  0 11  0  0 11 10 11  6  6  7  5  0  0  0 11 34  4  0 18 14  0  9 10  0 12  6  7  8  6  8  0 11 11  0  0  0 10  9  6  7  7  6  8 10 10 13  8 10 11 19  0  0  8  8  7  0  0  0  0 43  0  0  0  0 
11 12 11  0  6 10 43 13  0  0  8  0  7  6  6  0  9  0  0  0 11 11 11 11  9  0  0 11 11  0 14  0 11  7 11 11 11 11  0  0 11 11 11 11 11 11 11 11 11 11  0 11  8  8  8 14 11 11 11 11 11 11 11 11 11 11 11 11 11 11 11 11 11 11  0 11 11  0 11 11 11 14 16  0 11  0  0 11 10 11  6  6  7  5  0  0  0 11 34  4  0 18 14  0  9 10  0 12  6  7  8  6  8  0 11 11  0  0  0 10  9  6  7  7  6  8 10 10 13  8 10 11 19  0  0  8  8  7  0  0  0  0 43  0  0  0  0 
 0  9 12 11  5  8 40 13 11 11 12 11 11 11  6 11 13 11 11 11  0  0  0  0  7 11 11  0  0 11 14 11  0  9  0  0  0  0 11 11  0  0  0  0  0  0  0  0  0  0 11  0 12 12 12 14  0  0  0  0  0  0  0  0  0  0  0  0  0  0  0  0  0  0 11  0  0 11  0  0  0 14 16 11  0 11 11  0 14  0  8 11  8  9 11 11 11  0 39 10 11 18 14 11 13  6 11 15 10  7 12  5  7 11 13 14 11 11 11  6 11  5  9  9  6 11  6  7 13  7  6  5 20 11 11 12  7  8 11 11 11 11 40 11 11 11 11 
 0  9 12 11  5  8 40 13 11 11 12 11 11 11  6 11 13 11 11 11  0  0  0  0  7 11 11  0  0 11 14 11  0  9  0  0  0  0 11 11  0  0  0  0  0  0  0  0  0  0 11  0 12 12 12 14  0  0  0  0  0  0  0  0  0  0  0  0  0  0  0  0  0  0 11  0  0 11  0  0  0 14 16 11  0 11 11  0 14  0  8 11  8  9 11 11 11  0 39 10 11 18 14 11 13  6 11 15 10  7 12  5  7 11 13 14 11 11 11  6 11  5  9  9  6 11  6  7 13  7  6  5 20 11 11 12  7  8 11 11 11 11 40 11 11 11 11 
 0  9 12 11  5  8 40 13 11 11 12 11 11 11  6 11 13 11 11 11  0  0  0  0  7 11 11  0  0 11 14 11  0  9  0  0  0  0 11 11  0  0  0  0  0  0  0  0  0  0 11  0 12 12 12 14  0  0  0  0  0  0  0  0  0  0  0  0  0  0  0  0  0  0 11  0  0 11  0  0  0 14 16 11  0 11 11  0 14  0  8 11  8  9 11 11 11  0 39 10 11 18 14 11 13  6 11 15 10  7 12  5  7 11 13 14 11 11 11  6 11  5  9  9  6 11  6  7 13  7  6  5 20 11 11 12  7  8 11 11 11 11 40 11 11 11 11 
 0  9 12 11  5  8 40 13 11 11 12 11 11 11  6 11 13 11 11 11  0  0  0  0  7 11 11  0  0 11 14 11  0  9  0  0  0  0 11 11  0  0  0  0  0  0  0  0  0  0 11  0 12 12 12 14  0  0  0  0  0  0  0  0  0  0  0  0  0  0  0  0  0  0 11  0  0 11  0  0  0 14 16 11  0 11 11  0 14  0  8 11  8  9 11 11 11  0 39 10 11 18 14 11 13  6 11 15 10  7 12  5  7 11 13 14 11 11 11  6 11  5  9  9  6 11  6  7 13  7  6  5 20 11 11 12  7  8 11 11 11 11 40 11 11 11 11 
 7 11 12  9  4  7 40 11  9  9 10  9  9 10  7  9 12  9  9  9  7  7  7  7  0  9  9  7  7  9 16  9  7  9  7  7  7  7  9  9  7  7  7  7  7  7  7  7  7  7  9  7 11 11 11 16  7  7  7  7  7  7  7  7  7  7  7  7  7  7  7  7  7  7  9  7  7  9  7  7  7 16 17  9  7  9  9  7 14  7  7 10  9  7  9  9  9  7 36  7  9 19 16  9 12  7  9 14  9  7 11  4  6  9 13 14  9  9  9  6 10  4  9  9  7  9  7  7 14  7  7  9 22  9  9 11  7  9  9  9  9  9 40  9  9  9  9 
11 12 11  0  6 10 43 13  0  0  8  0  7  6  6  0  9  0  0  0 11 11 11 11  9  0  0 11 11  0 14  0 11  7 11 11 11 11  0  0 11 11 11 11 11 11 11 11 11 11  0 11  8  8  8 14 11 11 11 11 11 11 11 11 11 11 11 11 11 11 11 11 11 11  0 11 11  0 11 11 11 14 16  0 11  0  0 11 10 11  6  6  7  5  0  0  0 11 34  4  0 18 14  0  9 10  0 12  6  7  8  6  8  0 11 11  0  0  0 10  9  6  7  7  6  8 10 10 13  8 10 11 19  0  0  8  8  7  0  0  0  0 43  0  0  0  0 
11 12 11  0  6 10 43 13  0  0  8  0  7  6  6  0  9  0  0  0 11 11 11 11  9  0  0 11 11  0 14  0 11  7 11 11 11 11  0  0 11 11 11 11 11 11 11 11 11 11  0 11  8  8  8 14 11 11 11 11 11 11 11 11 11 11 11 11 11 11 11 11 11 11  0 11 11  0 11 11 11 14 16  0 11  0  0 11 10 11  6  6  7  5  0  0  0 11 34  4  0 18 14  0  9 10  0 12  6  7  8  6  8  0 11 11  0  0  0 10  9  6  7  7  6  8 10 10 13  8 10 11 19  0  0  8  8  7  0  0  0  0 43  0  0  0  0 
 0  9 12 11  5  8 40 13 11 11 12 11 11 11  6 11 13 11 11 11  0  0  0  0  7 11 11  0  0 11 14 11  0  9  0  0  0  0 11 11  0  0  0  0  0  0  0  0  0  0 11  0 12 12 12 14  0  0  0  0  0  0  0  0  0  0  0  0  0  0  0  0  0  0 11  0  0 11  0  0  0 14 16 11  0 11 11  0 14  0  8 11  8  9 11 11 11  0 39 10 11 18 14 11 13  6 11 15 10  7 12  5  7 11 13 14 11 11 11  6 11  5  9  9  6 11  6  7 13  7  6  5 20 11 11 12  7  8 11 11 11 11 40 11 11 11 11 
 0  9 12 11  5  8 40 13 11 11 12 11 11 11  6 11 13 11 11 11  0  0  0  0  7 11 11  0  0 11 14 11  0  9  0  0  0  0 11 11  0  0  0  0  0  0  0  0  0  0 11  0 12 12 12 14  0  0  0  0  0  0  0  0  0  0  0  0  0  0  0  0  0  0 11  0  0 11  0  0  0 14 16 11  0 11 11  0 14  0  8 11  8  9 11 11 11  0 39 10 11 18 14 11 13  6 11 15 10  7 12  5  7 11 13 14 11 11 11  6 11  5  9  9  6 11  6  7 13  7  6  5 20 11 11 12  7  8 11 11 11 11 40 11 11 11 11 
11 12 11  0  6 10 43 13  0  0  8  0  7  6  6  0  9  0  0  0 11 11 11 11  9  0  0 11 11  0 14  0 11  7 11 11 11 11  0  0 11 11 11 11 11 11 11 11 11 11  0 11  8  8  8 14 11 11 11 11 11 11 11 11 11 11 11 11 11 11 11 11 11 11  0 11 11  0 11 11 11 14 16  0 11  0  0 11 10 11  6  6  7  5  0  0  0 11 34  4  0 18 14  0  9 10  0 12  6  7  8  6  8  0 11 11  0  0  0 10  9  6  7  7  6  8 10 10 13  8 10 11 19  0  0  8  8  7  0  0  0  0 43  0  0  0  0 
14 12 19 14 15 13 46 18 14 14 12 14 14 13 12 14 11 14 14 14 14 14 14 14 16 14 14 14 14 14  0 14 14 11 14 14 14 14 14 14 14 14 14 14 14 14 14 14 14 14 14 14 13 13 13  0 14 14 14 14 14 14 14 14 14 14 14 14 14 14 14 14 14 14 14 14 14 14 14 14 14  0  6 14 14 14 14 14 11 14 15 13 17 15 14 14 14 14 35 13 14  9  0 14 11 12 14 11 14 14 13 15 14 14 11 12 14 14 14 12 13 15 11 11 12 12 12 13  5  9 12 15 11 14 14 13  9 17 14 14 14 14 46 14 14 14 14 
11 12 11  0  6 10 43 13  0  0  8  0  7  6  6  0  9  0  0  0 11 11 11 11  9  0  0 11 11  0 14  0 11  7 11 11 11 11  0  0 11 11 11 11 11 11 11 11 11 11  0 11  8  8  8 14 11 11 11 11 11 11 11 11 11 11 11 11 11 11 11 11 11 11  0 11 11  0 11 11 11 14 16  0 11  0  0 11 10 11  6  6  7  5  0  0  0 11 34  4  0 18 14  0  9 10  0 12  6  7  8  6  8  0 11 11  0  0  0 10  9  6  7  7  6  8 10 10 13  8 10 11 19  0  0  8  8  7  0  0  0  0 43  0  0  0  0 
 0  9 12 11  5  8 40 13 11 11 12 11 11 11  6 11 13 11 11 11  0  0  0  0  7 11 11  0  0 11 14 11  0  9  0  0  0  0 11 11  0  0  0  0  0  0  0  0  0  0 11  0 12 12 12 14  0  0  0  0  0  0  0  0  0  0  0  0  0  0  0  0  0  0 11  0  0 11  0  0  0 14 16 11  0 11 11  0 14  0  8 11  8  9 11 11 11  0 39 10 11 18 14 11 13  6 11 15 10  7 12  5  7 11 13 14 11 11 11  6 11  5  9  9  6 11  6  7 13  7  6  5 20 11 11 12  7  8 11 11 11 11 40 11 11 11 11 
 9  9 11  7  6  9 41 10  7  7  3  7  4  2  6  7  6  7  7  7  9  9  9  9  9  7  7  9  9  7 11  7  9  0  9  9  9  9  7  7  9  9  9  9  9  9  9  9  9  9  7  9  4  4  4 11  9  9  9  9  9  9  9  9  9  9  9  9  9  9  9  9  9  9  7  9  9  7  9  9  9 11 14  7  9  7  7  9  7  9  5  2  7  5  7  7  7  9 34  3  7 16 11  7  6  9  7  6  4  6  4  6  7  7  4  5  7  7  7  8  6  6  0  0  6  6  9  9 11  4  9 11 17  7  7  4  4  7  7  7  7  7 41  7  7  7  7 
 0  9 12 11  5  8 40 13 11 11 12 11 11 11  6 11 13 11 11 11  0  0  0  0  7 11 11  0  0 11 14 11  0  9  0  0  0  0 11 11  0  0  0  0  0  0  0  0  0  0 11  0 12 12 12 14  0  0  0  0  0  0  0  0  0  0  0  0  0  0  0  0  0  0 11  0  0 11  0  0  0 14 16 11  0 11 11  0 14  0  8 11  8  9 11 11 11  0 39 10 11 18 14 11 13  6 11 15 10  7 12  5  7 11 13 14 11 11 11  6 11  5  9  9  6 11  6  7 13  7  6  5 20 11 11 12  7  8 11 11 11 11 40 11 11 11 11 
 0  9 12 11  5  8 40 13 11 11 12 11 11 11  6 11 13 11 11 11  0  0  0  0  7 11 11  0  0 11 14 11  0  9  0  0  0  0 11 11  0  0  0  0  0  0  0  0  0  0 11  0 12 12 12 14  0  0  0  0  0  0  0  0  0  0  0  0  0  0  0  0  0  0 11  0  0 11  0  0  0 14 16 11  0 11 11  0 14  0  8 11  8  9 11 11 11  0 39 10 11 18 14 11 13  6 11 15 10  7 12  5  7 11 13 14 11 11 11  6 11  5  9  9  6 11  6  7 13  7  6  5 20 11 11 12  7  8 11 11 11 11 40 11 11 11 11 
 0  9 12 11  5  8 40 13 11 11 12 11 11 11  6 11 13 11 11 11  0  0  0  0  7 11 11  0  0 11 14 11  0  9  0  0  0  0 11 11  0  0  0  0  0  0  0  0  0  0 11  0 12 12 12 14  0  0  0  0  0  0  0  0  0  0  0  0  0  0  0  0  0  0 11  0  0 11  0  0  0 14 16 11  0 11 11  0 14  0  8 11  8  9 11 11 11  0 39 10 11 18 14 11 13  6 11 15 10  7 12  5  7 11 13 14 11 11 11  6 11  5  9  9  6 11  6  7 13  7  6  5 20 11 11 12  7  8 11 11 11 11 40 11 11 11 11 
 0  9 12 11  5  8 40 13 11 11 12 11 11 11  6 11 13 11 11 11  0  0  0  0  7 11 11  0  0 11 14 11  0  9  0  0  0  0 11 11  0  0  0  0  0  0  0  0  0  0 11  0 12 12 12 14  0  0  0  0  0  0  0  0  0  0  0  0  0  0  0  0  0  0 11  0  0 11  0  0  0 14 16 11  0 11 11  0 14  0  8 11  8  9 11 11 11  0 39 10 11 18 14 11 13  6 11 15 10  7 12  5  7 11 13 14 11 11 11  6 11  5  9  9  6 11  6  7 13  7  6  5 20 11 11 12  7  8 11 11 11 11 40 11 11 11 11 
11 12 11  0  6 10 43 13  0  0  8  0  7  6  6  0  9  0  0  0 11 11 11 11  9  0  0 11 11  0 14  0 11  7 11 11 11 11  0  0 11 11 11 11 11 11 11 11 11 11  0 11  8  8  8 14 11 11 11 11 11 11 11 11 11 11 11 11 11 11 11 11 11 11  0 11 11  0 11 11 11 14 16  0 11  0  0 11 10 11  6  6  7  5  0  0  0 11 34  4  0 18 14  0  9 10  0 12  6  7  8  6  8  0 11 11  0  0  0 10  9  6  7  7  6  8 10 10 13  8 10 11 19  0  0  8  8  7  0  0  0  0 43  0  0  0  0 
11 12 11  0  6 10 43 13  0  0  8  0  7  6  6  0  9  0  0  0 11 11 11 11  9  0  0 11 11  0 14  0 11  7 11 11 11 11  0  0 11 11 11 11 11 11 11 11 11 11  0 11  8  8  8 14 11 11 11 11 11 11 11 11 11 11 11 11 11 11 11 11 11 11  0 11 11  0 11 11 11 14 16  0 11  0  0 11 10 11  6  6  7  5  0  0  0 11 34  4  0 18 14  0  9 10  0 12  6  7  8  6  8  0 11 11  0  0  0 10  9  6  7  7  6  8 10 10 13  8 10 11 19  0  0  8  8  7  0  0  0  0 43  0  0  0  0 
 0  9 12 11  5  8 40 13 11 11 12 11 11 11  6 11 13 11 11 11  0  0  0  0  7 11 11  0  0 11 14 11  0  9  0  0  0  0 11 11  0  0  0  0  0  0  0  0  0  0 11  0 12 12 12 14  0  0  0  0  0  0  0  0  0  0  0  0  0  0  0  0  0  0 11  0  0 11  0  0  0 14 16 11  0 11 11  0 14  0  8 11  8  9 11 11 11  0 39 10 11 18 14 11 13  6 11 15 10  7 12  5  7 11 13 14 11 11 11  6 11  5  9  9  6 11  6  7 13  7  6  5 20 11 11 12  7  8 11 11 11 11 40 11 11 11 11 
 0  9 12 11  5  8 40 13 11 11 12 11 11 11  6 11 13 11 11 11  0  0  0  0  7 11 11  0  0 11 14 11  0  9  0  0  0  0 11 11  0  0  0  0  0  0  0  0  0  0 11  0 12 12 12 14  0  0  0  0  0  0  0  0  0  0  0  0  0  0  0  0  0  0 11  0  0 11  0  0  0 14 16 11  0 11 11  0 14  0  8 11  8  9 11 11 11  0 39 10 11 18 14 11 13  6 11 15 10  7 12  5  7 11 13 14 11 11 11  6 11  5  9  9  6 11  6  7 13  7  6  5 20 11 11 12  7  8 11 11 11 11 40 11 11 11 11 
 0  9 12 11  5  8 40 13 11 11 12 11 11 11  6 11 13 11 11 11  0  0  0  0  7 11 11  0  0 11 14 11  0  9  0  0  0  0 11 11  0  0  0  0  0  0  0  0  0  0 11  0 12 12 12 14  0  0  0  0  0  0  0  0  0  0  0  0  0  0  0  0  0  0 11  0  0 11  0  0  0 14 16 11  0 11 11  0 14  0  8 11  8  9 11 11 11  0 39 10 11 18 14 11 13  6 11 15 10  7 12  5  7 11 13 14 11 11 11  6 11  5  9  9  6 11  6  7 13  7  6  5 20 11 11 12  7  8 11 11 11 11 40 11 11 11 11 
 0  9 12 11  5  8 40 13 11 11 12 11 11 11  6 11 13 11 11 11  0  0  0  0  7 11 11  0  0 11 14 11  0  9  0  0  0  0 11 11  0  0  0  0  0  0  0  0  0  0 11  0 12 12 12 14  0  0  0  0  0  0  0  0  0  0  0  0  0  0  0  0  0  0 11  0  0 11  0  0  0 14 16 11  0 11 11  0 14  0  8 11  8  9 11 11 11  0 39 10 11 18 14 11 13  6 11 15 10  7 12  5  7 11 13 14 11 11 11  6 11  5  9  9  6 11  6  7 13  7  6  5 20 11 11 12  7  8 11 11 11 11 40 11 11 11 11 
 0  9 12 11  5  8 40 13 11 11 12 11 11 11  6 11 13 11 11 11  0  0  0  0  7 11 11  0  0 11 14 11  0  9  0  0  0  0 11 11  0  0  0  0  0  0  0  0  0  0 11  0 12 12 12 14  0  0  0  0  0  0  0  0  0  0  0  0  0  0  0  0  0  0 11  0  0 11  0  0  0 14 16 11  0 11 11  0 14  0  8 11  8  9 11 11 11  0 39 10 11 18 14 11 13  6 11 15 10  7 12  5  7 11 13 14 11 11 11  6 11  5  9  9  6 11  6  7 13  7  6  5 20 11 11 12  7  8 11 11 11 11 40 11 11 11 11 
 0  9 12 11  5  8 40 13 11 11 12 11 11 11  6 11 13 11 11 11  0  0  0  0  7 11 11  0  0 11 14 11  0  9  0  0  0  0 11 11  0  0  0  0  0  0  0  0  0  0 11  0 12 12 12 14  0  0  0  0  0  0  0  0  0  0  0  0  0  0  0  0  0  0 11  0  0 11  0  0  0 14 16 11  0 11 11  0 14  0  8 11  8  9 11 11 11  0 39 10 11 18 14 11 13  6 11 15 10  7 12  5  7 11 13 14 11 11 11  6 11  5  9  9  6 11  6  7 13  7  6  5 20 11 11 12  7  8 11 11 11 11 40 11 11 11 11 
 0  9 12 11  5  8 40 13 11 11 12 11 11 11  6 11 13 11 11 11  0  0  0  0  7 11 11  0  0 11 14 11  0  9  0  0  0  0 11 11  0  0  0  0  0  0  0  0  0  0 11  0 12 12 12 14  0  0  0  0  0  0  0  0  0  0  0  0  0  0  0  0  0  0 11  0  0 11  0  0  0 14 16 11  0 11 11  0 14  0  8 11  8  9 11 11 11  0 39 10 11 18 14 11 13  6 11 15 10  7 12  5  7 11 13 14 11 11 11  6 11  5  9  9  6 11  6  7 13  7  6  5 20 11 11 12  7  8 11 11 11 11 40 11 11 11 11 
 0  9 12 11  5  8 40 13 11 11 12 11 11 11  6 11 13 11 11 11  0  0  0  0  7 11 11  0  0 11 14 11  0  9  0  0  0  0 11 11  0  0  0  0  0  0  0  0  0  0 11  0 12 12 12 14  0  0  0  0  0  0  0  0  0  0  0  0  0  0  0  0  0  0 11  0  0 11  0  0  0 14 16 11  0 11 11  0 14  0  8 11  8  9 11 11 11  0 39 10 11 18 14 11 13  6 11 15 10  7 12  5  7 11 13 14 11 11 11  6 11  5  9  9  6 11  6  7 13  7  6  5 20 11 11 12  7  8 11 11 11 11 40 11 11 11 11 
 0  9 12 11  5  8 40 13 11 11 12 11 11 11  6 11 13 11 11 11  0  0  0  0  7 11 11  0  0 11 14 11  0  9  0  0  0  0 11 11  0  0  0  0  0  0  0  0  0  0 11  0 12 12 12 14  0  0  0  0  0  0  0  0  0  0  0  0  0  0  0  0  0  0 11  0  0 11  0  0  0 14 16 11  0 11 11  0 14  0  8 11  8  9 11 11 11  0 39 10 11 18 14 11 13  6 11 15 10  7 12  5  7 11 13 14 11 11 11  6 11  5  9  9  6 11  6  7 13  7  6  5 20 11 11 12  7  8 11 11 11 11 40 11 11 11 11 
 0  9 12 11  5  8 40 13 11 11 12 11 11 11  6 11 13 11 11 11  0  0  0  0  7 11 11  0  0 11 14 11  0  9  0  0  0  0 11 11  0  0  0  0  0  0  0  0  0  0 11  0 12 12 12 14  0  0  0  0  0  0  0  0  0  0  0  0  0  0  0  0  0  0 11  0  0 11  0  0  0 14 16 11  0 11 11  0 14  0  8 11  8  9 11 11 11  0 39 10 11 18 14 11 13  6 11 15 10  7 12  5  7 11 13 14 11 11 11  6 11  5  9  9  6 11  6  7 13  7  6  5 20 11 11 12  7  8 11 11 11 11 40 11 11 11 11 
11 12 11  0  6 10 43 13  0  0  8  0  7  6  6  0  9  0  0  0 11 11 11 11  9  0  0 11 11  0 14  0 11  7 11 11 11 11  0  0 11 11 11 11 11 11 11 11 11 11  0 11  8  8  8 14 11 11 11 11 11 11 11 11 11 11 11 11 11 11 11 11 11 11  0 11 11  0 11 11 11 14 16  0 11  0  0 11 10 11  6  6  7  5  0  0  0 11 34  4  0 18 14  0  9 10  0 12  6  7  8  6  8  0 11 11  0  0  0 10  9  6  7  7  6  8 10 10 13  8 10 11 19  0  0  8  8  7  0  0  0  0 43  0  0  0  0 
 0  9 12 11  5  8 40 13 11 11 12 11 11 11  6 11 13 11 11 11  0  0  0  0  7 11 11  0  0 11 14 11  0  9  0  0  0  0 11 11  0  0  0  0  0  0  0  0  0  0 11  0 12 12 12 14  0  0  0  0  0  0  0  0  0  0  0  0  0  0  0  0  0  0 11  0  0 11  0  0  0 14 16 11  0 11 11  0 14  0  8 11  8  9 11 11 11  0 39 10 11 18 14 11 13  6 11 15 10  7 12  5  7 11 13 14 11 11 11  6 11  5  9  9  6 11  6  7 13  7  6  5 20 11 11 12  7  8 11 11 11 11 40 11 11 11 11 
12  8 14  8  9 11 39 12  8  8  1  8  7  3  8  8  6  8  8  8 12 12 12 12 11  8  8 12 12  8 13  8 12  4 12 12 12 12  8  8 12 12 12 12 12 12 12 12 12 12  8 12  0  0  0 13 12 12 12 12 12 12 12 12 12 12 12 12 12 12 12 12 12 12  8 12 12  8 12 12 12 13 12  8 12  8  8 12  7 12  6  3 11  6  8  8  8 12 33  5  8 14 13  8  6 10  8  6  4  8  0  9  9  8  5  6  8  8  8 11  4  9  4  4  8  6 10 10  9  7 10 12 18  8  8  0  7 11  8  8  8  8 39  8  8  8  8 
12  8 14  8  9 11 39 12  8  8  1  8  7  3  8  8  6  8  8  8 12 12 12 12 11  8  8 12 12  8 13  8 12  4 12 12 12 12  8  8 12 12 12 12 12 12 12 12 12 12  8 12  0  0  0 13 12 12 12 12 12 12 12 12 12 12 12 12 12 12 12 12 12 12  8 12 12  8 12 12 12 13 12  8 12  8  8 12  7 12  6  3 11  6  8  8  8 12 33  5  8 14 13  8  6 10  8  6  4  8  0  9  9  8  5  6  8  8  8 11  4  9  4  4  8  6 10 10  9  7 10 12 18  8  8  0  7 11  8  8  8  8 39  8  8  8  8 
12  8 14  8  9 11 39 12  8  8  1  8  7  3  8  8  6  8  8  8 12 12 12 12 11  8  8 12 12  8 13  8 12  4 12 12 12 12  8  8 12 12 12 12 12 12 12 12 12 12  8 12  0  0  0 13 12 12 12 12 12 12 12 12 12 12 12 12 12 12 12 12 12 12  8 12 12  8 12 12 12 13 12  8 12  8  8 12  7 12  6  3 11  6  8  8  8 12 33  5  8 14 13  8  6 10  8  6  4  8  0  9  9  8  5  6  8  8  8 11  4  9  4  4  8  6 10 10  9  7 10 12 18  8  8  0  7 11  8  8  8  8 39  8  8  8  8 
14 12 19 14 15 13 46 18 14 14 12 14 14 13 12 14 11 14 14 14 14 14 14 14 16 14 14 14 14 14  0 14 14 11 14 14 14 14 14 14 14 14 14 14 14 14 14 14 14 14 14 14 13 13 13  0 14 14 14 14 14 14 14 14 14 14 14 14 14 14 14 14 14 14 14 14 14 14 14 14 14  0  6 14 14 14 14 14 11 14 15 13 17 15 14 14 14 14 35 13 14  9  0 14 11 12 14 11 14 14 13 15 14 14 11 12 14 14 14 12 13 15 11 11 12 12 12 13  5  9 12 15 11 14 14 13  9 17 14 14 14 14 46 14 14 14 14 
 0  9 12 11  5  8 40 13 11 11 12 11 11 11  6 11 13 11 11 11  0  0  0  0  7 11 11  0  0 11 14 11  0  9  0  0  0  0 11 11  0  0  0  0  0  0  0  0  0  0 11  0 12 12 12 14  0  0  0  0  0  0  0  0  0  0  0  0  0  0  0  0  0  0 11  0  0 11  0  0  0 14 16 11  0 11 11  0 14  0  8 11  8  9 11 11 11  0 39 10 11 18 14 11 13  6 11 15 10  7 12  5  7 11 13 14 11 11 11  6 11  5  9  9  6 11  6  7 13  7  6  5 20 11 11 12  7  8 11 11 11 11 40 11 11 11 11 
 0  9 12 11  5  8 40 13 11 11 12 11 11 11  6 11 13 11 11 11  0  0  0  0  7 11 11  0  0 11 14 11  0  9  0  0  0  0 11 11  0  0  0  0  0  0  0  0  0  0 11  0 12 12 12 14  0  0  0  0  0  0  0  0  0  0  0  0  0  0  0  0  0  0 11  0  0 11  0  0  0 14 16 11  0 11 11  0 14  0  8 11  8  9 11 11 11  0 39 10 11 18 14 11 13  6 11 15 10  7 12  5  7 11 13 14 11 11 11  6 11  5  9  9  6 11  6  7 13  7  6  5 20 11 11 12  7  8 11 11 11 11 40 11 11 11 11 
 0  9 12 11  5  8 40 13 11 11 12 11 11 11  6 11 13 11 11 11  0  0  0  0  7 11 11  0  0 11 14 11  0  9  0  0  0  0 11 11  0  0  0  0  0  0  0  0  0  0 11  0 12 12 12 14  0  0  0  0  0  0  0  0  0  0  0  0  0  0  0  0  0  0 11  0  0 11  0  0  0 14 16 11  0 11 11  0 14  0  8 11  8  9 11 11 11  0 39 10 11 18 14 11 13  6 11 15 10  7 12  5  7 11 13 14 11 11 11  6 11  5  9  9  6 11  6  7 13  7  6  5 20 11 11 12  7  8 11 11 11 11 40 11 11 11 11 
 0  9 12 11  5  8 40 13 11 11 12 11 11 11  6 11 13 11 11 11  0  0  0  0  7 11 11  0  0 11 14 11  0  9  0  0  0  0 11 11  0  0  0  0  0  0  0  0  0  0 11  0 12 12 12 14  0  0  0  0  0  0  0  0  0  0  0  0  0  0  0  0  0  0 11  0  0 11  0  0  0 14 16 11  0 11 11  0 14  0  8 11  8  9 11 11 11  0 39 10 11 18 14 11 13  6 11 15 10  7 12  5  7 11 13 14 11 11 11  6 11  5  9  9  6 11  6  7 13  7  6  5 20 11 11 12  7  8 11 11 11 11 40 11 11 11 11 
 0  9 12 11  5  8 40 13 11 11 12 11 11 11  6 11 13 11 11 11  0  0  0  0  7 11 11  0  0 11 14 11  0  9  0  0  0  0 11 11  0  0  0  0  0  0  0  0  0  0 11  0 12 12 12 14  0  0  0  0  0  0  0  0  0  0  0  0  0  0  0  0  0  0 11  0  0 11  0  0  0 14 16 11  0 11 11  0 14  0  8 11  8  9 11 11 11  0 39 10 11 18 14 11 13  6 11 15 10  7 12  5  7 11 13 14 11 11 11  6 11  5  9  9  6 11  6  7 13  7  6  5 20 11 11 12  7  8 11 11 11 11 40 11 11 11 11 
 0  9 12 11  5  8 40 13 11 11 12 11 11 11  6 11 13 11 11 11  0  0  0  0  7 11 11  0  0 11 14 11  0  9  0  0  0  0 11 11  0  0  0  0  0  0  0  0  0  0 11  0 12 12 12 14  0  0  0  0  0  0  0  0  0  0  0  0  0  0  0  0  0  0 11  0  0 11  0  0  0 14 16 11  0 11 11  0 14  0  8 11  8  9 11 11 11  0 39 10 11 18 14 11 13  6 11 15 10  7 12  5  7 11 13 14 11 11 11  6 11  5  9  9  6 11  6  7 13  7  6  5 20 11 11 12  7  8 11 11 11 11 40 11 11 11 11 
 0  9 12 11  5  8 40 13 11 11 12 11 11 11  6 11 13 11 11 11  0  0  0  0  7 11 11  0  0 11 14 11  0  9  0  0  0  0 11 11  0  0  0  0  0  0  0  0  0  0 11  0 12 12 12 14  0  0  0  0  0  0  0  0  0  0  0  0  0  0  0  0  0  0 11  0  0 11  0  0  0 14 16 11  0 11 11  0 14  0  8 11  8  9 11 11 11  0 39 10 11 18 14 11 13  6 11 15 10  7 12  5  7 11 13 14 11 11 11  6 11  5  9  9  6 11  6  7 13  7  6  5 20 11 11 12  7  8 11 11 11 11 40 11 11 11 11 
 0  9 12 11  5  8 40 13 11 11 12 11 11 11  6 11 13 11 11 11  0  0  0  0  7 11 11  0  0 11 14 11  0  9  0  0  0  0 11 11  0  0  0  0  0  0  0  0  0  0 11  0 12 12 12 14  0  0  0  0  0  0  0  0  0  0  0  0  0  0  0  0  0  0 11  0  0 11  0  0  0 14 16 11  0 11 11  0 14  0  8 11  8  9 11 11 11  0 39 10 11 18 14 11 13  6 11 15 10  7 12  5  7 11 13 14 11 11 11  6 11  5  9  9  6 11  6  7 13  7  6  5 20 11 11 12  7  8 11 11 11 11 40 11 11 11 11 
 0  9 12 11  5  8 40 13 11 11 12 11 11 11  6 11 13 11 11 11  0  0  0  0  7 11 11  0  0 11 14 11  0  9  0  0  0  0 11 11  0  0  0  0  0  0  0  0  0  0 11  0 12 12 12 14  0  0  0  0  0  0  0  0  0  0  0  0  0  0  0  0  0  0 11  0  0 11  0  0  0 14 16 11  0 11 11  0 14  0  8 11  8  9 11 11 11  0 39 10 11 18 14 11 13  6 11 15 10  7 12  5  7 11 13 14 11 11 11  6 11  5  9  9  6 11  6  7 13  7  6  5 20 11 11 12  7  8 11 11 11 11 40 11 11 11 11 
 0  9 12 11  5  8 40 13 11 11 12 11 11 11  6 11 13 11 11 11  0  0  0  0  7 11 11  0  0 11 14 11  0  9  0  0  0  0 11 11  0  0  0  0  0  0  0  0  0  0 11  0 12 12 12 14  0  0  0  0  0  0  0  0  0  0  0  0  0  0  0  0  0  0 11  0  0 11  0  0  0 14 16 11  0 11 11  0 14  0  8 11  8  9 11 11 11  0 39 10 11 18 14 11 13  6 11 15 10  7 12  5  7 11 13 14 11 11 11  6 11  5  9  9  6 11  6  7 13  7  6  5 20 11 11 12  7  8 11 11 11 11 40 11 11 11 11 
 0  9 12 11  5  8 40 13 11 11 12 11 11 11  6 11 13 11 11 11  0  0  0  0  7 11 11  0  0 11 14 11  0  9  0  0  0  0 11 11  0  0  0  0  0  0  0  0  0  0 11  0 12 12 12 14  0  0  0  0  0  0  0  0  0  0  0  0  0  0  0  0  0  0 11  0  0 11  0  0  0 14 16 11  0 11 11  0 14  0  8 11  8  9 11 11 11  0 39 10 11 18 14 11 13  6 11 15 10  7 12  5  7 11 13 14 11 11 11  6 11  5  9  9  6 11  6  7 13  7  6  5 20 11 11 12  7  8 11 11 11 11 40 11 11 11 11 
 0  9 12 11  5  8 40 13 11 11 12 11 11 11  6 11 13 11 11 11  0  0  0  0  7 11 11  0  0 11 14 11  0  9  0  0  0  0 11 11  0  0  0  0  0  0  0  0  0  0 11  0 12 12 12 14  0  0  0  0  0  0  0  0  0  0  0  0  0  0  0  0  0  0 11  0  0 11  0  0  0 14 16 11  0 11 11  0 14  0  8 11  8  9 11 11 11  0 39 10 11 18 14 11 13  6 11 15 10  7 12  5  7 11 13 14 11 11 11  6 11  5  9  9  6 11  6  7 13  7  6  5 20 11 11 12  7  8 11 11 11 11 40 11 11 11 11 
 0  9 12 11  5  8 40 13 11 11 12 11 11 11  6 11 13 11 11 11  0  0  0  0  7 11 11  0  0 11 14 11  0  9  0  0  0  0 11 11  0  0  0  0  0  0  0  0  0  0 11  0 12 12 12 14  0  0  0  0  0  0  0  0  0  0  0  0  0  0  0  0  0  0 11  0  0 11  0  0  0 14 16 11  0 11 11  0 14  0  8 11  8  9 11 11 11  0 39 10 11 18 14 11 13  6 11 15 10  7 12  5  7 11 13 14 11 11 11  6 11  5  9  9  6 11  6  7 13  7  6  5 20 11 11 12  7  8 11 11 11 11 40 11 11 11 11 
 0  9 12 11  5  8 40 13 11 11 12 11 11 11  6 11 13 11 11 11  0  0  0  0  7 11 11  0  0 11 14 11  0  9  0  0  0  0 11 11  0  0  0  0  0  0  0  0  0  0 11  0 12 12 12 14  0  0  0  0  0  0  0  0  0  0  0  0  0  0  0  0  0  0 11  0  0 11  0  0  0 14 16 11  0 11 11  0 14  0  8 11  8  9 11 11 11  0 39 10 11 18 14 11 13  6 11 15 10  7 12  5  7 11 13 14 11 11 11  6 11  5  9  9  6 11  6  7 13  7  6  5 20 11 11 12  7  8 11 11 11 11 40 11 11 11 11 
 0  9 12 11  5  8 40 13 11 11 12 11 11 11  6 11 13 11 11 11  0  0  0  0  7 11 11  0  0 11 14 11  0  9  0  0  0  0 11 11  0  0  0  0  0  0  0  0  0  0 11  0 12 12 12 14  0  0  0  0  0  0  0  0  0  0  0  0  0  0  0  0  0  0 11  0  0 11  0  0  0 14 16 11  0 11 11  0 14  0  8 11  8  9 11 11 11  0 39 10 11 18 14 11 13  6 11 15 10  7 12  5  7 11 13 14 11 11 11  6 11  5  9  9  6 11  6  7 13  7  6  5 20 11 11 12  7  8 11 11 11 11 40 11 11 11 11 
 0  9 12 11  5  8 40 13 11 11 12 11 11 11  6 11 13 11 11 11  0  0  0  0  7 11 11  0  0 11 14 11  0  9  0  0  0  0 11 11  0  0  0  0  0  0  0  0  0  0 11  0 12 12 12 14  0  0  0  0  0  0  0  0  0  0  0  0  0  0  0  0  0  0 11  0  0 11  0  0  0 14 16 11  0 11 11  0 14  0  8 11  8  9 11 11 11  0 39 10 11 18 14 11 13  6 11 15 10  7 12  5  7 11 13 14 11 11 11  6 11  5  9  9  6 11  6  7 13  7  6  5 20 11 11 12  7  8 11 11 11 11 40 11 11 11 11 
 0  9 12 11  5  8 40 13 11 11 12 11 11 11  6 11 13 11 11 11  0  0  0  0  7 11 11  0  0 11 14 11  0  9  0  0  0  0 11 11  0  0  0  0  0  0  0  0  0  0 11  0 12 12 12 14  0  0  0  0  0  0  0  0  0  0  0  0  0  0  0  0  0  0 11  0  0 11  0  0  0 14 16 11  0 11 11  0 14  0  8 11  8  9 11 11 11  0 39 10 11 18 14 11 13  6 11 15 10  7 12  5  7 11 13 14 11 11 11  6 11  5  9  9  6 11  6  7 13  7  6  5 20 11 11 12  7  8 11 11 11 11 40 11 11 11 11 
 0  9 12 11  5  8 40 13 11 11 12 11 11 11  6 11 13 11 11 11  0  0  0  0  7 11 11  0  0 11 14 11  0  9  0  0  0  0 11 11  0  0  0  0  0  0  0  0  0  0 11  0 12 12 12 14  0  0  0  0  0  0  0  0  0  0  0  0  0  0  0  0  0  0 11  0  0 11  0  0  0 14 16 11  0 11 11  0 14  0  8 11  8  9 11 11 11  0 39 10 11 18 14 11 13  6 11 15 10  7 12  5  7 11 13 14 11 11 11  6 11  5  9  9  6 11  6  7 13  7  6  5 20 11 11 12  7  8 11 11 11 11 40 11 11 11 11 
11 12 11  0  6 10 43 13  0  0  8  0  7  6  6  0  9  0  0  0 11 11 11 11  9  0  0 11 11  0 14  0 11  7 11 11 11 11  0  0 11 11 11 11 11 11 11 11 11 11  0 11  8  8  8 14 11 11 11 11 11 11 11 11 11 11 11 11 11 11 11 11 11 11  0 11 11  0 11 11 11 14 16  0 11  0  0 11 10 11  6  6  7  5  0  0  0 11 34  4  0 18 14  0  9 10  0 12  6  7  8  6  8  0 11 11  0  0  0 10  9  6  7  7  6  8 10 10 13  8 10 11 19  0  0  8  8  7  0  0  0  0 43  0  0  0  0 
 0  9 12 11  5  8 40 13 11 11 12 11 11 11  6 11 13 11 11 11  0  0  0  0  7 11 11  0  0 11 14 11  0  9  0  0  0  0 11 11  0  0  0  0  0  0  0  0  0  0 11  0 12 12 12 14  0  0  0  0  0  0  0  0  0  0  0  0  0  0  0  0  0  0 11  0  0 11  0  0  0 14 16 11  0 11 11  0 14  0  8 11  8  9 11 11 11  0 39 10 11 18 14 11 13  6 11 15 10  7 12  5  7 11 13 14 11 11 11  6 11  5  9  9  6 11  6  7 13  7  6  5 20 11 11 12  7  8 11 11 11 11 40 11 11 11 11 
 0  9 12 11  5  8 40 13 11 11 12 11 11 11  6 11 13 11 11 11  0  0  0  0  7 11 11  0  0 11 14 11  0  9  0  0  0  0 11 11  0  0  0  0  0  0  0  0  0  0 11  0 12 12 12 14  0  0  0  0  0  0  0  0  0  0  0  0  0  0  0  0  0  0 11  0  0 11  0  0  0 14 16 11  0 11 11  0 14  0  8 11  8  9 11 11 11  0 39 10 11 18 14 11 13  6 11 15 10  7 12  5  7 11 13 14 11 11 11  6 11  5  9  9  6 11  6  7 13  7  6  5 20 11 11 12  7  8 11 11 11 11 40 11 11 11 11 
11 12 11  0  6 10 43 13  0  0  8  0  7  6  6  0  9  0  0  0 11 11 11 11  9  0  0 11 11  0 14  0 11  7 11 11 11 11  0  0 11 11 11 11 11 11 11 11 11 11  0 11  8  8  8 14 11 11 11 11 11 11 11 11 11 11 11 11 11 11 11 11 11 11  0 11 11  0 11 11 11 14 16  0 11  0  0 11 10 11  6  6  7  5  0  0  0 11 34  4  0 18 14  0  9 10  0 12  6  7  8  6  8  0 11 11  0  0  0 10  9  6  7  7  6  8 10 10 13  8 10 11 19  0  0  8  8  7  0  0  0  0 43  0  0  0  0 
 0  9 12 11  5  8 40 13 11 11 12 11 11 11  6 11 13 11 11 11  0  0  0  0  7 11 11  0  0 11 14 11  0  9  0  0  0  0 11 11  0  0  0  0  0  0  0  0  0  0 11  0 12 12 12 14  0  0  0  0  0  0  0  0  0  0  0  0  0  0  0  0  0  0 11  0  0 11  0  0  0 14 16 11  0 11 11  0 14  0  8 11  8  9 11 11 11  0 39 10 11 18 14 11 13  6 11 15 10  7 12  5  7 11 13 14 11 11 11  6 11  5  9  9  6 11  6  7 13  7  6  5 20 11 11 12  7  8 11 11 11 11 40 11 11 11 11 
 0  9 12 11  5  8 40 13 11 11 12 11 11 11  6 11 13 11 11 11  0  0  0  0  7 11 11  0  0 11 14 11  0  9  0  0  0  0 11 11  0  0  0  0  0  0  0  0  0  0 11  0 12 12 12 14  0  0  0  0  0  0  0  0  0  0  0  0  0  0  0  0  0  0 11  0  0 11  0  0  0 14 16 11  0 11 11  0 14  0  8 11  8  9 11 11 11  0 39 10 11 18 14 11 13  6 11 15 10  7 12  5  7 11 13 14 11 11 11  6 11  5  9  9  6 11  6  7 13  7  6  5 20 11 11 12  7  8 11 11 11 11 40 11 11 11 11 
 0  9 12 11  5  8 40 13 11 11 12 11 11 11  6 11 13 11 11 11  0  0  0  0  7 11 11  0  0 11 14 11  0  9  0  0  0  0 11 11  0  0  0  0  0  0  0  0  0  0 11  0 12 12 12 14  0  0  0  0  0  0  0  0  0  0  0  0  0  0  0  0  0  0 11  0  0 11  0  0  0 14 16 11  0 11 11  0 14  0  8 11  8  9 11 11 11  0 39 10 11 18 14 11 13  6 11 15 10  7 12  5  7 11 13 14 11 11 11  6 11  5  9  9  6 11  6  7 13  7  6  5 20 11 11 12  7  8 11 11 11 11 40 11 11 11 11 
14 12 19 14 15 13 46 18 14 14 12 14 14 13 12 14 11 14 14 14 14 14 14 14 16 14 14 14 14 14  0 14 14 11 14 14 14 14 14 14 14 14 14 14 14 14 14 14 14 14 14 14 13 13 13  0 14 14 14 14 14 14 14 14 14 14 14 14 14 14 14 14 14 14 14 14 14 14 14 14 14  0  6 14 14 14 14 14 11 14 15 13 17 15 14 14 14 14 35 13 14  9  0 14 11 12 14 11 14 14 13 15 14 14 11 12 14 14 14 12 13 15 11 11 12 12 12 13  5  9 12 15 11 14 14 13  9 17 14 14 14 14 46 14 14 14 14 
16 13 21 16 16 14 48 20 16 16 11 16 14 15 13 16 11 16 16 16 16 16 16 16 17 16 16 16 16 16  6 16 16 14 16 16 16 16 16 16 16 16 16 16 16 16 16 16 16 16 16 16 12 12 12  6 16 16 16 16 16 16 16 16 16 16 16 16 16 16 16 16 16 16 16 16 16 16 16 16 16  6  0 16 16 16 16 16 10 16 16 15 17 15 16 16 16 16 35 12 16  7  6 16 11 14 16 12 14 15 12 16 15 16 10 11 16 16 16 15 14 16 14 14 13 13 14 13  5 10 14 15 13 16 16 12 10 17 16 16 16 16 48 16 16 16 16 
11 12 11  0  6 10 43 13  0  0  8  0  7  6  6  0  9  0  0  0 11 11 11 11  9  0  0 11 11  0 14  0 11  7 11 11 11 11  0  0 11 11 11 11 11 11 11 11 11 11  0 11  8  8  8 14 11 11 11 11 11 11 11 11 11 11 11 11 11 11 11 11 11 11  0 11 11  0 11 11 11 14 16  0 11  0  0 11 10 11  6  6  7  5  0  0  0 11 34  4  0 18 14  0  9 10  0 12  6  7  8  6  8  0 11 11  0  0  0 10  9  6  7  7  6  8 10 10 13  8 10 11 19  0  0  8  8  7  0  0  0  0 43  0  0  0  0 
 0  9 12 11  5  8 40 13 11 11 12 11 11 11  6 11 13 11 11 11  0  0  0  0  7 11 11  0  0 11 14 11  0  9  0  0  0  0 11 11  0  0  0  0  0  0  0  0  0  0 11  0 12 12 12 14  0  0  0  0  0  0  0  0  0  0  0  0  0  0  0  0  0  0 11  0  0 11  0  0  0 14 16 11  0 11 11  0 14  0  8 11  8  9 11 11 11  0 39 10 11 18 14 11 13  6 11 15 10  7 12  5  7 11 13 14 11 11 11  6 11  5  9  9  6 11  6  7 13  7  6  5 20 11 11 12  7  8 11 11 11 11 40 11 11 11 11 
11 12 11  0  6 10 43 13  0  0  8  0  7  6  6  0  9  0  0  0 11 11 11 11  9  0  0 11 11  0 14  0 11  7 11 11 11 11  0  0 11 11 11 11 11 11 11 11 11 11  0 11  8  8  8 14 11 11 11 11 11 11 11 11 11 11 11 11 11 11 11 11 11 11  0 11 11  0 11 11 11 14 16  0 11  0  0 11 10 11  6  6  7  5  0  0  0 11 34  4  0 18 14  0  9 10  0 12  6  7  8  6  8  0 11 11  0  0  0 10  9  6  7  7  6  8 10 10 13  8 10 11 19  0  0  8  8  7  0  0  0  0 43  0  0  0  0 
11 12 11  0  6 10 43 13  0  0  8  0  7  6  6  0  9  0  0  0 11 11 11 11  9  0  0 11 11  0 14  0 11  7 11 11 11 11  0  0 11 11 11 11 11 11 11 11 11 11  0 11  8  8  8 14 11 11 11 11 11 11 11 11 11 11 11 11 11 11 11 11 11 11  0 11 11  0 11 11 11 14 16  0 11  0  0 11 10 11  6  6  7  5  0  0  0 11 34  4  0 18 14  0  9 10  0 12  6  7  8  6  8  0 11 11  0  0  0 10  9  6  7  7  6  8 10 10 13  8 10 11 19  0  0  8  8  7  0  0  0  0 43  0  0  0  0 
 0  9 12 11  5  8 40 13 11 11 12 11 11 11  6 11 13 11 11 11  0  0  0  0  7 11 11  0  0 11 14 11  0  9  0  0  0  0 11 11  0  0  0  0  0  0  0  0  0  0 11  0 12 12 12 14  0  0  0  0  0  0  0  0  0  0  0  0  0  0  0  0  0  0 11  0  0 11  0  0  0 14 16 11  0 11 11  0 14  0  8 11  8  9 11 11 11  0 39 10 11 18 14 11 13  6 11 15 10  7 12  5  7 11 13 14 11 11 11  6 11  5  9  9  6 11  6  7 13  7  6  5 20 11 11 12  7  8 11 11 11 11 40 11 11 11 11 
14 12 15 10 12 14 40 13 10 10  6 10 10  8  9 10  5 10 10 10 14 14 14 14 14 10 10 14 14 10 11 10 14  7 14 14 14 14 10 10 14 14 14 14 14 14 14 14 14 14 10 14  7  7  7 11 14 14 14 14 14 14 14 14 14 14 14 14 14 14 14 14 14 14 10 14 14 10 14 14 14 11 10 10 14 10 10 14  0 14 11  8 12 10 10 10 10 14 28  9 10 12 11 10  5 12 10  3 10 12  7 12 11 10  3  3 10 10 10 13  8 12  7  7  9  7 12 12  7 11 12 15 16 10 10  7 11 12 10 10 10 10 40 10 10 10 10 
 0  9 12 11  5  8 40 13 11 11 12 11 11 11  6 11 13 11 11 11  0  0  0  0  7 11 11  0  0 11 14 11  0  9  0  0  0  0 11 11  0  0  0  0  0  0  0  0  0  0 11  0 12 12 12 14  0  0  0  0  0  0  0  0  0  0  0  0  0  0  0  0  0  0 11  0  0 11  0  0  0 14 16 11  0 11 11  0 14  0  8 11  8  9 11 11 11  0 39 10 11 18 14 11 13  6 11 15 10  7 12  5  7 11 13 14 11 11 11  6 11  5  9  9  6 11  6  7 13  7  6  5 20 11 11 12  7  8 11 11 11 11 40 11 11 11 11 
 8 10  9  6  6 10 40  9  6  6  6  6  3  5  8  6  8  6  6  6  8  8  8  8  7  6  6  8  8  6 15  6  8  5  8  8  8  8  6  6  8  8  8  8  8  8  8  8  8  8  6  8  6  6  6 15  8  8  8  8  8  8  8  8  8  8  8  8  8  8  8  8  8  8  6  8  8  6  8  8  8 15 16  6  8  6  6  8 11  8  0  5  6  1  6  6  6  8 32  6  6 17 15  6  8  7  6 10  2  7  6  6  5  6  8  9  6  6  6  7  7  6  5  5  8  7  7  8 13  9  7 10 19  6  6  6  9  6  6  6  6  6 40  6  6  6  6 
11  9 12  6  7  9 41 12  6  6  4  6  5  0  7  6  6  6  6  6 11 11 11 11 10  6  6 11 11  6 13  6 11  2 11 11 11 11  6  6 11 11 11 11 11 11 11 11 11 11  6 11  3  3  3 13 11 11 11 11 11 11 11 11 11 11 11 11 11 11 11 11 11 11  6 11 11  6 11 11 11 13 15  6 11  6  6 11  8 11  5  0  9  5  6  6  6 11 34  5  6 17 13  6  6  9  6  8  3  8  3  7  9  6  6  7  6  6  6  9  7  7  2  2  7  7  9  9 12  5  9 12 19  6  6  3  5  9  6  6  6  6 41  6  6  6  6 
 8 11  4  7  8 11 40  6  7  7 10  7  9  9  9  7 11  7  7  7  8  8  8  8  9  7  7  8  8  7 17  7  8  7  8  8  8  8  7  7  8  8  8  8  8  8  8  8  8  8  7  8 11 11 11 17  8  8  8  8  8  8  8  8  8  8  8  8  8  8  8  8  8  8  7  8  8  7  8  8  8 17 17  7  8  7  7  8 12  8  6  9  0  7  7  7  7  8 35  8  7 18 17  7 11  8  7 11  7  6 11  8  7  7 10 11  7  7  7  8 10  8  7  7  9  8  8 10 16 11  8  9 23  7  7 11 11  0  7  7  7  7 40  7  7  7  7 
 9  9 10  5  6  9 40  9  5  5  6  5  4  5  7  5  8  5  5  5  9  9  9  9  7  5  5  9  9  5 15  5  9  5  9  9  9  9  5  5  9  9  9  9  9  9  9  9  9  9  5  9  6  6  6 15  9  9  9  9  9  9  9  9  9  9  9  9  9  9  9  9  9  9  5  9  9  5  9  9  9 15 15  5  9  5  5  9 10  9  1  5  7  0  5  5  5  9 32  5  5 16 15  5  8  6  5  9  3  6  6  6  4  5  8  9  5  5  5  6  6  6  5  5  7  6  6  7 12  8  6  9 20  5  5  6  8  7  5  5  5  5 40  5  5  5  5 
11 12 11  0  6 10 43 13  0  0  8  0  7  6  6  0  9  0  0  0 11 11 11 11  9  0  0 11 11  0 14  0 11  7 11 11 11 11  0  0 11 11 11 11 11 11 11 11 11 11  0 11  8  8  8 14 11 11 11 11 11 11 11 11 11 11 11 11 11 11 11 11 11 11  0 11 11  0 11 11 11 14 16  0 11  0  0 11 10 11  6  6  7  5  0  0  0 11 34  4  0 18 14  0  9 10  0 12  6  7  8  6  8  0 11 11  0  0  0 10  9  6  7  7  6  8 10 10 13  8 10 11 19  0  0  8  8  7  0  0  0  0 43  0  0  0  0 
11 12 11  0  6 10 43 13  0  0  8  0  7  6  6  0  9  0  0  0 11 11 11 11  9  0  0 11 11  0 14  0 11  7 11 11 11 11  0  0 11 11 11 11 11 11 11 11 11 11  0 11  8  8  8 14 11 11 11 11 11 11 11 11 11 11 11 11 11 11 11 11 11 11  0 11 11  0 11 11 11 14 16  0 11  0  0 11 10 11  6  6  7  5  0  0  0 11 34  4  0 18 14  0  9 10  0 12  6  7  8  6  8  0 11 11  0  0  0 10  9  6  7  7  6  8 10 10 13  8 10 11 19  0  0  8  8  7  0  0  0  0 43  0  0  0  0 
11 12 11  0  6 10 43 13  0  0  8  0  7  6  6  0  9  0  0  0 11 11 11 11  9  0  0 11 11  0 14  0 11  7 11 11 11 11  0  0 11 11 11 11 11 11 11 11 11 11  0 11  8  8  8 14 11 11 11 11 11 11 11 11 11 11 11 11 11 11 11 11 11 11  0 11 11  0 11 11 11 14 16  0 11  0  0 11 10 11  6  6  7  5  0  0  0 11 34  4  0 18 14  0  9 10  0 12  6  7  8  6  8  0 11 11  0  0  0 10  9  6  7  7  6  8 10 10 13  8 10 11 19  0  0  8  8  7  0  0  0  0 43  0  0  0  0 
 0  9 12 11  5  8 40 13 11 11 12 11 11 11  6 11 13 11 11 11  0  0  0  0  7 11 11  0  0 11 14 11  0  9  0  0  0  0 11 11  0  0  0  0  0  0  0  0  0  0 11  0 12 12 12 14  0  0  0  0  0  0  0  0  0  0  0  0  0  0  0  0  0  0 11  0  0 11  0  0  0 14 16 11  0 11 11  0 14  0  8 11  8  9 11 11 11  0 39 10 11 18 14 11 13  6 11 15 10  7 12  5  7 11 13 14 11 11 11  6 11  5  9  9  6 11  6  7 13  7  6  5 20 11 11 12  7  8 11 11 11 11 40 11 11 11 11 
39 35 38 34 35 38 24 36 34 34 32 34 34 34 35 34 30 34 34 34 39 39 39 39 36 34 34 39 39 34 35 34 39 34 39 39 39 39 34 34 39 39 39 39 39 39 39 39 39 39 34 39 33 33 33 35 39 39 39 39 39 39 39 39 39 39 39 39 39 39 39 39 39 39 34 39 39 34 39 39 39 35 35 34 39 34 34 39 28 39 32 34 35 32 34 34 34 39  0 32 34 37 35 34 30 35 34 30 33 33 33 35 33 34 30 31 34 34 34 35 33 35 34 34 35 33 35 37 32 35 35 36 38 34 34 33 35 35 34 34 34 34 24 34 34 34 34 
10  9 11  4  5  8 40 10  4  4  4  4  5  5  5  4  8  4  4  4 10 10 10 10  7  4  4 10 10  4 13  4 10  3 10 10 10 10  4  4 10 10 10 10 10 10 10 10 10 10  4 10  5  5  5 13 10 10 10 10 10 10 10 10 10 10 10 10 10 10 10 10 10 10  4 10 10  4 10 10 10 13 12  4 10  4  4 10  9 10  6  5  8  5  4  4  4 10 32  0  4 16 13  4  8  6  4  8  4  3  5  5  7  4  7  8  4  4  4  6  7  5  3  3  5  6  6  7 10  6  6  9 16  4  4  5  6  8  4  4  4  4 40  4  4  4  4 
11 12 11  0  6 10 43 13  0  0  8  0  7  6  6  0  9  0  0  0 11 11 11 11  9  0  0 11 11  0 14  0 11  7 11 11 11 11  0  0 11 11 11 11 11 11 11 11 11 11  0 11  8  8  8 14 11 11 11 11 11 11 11 11 11 11 11 11 11 11 11 11 11 11  0 11 11  0 11 11 11 14 16  0 11  0  0 11 10 11  6  6  7  5  0  0  0 11 34  4  0 18 14  0  9 10  0 12  6  7  8  6  8  0 11 11  0  0  0 10  9  6  7  7  6  8 10 10 13  8 10 11 19  0  0  8  8  7  0  0  0  0 43  0  0  0  0 
18 15 20 18 18 16 49 21 18 18 13 18 15 17 15 18 12 18 18 18 18 18 18 18 19 18 18 18 18 18  9 18 18 16 18 18 18 18 18 18 18 18 18 18 18 18 18 18 18 18 18 18 14 14 14  9 18 18 18 18 18 18 18 18 18 18 18 18 18 18 18 18 18 18 18 18 18 18 18 18 18  9  7 18 18 18 18 18 12 18 17 17 18 16 18 18 18 18 37 16 18  0  9 18 12 15 18 13 16 18 14 18 17 18 12 13 18 18 18 16 16 18 16 16 15 13 15 16  8 12 15 18 12 18 18 14 12 18 18 18 18 18 49 18 18 18 18 
14 12 19 14 15 13 46 18 14 14 12 14 14 13 12 14 11 14 14 14 14 14 14 14 16 14 14 14 14 14  0 14 14 11 14 14 14 14 14 14 14 14 14 14 14 14 14 14 14 14 14 14 13 13 13  0 14 14 14 14 14 14 14 14 14 14 14 14 14 14 14 14 14 14 14 14 14 14 14 14 14  0  6 14 14 14 14 14 11 14 15 13 17 15 14 14 14 14 35 13 14  9  0 14 11 12 14 11 14 14 13 15 14 14 11 12 14 14 14 12 13 15 11 11 12 12 12 13  5  9 12 15 11 14 14 13  9 17 14 14 14 14 46 14 14 14 14 
11 12 11  0  6 10 43 13  0  0  8  0  7  6  6  0  9  0  0  0 11 11 11 11  9  0  0 11 11  0 14  0 11  7 11 11 11 11  0  0 11 11 11 11 11 11 11 11 11 11  0 11  8  8  8 14 11 11 11 11 11 11 11 11 11 11 11 11 11 11 11 11 11 11  0 11 11  0 11 11 11 14 16  0 11  0  0 11 10 11  6  6  7  5  0  0  0 11 34  4  0 18 14  0  9 10  0 12  6  7  8  6  8  0 11 11  0  0  0 10  9  6  7  7  6  8 10 10 13  8 10 11 19  0  0  8  8  7  0  0  0  0 43  0  0  0  0 
13 11 11  9 11 14 37  9  9  9  5  9  9  6  9  9  0  9  9  9 13 13 13 13 12  9  9 13 13  9 11  9 13  6 13 13 13 13  9  9 13 13 13 13 13 13 13 13 13 13  9 13  6  6  6 11 13 13 13 13 13 13 13 13 13 13 13 13 13 13 13 13 13 13  9 13 13  9 13 13 13 11 11  9 13  9  9 13  5 13  8  6 11  8  9  9  9 13 30  8  9 12 11  9  0 12  9  4  7 10  6 11 11  9  2  2  9  9  9 13  4 11  6  6  9  8 12 12  8 10 12 13 19  9  9  6 10 11  9  9  9  9 37  9  9  9  9 
 6  8 12 10  4  4 41 12 10 10 10 10  7  9  4 10 12 10 10 10  6  6  6  6  7 10 10  6  6 10 12 10  6  9  6  6  6  6 10 10  6  6  6  6  6  6  6  6  6  6 10  6 10 10 10 12  6  6  6  6  6  6  6  6  6  6  6  6  6  6  6  6  6  6 10  6  6 10  6  6  6 12 14 10  6 10 10  6 12  6  7  9  8  6 10 10 10  6 35  6 10 15 12 10 12  0 10 11  9  3 10  4  5 10 11 12 10 10 10  1 11  4  9  9  4  9  0  4 11  5  0  3 18 10 10 10  5  8 10 10 10 10 41 10 10 10 10 
11 12 11  0  6 10 43 13  0  0  8  0  7  6  6  0  9  0  0  0 11 11 11 11  9  0  0 11 11  0 14  0 11  7 11 11 11 11  0  0 11 11 11 11 11 11 11 11 11 11  0 11  8  8  8 14 11 11 11 11 11 11 11 11 11 11 11 11 11 11 11 11 11 11  0 11 11  0 11 11 11 14 16  0 11  0  0 11 10 11  6  6  7  5  0  0  0 11 34  4  0 18 14  0  9 10  0 12  6  7  8  6  8  0 11 11  0  0  0 10  9  6  7  7  6  8 10 10 13  8 10 11 19  0  0  8  8  7  0  0  0  0 43  0  0  0  0 
15 12 13 12 12 13 40 12 12 12  5 12  9  8  9 12  4 12 12 12 15 15 15 15 14 12 12 15 15 12 11 12 15  6 15 15 15 15 12 12 15 15 15 15 15 15 15 15 15 15 12 15  6  6  6 11 15 15 15 15 15 15 15 15 15 15 15 15 15 15 15 15 15 15 12 15 15 12 15 15 15 11 12 12 15 12 12 15  3 15 10  8 11  9 12 12 12 15 30  8 12 13 11 12  4 11 12  0  9 11  6 12 11 12  2  3 12 12 12 12  7 12  6  6  9  7 11 12 10 10 11 14 19 12 12  6 10 11 12 12 12 12 40 12 12 12 12 
10 10 10  6  7 11 42  9  6  6  4  6  4  3  6  6  7  6  6  6 10 10 10 10  9  6  6 10 10  6 14  6 10  4 10 10 10 10  6  6 10 10 10 10 10 10 10 10 10 10  6 10  4  4  4 14 10 10 10 10 10 10 10 10 10 10 10 10 10 10 10 10 10 10  6 10 10  6 10 10 10 14 14  6 10  6  6 10 10 10  2  3  7  3  6  6  6 10 33  4  6 16 14  6  7  9  6  9  0  7  4  7  7  6  8  9  6  6  6  8  5  7  4  4  6  6  9 10 12  7  9 12 17  6  6  4  7  7  6  6  6  6 42  6  6  6  6 
 7  9 10  7  7  5 42 12  7  7  7  7  8  8  7  7 10  7  7  7  7  7  7  7  7  7  7  7  7  7 14  7  7  6  7  7  7  7  7  7  7  7  7  7  7  7  7  7  7  7  7  7  8  8  8 14  7  7  7  7  7  7  7  7  7  7  7  7  7  7  7  7  7  7  7  7  7  7  7  7  7 14 15  7  7  7  7  7 12  7  7  8  6  6  7  7  7  7 33  3  7 18 14  7 10  3  7 11  7  0  8  7  5  7 10 11  7  7  7  3  9  7  6  6  7  7  3  4 13  8  3  6 19  7  7  8  8  6  7  7  7  7 42  7  7  7  7 
12  8 14  8  9 11 39 12  8  8  1  8  7  3  8  8  6  8  8  8 12 12 12 12 11  8  8 12 12  8 13  8 12  4 12 12 12 12  8  8 12 12 12 12 12 12 12 12 12 12  8 12  0  0  0 13 12 12 12 12 12 12 12 12 12 12 12 12 12 12 12 12 12 12  8 12 12  8 12 12 12 13 12  8 12  8  8 12  7 12  6  3 11  6  8  8  8 12 33  5  8 14 13  8  6 10  8  6  4  8  0  9  9  8  5  6  8  8  8 11  4  9  4  4  8  6 10 10  9  7 10 12 18  8  8  0  7 11  8  8  8  8 39  8  8  8  8 
 5  8 11  6  0  7 41 11  6  6  9  6  7  7  4  6 11  6  6  6  5  5  5  5  4  6  6  5  5  6 15  6  5  6  5  5  5  5  6  6  5  5  5  5  5  5  5  5  5  5  6  5  9  9  9 15  5  5  5  5  5  5  5  5  5  5  5  5  5  5  5  5  5  5  6  5  5  6  5  5  5 15 16  6  5  6  6  5 12  5  6  7  8  6  6  6  6  5 35  5  6 18 15  6 11  4  6 12  7  7  9  0  2  6 10 11  6  6  6  5  9  0  6  6  4  8  4  6 13  6  4  7 20  6  6  9  6  8  6  6  6  6 41  6  6  6  6 
 7  6 10  8  2  5 41 13  8  8  9  8  6  9  4  8 11  8  8  8  7  7  7  7  6  8  8  7  7  8 14  8  7  7  7  7  7  7  8  8  7  7  7  7  7  7  7  7  7  7  8  7  9  9  9 14  7  7  7  7  7  7  7  7  7  7  7  7  7  7  7  7  7  7  8  7  7  8  7  7  7 14 15  8  7  8  8  7 11  7  5  9  7  4  8  8  8  7 33  7  8 17 14  8 11  5  8 11  7  5  9  2  0  8  9 10  8  8  8  6 10  2  7  7  4  9  5  4 12  5  5  7 19  8  8  9  5  7  8  8  8  8 41  8  8  8  8 
11 12 11  0  6 10 43 13  0  0  8  0  7  6  6  0  9  0  0  0 11 11 11 11  9  0  0 11 11  0 14  0 11  7 11 11 11 11  0  0 11 11 11 11 11 11 11 11 11 11  0 11  8  8  8 14 11 11 11 11 11 11 11 11 11 11 11 11 11 11 11 11 11 11  0 11 11  0 11 11 11 14 16  0 11  0  0 11 10 11  6  6  7  5  0  0  0 11 34  4  0 18 14  0  9 10  0 12  6  7  8  6  8  0 11 11  0  0  0 10  9  6  7  7  6  8 10 10 13  8 10 11 19  0  0  8  8  7  0  0  0  0 43  0  0  0  0 
13 11 13 11 10 12 39 11 11 11  4 11  7  6  7 11  2 11 11 11 13 13 13 13 13 11 11 13 13 11 11 11 13  4 13 13 13 13 11 11 13 13 13 13 13 13 13 13 13 13 11 13  5  5  5 11 13 13 13 13 13 13 13 13 13 13 13 13 13 13 13 13 13 13 11 13 13 11 13 13 13 11 10 11 13 11 11 13  3 13  8  6 10  8 11 11 11 13 30  7 11 12 11 11  2 11 11  2  8 10  5 10  9 11  0  1 11 11 11 12  5 10  4  4  7  6 11 11  8  8 11 13 17 11 11  5  8 10 11 11 11 11 39 11 11 11 11 
14 11 12 11 11 12 39 11 11 11  5 11  8  7  8 11  2 11 11 11 14 14 14 14 14 11 11 14 14 11 12 11 14  5 14 14 14 14 11 11 14 14 14 14 14 14 14 14 14 14 11 14  6  6  6 12 14 14 14 14 14 14 14 14 14 14 14 14 14 14 14 14 14 14 11 14 14 11 14 14 14 12 11 11 14 11 11 14  3 14  9  7 11  9 11 11 11 14 31  8 11 13 12 11  2 12 11  3  9 11  6 11 10 11  1  0 11 11 11 13  6 11  5  5  8  7 12 12  9  9 12 14 18 11 11  6  9 11 11 11 11 11 39 11 11 11 11 
11 12 11  0  6 10 43 13  0  0  8  0  7  6  6  0  9  0  0  0 11 11 11 11  9  0  0 11 11  0 14  0 11  7 11 11 11 11  0  0 11 11 11 11 11 11 11 11 11 11  0 11  8  8  8 14 11 11 11 11 11 11 11 11 11 11 11 11 11 11 11 11 11 11  0 11 11  0 11 11 11 14 16  0 11  0  0 11 10 11  6  6  7  5  0  0  0 11 34  4  0 18 14  0  9 10  0 12  6  7  8  6  8  0 11 11  0  0  0 10  9  6  7  7  6  8 10 10 13  8 10 11 19  0  0  8  8  7  0  0  0  0 43  0  0  0  0 
11 12 11  0  6 10 43 13  0  0  8  0  7  6  6  0  9  0  0  0 11 11 11 11  9  0  0 11 11  0 14  0 11  7 11 11 11 11  0  0 11 11 11 11 11 11 11 11 11 11  0 11  8  8  8 14 11 11 11 11 11 11 11 11 11 11 11 11 11 11 11 11 11 11  0 11 11  0 11 11 11 14 16  0 11  0  0 11 10 11  6  6  7  5  0  0  0 11 34  4  0 18 14  0  9 10  0 12  6  7  8  6  8  0 11 11  0  0  0 10  9  6  7  7  6  8 10 10 13  8 10 11 19  0  0  8  8  7  0  0  0  0 43  0  0  0  0 
11 12 11  0  6 10 43 13  0  0  8  0  7  6  6  0  9  0  0  0 11 11 11 11  9  0  0 11 11  0 14  0 11  7 11 11 11 11  0  0 11 11 11 11 11 11 11 11 11 11  0 11  8  8  8 14 11 11 11 11 11 11 11 11 11 11 11 11 11 11 11 11 11 11  0 11 11  0 11 11 11 14 16  0 11  0  0 11 10 11  6  6  7  5  0  0  0 11 34  4  0 18 14  0  9 10  0 12  6  7  8  6  8  0 11 11  0  0  0 10  9  6  7  7  6  8 10 10 13  8 10 11 19  0  0  8  8  7  0  0  0  0 43  0  0  0  0 
 6  8 12 10  5  5 41 11 10 10 10 10  8  9  5 10 13 10 10 10  6  6  6  6  6 10 10  6  6 10 12 10  6  8  6  6  6  6 10 10  6  6  6  6  6  6  6  6  6  6 10  6 11 11 11 12  6  6  6  6  6  6  6  6  6  6  6  6  6  6  6  6  6  6 10  6  6 10  6  6  6 12 15 10  6 10 10  6 13  6  7  9  8  6 10 10 10  6 35  6 10 16 12 10 13  1 10 12  8  3 11  5  6 10 12 13 10 10 10  0 11  5  8  8  5 10  1  5 12  6  1  4 19 10 10 11  6  8 10 10 10 10 41 10 10 10 10 
11 10 13  9  9 13 40 12  9  9  3  9  7  7 10  9  4  9  9  9 11 11 11 11 10  9  9 11 11  9 13  9 11  6 11 11 11 11  9  9 11 11 11 11 11 11 11 11 11 11  9 11  4  4  4 13 11 11 11 11 11 11 11 11 11 11 11 11 11 11 11 11 11 11  9 11 11  9 11 11 11 13 14  9 11  9  9 11  8 11  7  7 10  6  9  9  9 11 33  7  9 16 13  9  4 11  9  7  5  9  4  9 10  9  5  6  9  9  9 11  0  9  6  6 10  7 11 12 11  8 11 14 19  9  9  4  8 10  9  9  9  9 40  9  9  9  9 
 5  8 11  6  0  7 41 11  6  6  9  6  7  7  4  6 11  6  6  6  5  5  5  5  4  6  6  5  5  6 15  6  5  6  5  5  5  5  6  6  5  5  5  5  5  5  5  5  5  5  6  5  9  9  9 15  5  5  5  5  5  5  5  5  5  5  5  5  5  5  5  5  5  5  6  5  5  6  5  5  5 15 16  6  5  6  6  5 12  5  6  7  8  6  6  6  6  5 35  5  6 18 15  6 11  4  6 12  7  7  9  0  2  6 10 11  6  6  6  5  9  0  6  6  4  8  4  6 13  6  4  7 20  6  6  9  6  8  6  6  6  6 41  6  6  6  6 
 9  9 11  7  6  9 41 10  7  7  3  7  4  2  6  7  6  7  7  7  9  9  9  9  9  7  7  9  9  7 11  7  9  0  9  9  9  9  7  7  9  9  9  9  9  9  9  9  9  9  7  9  4  4  4 11  9  9  9  9  9  9  9  9  9  9  9  9  9  9  9  9  9  9  7  9  9  7  9  9  9 11 14  7  9  7  7  9  7  9  5  2  7  5  7  7  7  9 34  3  7 16 11  7  6  9  7  6  4  6  4  6  7  7  4  5  7  7  7  8  6  6  0  0  6  6  9  9 11  4  9 11 17  7  7  4  4  7  7  7  7  7 41  7  7  7  7 
 9  9 11  7  6  9 41 10  7  7  3  7  4  2  6  7  6  7  7  7  9  9  9  9  9  7  7  9  9  7 11  7  9  0  9  9  9  9  7  7  9  9  9  9  9  9  9  9  9  9  7  9  4  4  4 11  9  9  9  9  9  9  9  9  9  9  9  9  9  9  9  9  9  9  7  9  9  7  9  9  9 11 14  7  9  7  7  9  7  9  5  2  7  5  7  7  7  9 34  3  7 16 11  7  6  9  7  6  4  6  4  6  7  7  4  5  7  7  7  8  6  6  0  0  6  6  9  9 11  4  9 11 17  7  7  4  4  7  7  7  7  7 41  7  7  7  7 
 6  7 13  6  4  6 40 14  6  6  8  6  7  7  0  6  9  6  6  6  6  6  6  6  7  6  6  6  6  6 12  6  6  6  6  6  6  6  6  6  6  6  6  6  6  6  6  6  6  6  6  6  8  8  8 12  6  6  6  6  6  6  6  6  6  6  6  6  6  6  6  6  6  6  6  6  6  6  6  6  6 12 13  6  6  6  6  6  9  6  8  7  9  7  6  6  6  6 35  5  6 15 12  6  9  4  6  9  6  7  8  4  4  6  7  8  6  6  6  5 10  4  6  6  0  7  4  5 10  4  4  7 18  6  6  8  4  9  6  6  6  6 40  6  6  6  6 
11  7 12  8  8 11 41 14  8  8  5  8  5  7  7  8  8  8  8  8 11 11 11 11  9  8  8 11 11  8 12  8 11  6 11 11 11 11  8  8 11 11 11 11 11 11 11 11 11 11  8 11  6  6  6 12 11 11 11 11 11 11 11 11 11 11 11 11 11 11 11 11 11 11  8 11 11  8 11 11 11 12 13  8 11  8  8 11  7 11  7  7  8  6  8  8  8 11 33  6  8 13 12  8  8  9  8  7  6  7  6  8  9  8  6  7  8  8  8 10  7  8  6  6  7  0  9 11 10  7  9 12 17  8  8  6  7  8  8  8  8  8 41  8  8  8  8 
 6  8 12 10  4  4 41 12 10 10 10 10  7  9  4 10 12 10 10 10  6  6  6  6  7 10 10  6  6 10 12 10  6  9  6  6  6  6 10 10  6  6  6  6  6  6  6  6  6  6 10  6 10 10 10 12  6  6  6  6  6  6  6  6  6  6  6  6  6  6  6  6  6  6 10  6  6 10  6  6  6 12 14 10  6 10 10  6 12  6  7  9  8  6 10 10 10  6 35  6 10 15 12 10 12  0 10 11  9  3 10  4  5 10 11 12 10 10 10  1 11  4  9  9  4  9  0  4 11  5  0  3 18 10 10 10  5  8 10 10 10 10 41 10 10 10 10 
 7  6 14 10  6  6 42 14 10 10  9 10  9  9  5 10 12 10 10 10  7  7  7  7  7 10 10  7  7 10 13 10  7  9  7  7  7  7 10 10  7  7  7  7  7  7  7  7  7  7 10  7 10 10 10 13  7  7  7  7  7  7  7  7  7  7  7  7  7  7  7  7  7  7 10  7  7 10  7  7  7 13 13 10  7 10 10  7 12  7  8  9 10  7 10 10 10  7 37  7 10 16 13 10 12  4 10 12 10  4 10  6  4 10 11 12 10 10 10  5 12  6  9  9  5 11  4  0 11  5  4  3 17 10 10 10  5 10 10 10 10 10 42 10 10 10 10 
13 10 19 13 13 11 44 17 13 13  9 13 11 12 10 13  8 13 13 13 13 13 13 13 14 13 13 13 13 13  5 13 13 11 13 13 13 13 13 13 13 13 13 13 13 13 13 13 13 13 13 13  9  9  9  5 13 13 13 13 13 13 13 13 13 13 13 13 13 13 13 13 13 13 13 13 13 13 13 13 13  5  5 13 13 13 13 13  7 13 13 12 16 12 13 13 13 13 32 10 13  8  5 13  8 11 13 10 12 13  9 13 12 13  8  9 13 13 13 12 11 13 11 11 10 10 11 11  0  7 11 13 12 13 13  9  7 16 13 13 13 13 44 13 13 13 13 
 7  5 14  8  6  5 42 13  8  8  7  8  8  5  4  8 10  8  8  8  7  7  7  7  7  8  8  7  7  8  9  8  7  4  7  7  7  7  8  8  7  7  7  7  7  7  7  7  7  7  8  7  7  7  7  9  7  7  7  7  7  7  7  7  7  7  7  7  7  7  7  7  7  7  8  7  7  8  7  7  7  9 10  8  7  8  8  7 11  7  9  5 11  8  8  8  8  7 35  6  8 12  9  8 10  5  8 10  7  8  7  6  5  8  8  9  8  8  8  6  8  6  4  4  4  7  5  5  7  0  5  7 15  8  8  7  0 11  8  8  8  8 42  8  8  8  8 
 6  8 12 10  4  4 41 12 10 10 10 10  7  9  4 10 12 10 10 10  6  6  6  6  7 10 10  6  6 10 12 10  6  9  6  6  6  6 10 10  6  6  6  6  6  6  6  6  6  6 10  6 10 10 10 12  6  6  6  6  6  6  6  6  6  6  6  6  6  6  6  6  6  6 10  6  6 10  6  6  6 12 14 10  6 10 10  6 12  6  7  9  8  6 10 10 10  6 35  6 10 15 12 10 12  0 10 11  9  3 10  4  5 10 11 12 10 10 10  1 11  4  9  9  4  9  0  4 11  5  0  3 18 10 10 10  5  8 10 10 10 10 41 10 10 10 10 
 5  9 13 11  7  7 40 15 11 11 11 11  9 12  7 11 13 11 11 11  5  5  5  5  9 11 11  5  5 11 15 11  5 11  5  5  5  5 11 11  5  5  5  5  5  5  5  5  5  5 11  5 12 12 12 15  5  5  5  5  5  5  5  5  5  5  5  5  5  5  5  5  5  5 11  5  5 11  5  5  5 15 15 11  5 11 11  5 15  5 10 12  9  9 11 11 11  5 36  9 11 18 15 11 13  3 11 14 12  6 12  7  7 11 13 14 11 11 11  4 14  7 11 11  7 12  3  3 13  7  3  0 19 11 11 12  7  9 11 11 11 11 40 11 11 11 11 
20 18 26 19 20 20 52 24 19 19 18 19 18 19 18 19 19 19 19 19 20 20 20 20 22 19 19 20 20 19 11 19 20 17 20 20 20 20 19 19 20 20 20 20 20 20 20 20 20 20 19 20 18 18 18 11 20 20 20 20 20 20 20 20 20 20 20 20 20 20 20 20 20 20 19 20 20 19 20 20 20 11 13 19 20 19 19 20 16 20 19 19 23 20 19 19 19 20 38 16 19 12 11 19 19 18 19 19 17 19 18 20 19 19 17 18 19 19 19 19 19 20 17 17 18 17 18 17 12 15 18 19  0 19 19 18 15 23 19 19 19 19 52 19 19 19 19 
11 12 11  0  6 10 43 13  0  0  8  0  7  6  6  0  9  0  0  0 11 11 11 11  9  0  0 11 11  0 14  0 11  7 11 11 11 11  0  0 11 11 11 11 11 11 11 11 11 11  0 11  8  8  8 14 11 11 11 11 11 11 11 11 11 11 11 11 11 11 11 11 11 11  0 11 11  0 11 11 11 14 16  0 11  0  0 11 10 11  6  6  7  5  0  0  0 11 34  4  0 18 14  0  9 10  0 12  6  7  8  6  8  0 11 11  0  0  0 10  9  6  7  7  6  8 10 10 13  8 10 11 19  0  0  8  8  7  0  0  0  0 43  0  0  0  0 
11 12 11  0  6 10 43 13  0  0  8  0  7  6  6  0  9  0  0  0 11 11 11 11  9  0  0 11 11  0 14  0 11  7 11 11 11 11  0  0 11 11 11 11 11 11 11 11 11 11  0 11  8  8  8 14 11 11 11 11 11 11 11 11 11 11 11 11 11 11 11 11 11 11  0 11 11  0 11 11 11 14 16  0 11  0  0 11 10 11  6  6  7  5  0  0  0 11 34  4  0 18 14  0  9 10  0 12  6  7  8  6  8  0 11 11  0  0  0 10  9  6  7  7  6  8 10 10 13  8 10 11 19  0  0  8  8  7  0  0  0  0 43  0  0  0  0 
12  8 14  8  9 11 39 12  8  8  1  8  7  3  8  8  6  8  8  8 12 12 12 12 11  8  8 12 12  8 13  8 12  4 12 12 12 12  8  8 12 12 12 12 12 12 12 12 12 12  8 12  0  0  0 13 12 12 12 12 12 12 12 12 12 12 12 12 12 12 12 12 12 12  8 12 12  8 12 12 12 13 12  8 12  8  8 12  7 12  6  3 11  6  8  8  8 12 33  5  8 14 13  8  6 10  8  6  4  8  0  9  9  8  5  6  8  8  8 11  4  9  4  4  8  6 10 10  9  7 10 12 18  8  8  0  7 11  8  8  8  8 39  8  8  8  8 
 7  5 14  8  6  5 42 13  8  8  7  8  8  5  4  8 10  8  8  8  7  7  7  7  7  8  8  7  7  8  9  8  7  4  7  7  7  7  8  8  7  7  7  7  7  7  7  7  7  7  8  7  7  7  7  9  7  7  7  7  7  7  7  7  7  7  7  7  7  7  7  7  7  7  8  7  7  8  7  7  7  9 10  8  7  8  8  7 11  7  9  5 11  8  8  8  8  7 35  6  8 12  9  8 10  5  8 10  7  8  7  6  5  8  8  9  8  8  8  6  8  6  4  4  4  7  5  5  7  0  5  7 15  8  8  7  0 11  8  8  8  8 42  8  8  8  8 
 8 11  4  7  8 11 40  6  7  7 10  7  9  9  9  7 11  7  7  7  8  8  8  8  9  7  7  8  8  7 17  7  8  7  8  8  8  8  7  7  8  8  8  8  8  8  8  8  8  8  7  8 11 11 11 17  8  8  8  8  8  8  8  8  8  8  8  8  8  8  8  8  8  8  7  8  8  7  8  8  8 17 17  7  8  7  7  8 12  8  6  9  0  7  7  7  7  8 35  8  7 18 17  7 11  8  7 11  7  6 11  8  7  7 10 11  7  7  7  8 10  8  7  7  9  8  8 10 16 11  8  9 23  7  7 11 11  0  7  7  7  7 40  7  7  7  7 
11 12 11  0  6 10 43 13  0  0  8  0  7  6  6  0  9  0  0  0 11 11 11 11  9  0  0 11 11  0 14  0 11  7 11 11 11 11  0  0 11 11 11 11 11 11 11 11 11 11  0 11  8  8  8 14 11 11 11 11 11 11 11 11 11 11 11 11 11 11 11 11 11 11  0 11 11  0 11 11 11 14 16  0 11  0  0 11 10 11  6  6  7  5  0  0  0 11 34  4  0 18 14  0  9 10  0 12  6  7  8  6  8  0 11 11  0  0  0 10  9  6  7  7  6  8 10 10 13  8 10 11 19  0  0  8  8  7  0  0  0  0 43  0  0  0  0 
11 12 11  0  6 10 43 13  0  0  8  0  7  6  6  0  9  0  0  0 11 11 11 11  9  0  0 11 11  0 14  0 11  7 11 11 11 11  0  0 11 11 11 11 11 11 11 11 11 11  0 11  8  8  8 14 11 11 11 11 11 11 11 11 11 11 11 11 11 11 11 11 11 11  0 11 11  0 11 11 11 14 16  0 11  0  0 11 10 11  6  6  7  5  0  0  0 11 34  4  0 18 14  0  9 10  0 12  6  7  8  6  8  0 11 11  0  0  0 10  9  6  7  7  6  8 10 10 13  8 10 11 19  0  0  8  8  7  0  0  0  0 43  0  0  0  0 
11 12 11  0  6 10 43 13  0  0  8  0  7  6  6  0  9  0  0  0 11 11 11 11  9  0  0 11 11  0 14  0 11  7 11 11 11 11  0  0 11 11 11 11 11 11 11 11 11 11  0 11  8  8  8 14 11 11 11 11 11 11 11 11 11 11 11 11 11 11 11 11 11 11  0 11 11  0 11 11 11 14 16  0 11  0  0 11 10 11  6  6  7  5  0  0  0 11 34  4  0 18 14  0  9 10  0 12  6  7  8  6  8  0 11 11  0  0  0 10  9  6  7  7  6  8 10 10 13  8 10 11 19  0  0  8  8  7  0  0  0  0 43  0  0  0  0 
11 12 11  0  6 10 43 13  0  0  8  0  7  6  6  0  9  0  0  0 11 11 11 11  9  0  0 11 11  0 14  0 11  7 11 11 11 11  0  0 11 11 11 11 11 11 11 11 11 11  0 11  8  8  8 14 11 11 11 11 11 11 11 11 11 11 11 11 11 11 11 11 11 11  0 11 11  0 11 11 11 14 16  0 11  0  0 11 10 11  6  6  7  5  0  0  0 11 34  4  0 18 14  0  9 10  0 12  6  7  8  6  8  0 11 11  0  0  0 10  9  6  7  7  6  8 10 10 13  8 10 11 19  0  0  8  8  7  0  0  0  0 43  0  0  0  0 
40 43 37 43 41 43  0 37 43 43 38 43 42 41 40 43 37 43 43 43 40 40 40 40 40 43 43 40 40 43 46 43 40 41 40 40 40 40 43 43 40 40 40 40 40 40 40 40 40 40 43 40 39 39 39 46 40 40 40 40 40 40 40 40 40 40 40 40 40 40 40 40 40 40 43 40 40 43 40 40 40 46 48 43 40 43 43 40 40 40 40 41 40 40 43 43 43 40 24 40 43 49 46 43 37 41 43 40 42 42 39 41 41 43 39 39 43 43 43 41 40 41 41 41 40 41 41 42 44 42 41 40 52 43 43 39 42 40 43 43 43 43  0 43 43 43 43 
11 12 11  0  6 10 43 13  0  0  8  0  7  6  6  0  9  0  0  0 11 11 11 11  9  0  0 11 11  0 14  0 11  7 11 11 11 11  0  0 11 11 11 11 11 11 11 11 11 11  0 11  8  8  8 14 11 11 11 11 11 11 11 11 11 11 11 11 11 11 11 11 11 11  0 11 11  0 11 11 11 14 16  0 11  0  0 11 10 11  6  6  7  5  0  0  0 11 34  4  0 18 14  0  9 10  0 12  6  7  8  6  8  0 11 11  0  0  0 10  9  6  7  7  6  8 10 10 13  8 10 11 19  0  0  8  8  7  0  0  0  0 43  0  0  0  0 
11 12 11  0  6 10 43 13  0  0  8  0  7  6  6  0  9  0  0  0 11 11 11 11  9  0  0 11 11  0 14  0 11  7 11 11 11 11  0  0 11 11 11 11 11 11 11 11 11 11  0 11  8  8  8 14 11 11 11 11 11 11 11 11 11 11 11 11 11 11 11 11 11 11  0 11 11  0 11 11 11 14 16  0 11  0  0 11 10 11  6  6  7  5  0  0  0 11 34  4  0 18 14  0  9 10  0 12  6  7  8  6  8  0 11 11  0  0  0 10  9  6  7  7  6  8 10 10 13  8 10 11 19  0  0  8  8  7  0  0  0  0 43  0  0  0  0 
11 12 11  0  6 10 43 13  0  0  8  0  7  6  6  0  9  0  0  0 11 11 11 11  9  0  0 11 11  0 14  0 11  7 11 11 11 11  0  0 11 11 11 11 11 11 11 11 11 11  0 11  8  8  8 14 11 11 11 11 11 11 11 11 11 11 11 11 11 11 11 11 11 11  0 11 11  0 11 11 11 14 16  0 11  0  0 11 10 11  6  6  7  5  0  0  0 11 34  4  0 18 14  0  9 10  0 12  6  7  8  6  8  0 11 11  0  0  0 10  9  6  7  7  6  8 10 10 13  8 10 11 19  0  0  8  8  7  0  0  0  0 43  0  0  0  0 
11 12 11  0  6 10 43 13  0  0  8  0  7  6  6  0  9  0  0  0 11 11 11 11  9  0  0 11 11  0 14  0 11  7 11 11 11 11  0  0 11 11 11 11 11 11 11 11 11 11  0 11  8  8  8 14 11 11 11 11 11 11 11 11 11 11 11 11 11 11 11 11 11 11  0 11 11  0 11 11 11 14 16  0 11  0  0 11 10 11  6  6  7  5  0  0  0 11 34  4  0 18 14  0  9 10  0 12  6  7  8  6  8  0 11 11  0  0  0 10  9  6  7  7  6  8 10 10 13  8 10 11 19  0  0  8  8  7  0  0  0  0 43  0  0  0  0 
