Instance Date: 20090608

VehicleNumber---RequestNumber---MaxTravelTime---DisinfectionTime
    5              78               90             30

VehicleCapacity---VehicleLunchReadyTime---VehicleLunchDueTime---VehicleLunchDuration
    10                    690                    750                     60

LocationID---StaffDemand---SeatDemand---ReadyTime---DueTime---ServiceTime
    0            0              0          450        1230         0
    1            2            1.5          480         510        10
    2            2            1.5          490         550        10
    3            3              3          550         610        10
    4            2            1.5          480         500         3
    5            2            1.5          500         560         3
    6            2            1.5          480         510         8
    7            2            2.5          645         705        10
    8            2              4          640         700        10
    9            2            1.5          510         570        10
   10            2            1.5          480         540        10
   11            2            2.5          480         500        10
   12            2              3          480         510         8
   13            2              3          480         750         8
   14            2            2.5          520         580        10
   15            2              3          630         750         8
   16            2            1.5          620         680         8
   17            2            2.5          780         840        10
   18            2            1.5          624         684         8
   19            2            1.5          625         685         8
   20            2            2.5          720         780        10
   21            2              3          480        1200         8
   22            2              1          480         750         8
   23            2              1          480        1200         8
   24            2              4          669         729         8
   25            2            2.5          671         731         8
   26            2              1          750        1200         8
   27            2              1          480        1200         8
   28            2              3          750        1200         8
   29            2              3          750        1200         8
   30            2              4          825         885        15
   31            2              4          671         731         8
   32            2              3          480         750         8
   33            2              4          765         855         8
   34            2              1          760         910         8
   35            2              1          480        1200         8
   36            2              1          750        1200         8
   37            2              3          750        1200         8
   38            3              3          729         849         8
   39            2              1          480        1200         8
   40            2              3          780         930         8
   41            2              1          480        1200         8
   42            2              1          480        1200         8
   43            2            1.5          765         855         8
   44            2              1          480        1200         8
   45            2              3          797         917         8
   46            2              3          750        1200         8
   47            2              3          750        1200         8
   48            2              3          870         990         8
   49            2              3          818         938         8
   50            2              3          960        1080         8
   51            2              1          750        1200         8
   52            2              3          480        1200         8
   53            2              1          930        1050         8
   54            2              3          806         926         8
   55            2            1.5          796         856         8
   56            2              3          960        1080         8
   57            2              1          800         920         8
   58            3            2.5          901         961         8
   59            2              3          480        1200         8
   60            2              1          480        1200         8
   61            3              1          480        1200         8
   62            2            2.5          852         912         8
   63            2            1.5          902        1022         8
   64            2            1.5          803         863         8
   65            2              3          480        1200         8
   66            2              1          900        1020         8
   67            2              4          901        1021         8
   68            3              4          902         962         8
   69            2              1          960        1080         8
   70            2              3          990        1110         8
   71            2              3          750        1200         8
   72            3              3          972        1122         8
   73            2              3          480        1200         8
   74            2            2.5          900         960         8
   75            2              1          750        1200         8
   76            2              1          750        1200         8
   77            2            1.5          671         731         8
   78            2              1          960        1080         8
   79            2           -1.5          480         540         3
   80            2           -1.5          510         570         3
   81            3             -3          570         630         3
   82            2           -1.5          480         540         3
   83            2           -1.5          510         570         3
   84            2           -1.5          465         555         3
   85            2           -2.5          675         735         3
   86            2             -4          660         720         3
   87            2           -1.5          540         600         3
   88            2           -1.5          510         570         3
   89            2           -2.5          490         550         3
   90            2             -3          495         585         3
   91            2             -3          480         750         3
   92            2           -2.5          540         600         3
   93            2             -3          630         770         3
   94            2           -1.5          620         700        10
   95            2           -2.5          810         870         3
   96            2           -1.5          624         704        10
   97            2           -1.5          625         705        10
   98            2           -2.5          750         810         3
   99            2             -3          480        1200         3
  100            2             -1          480         750         3
  101            2             -1          480        1200        10
  102            2             -4          669         759        10
  103            2           -2.5          671         751        10
  104            2             -1          750        1200        10
  105            2             -1          480        1200        10
  106            2             -3          750        1200        10
  107            2             -3          750        1200        10
  108            2             -4          855         915         3
  109            2             -4          671         751        10
  110            2             -3          480         750         3
  111            2             -4          795         885         3
  112            2             -1          760         940         3
  113            2             -1          480        1200        10
  114            2             -1          750        1200        10
  115            2             -3          750        1200        10
  116            3             -3          729         869        10
  117            2             -1          480        1200         3
  118            2             -3          780         960         3
  119            2             -1          480        1200         3
  120            2             -1          480        1200         3
  121            2           -1.5          795         885         3
  122            2             -1          480        1200        10
  123            2             -3          797         937        10
  124            2             -3          750        1200        10
  125            2             -3          750        1200        10
  126            2             -3          870        1010        10
  127            2             -3          818         958        10
  128            2             -3          960        1110        10
  129            2             -1          750        1200         3
  130            2             -3          480        1200        10
  131            2             -1          930        1080        10
  132            2             -3          806         956        10
  133            2           -1.5          796         876        10
  134            2             -3          960        1100        10
  135            2             -1          800         940        10
  136            3           -2.5          901         991         9
  137            2             -3          480        1200        10
  138            2             -1          480        1200        10
  139            3             -1          480        1200        33
  140            2           -2.5          852         942        10
  141            2           -1.5          902        1042         3
  142            2           -1.5          803         883        10
  143            2             -3          480        1200        10
  144            2             -1          900        1050        10
  145            2             -4          901        1041         3
  146            3             -4          902         982        15
  147            2             -1          960        1100        10
  148            2             -3          990        1140        10
  149            2             -3          750        1200         3
  150            3             -3          972        1152         3
  151            2             -3          480        1200         3
  152            2           -2.5          900         980        10
  153            2             -1          750        1200        10
  154            2             -1          750        1200        10
  155            2           -1.5          671         751        10
  156            2             -1          960        1100        10

Travel Time Between Locations
 0  7 11 10 10  9 11 11  6 13 15 13 11 11  6  0 11 11 11 11 11  0  0  0  0  0 11 11 11  0  6  0  0 12  0  0  0  0  0  0  0  0  0 11  0  0  0  0  0  0 12  0  0  0  0 11 12  0  0  0  0  0  0  0 11  0  0  0  0  0  0  0  0 11  0  0  0 11 12 11 11 11 11 11 16  0  0 11 11  8  7 19  0 11 10  0 12 11  0 11 11 13 20 11 11 12 14 10  0  6 12  0 11 12 14  7 10 12 12 12 11  0  5 10 14  9  9  9  6 11 12 12 13 15 12  6 12 14 13 12 19 11  7  9 12 12  6  6 13 16 11  0 11  8 13 13  6 
 7  0  4  6  5  7  9 13 10  8 12  9  9  9  8  7  9  4  9  9  9  7  7  7  7  7  9  9  9  7  1  7  7  7  7  7  7  7  7  7  7  7  7  9  7  7  7  7  7  7  7  7  7  7  7  9  7  7  7  7  7  7  7  7  9  7  7  7  7  7  7  7  7  9  7  7  7  9  7  9  9  9  9  9 12  7  7  9  9  6 10 15  7  9  6  7  8  8  7  9  9 10 16 13  8  9  9  5  7 10  7  7  9  7 11  0  5  7  7  7  9  7  7  8  9  3  3  5  8  9  9  9 10 12  9  7 11 10  8  9 21  9  8  3  9  7  1  6  8 12  9  7  9  1  9  8  8 
11  4  0  6  5  5  8 17 12  8 10  8  8  8  7 11  8  0  8  8 13 11 11 11 11 11  8  8  8 11  5 11 11  7 11 11 11 11 11 11 11 11 11  8 11 11 11 11 11 11  7 11 11 11 11  8  7 11 11 11 11 11 11 11  8 11 11 11 11 11 11 11 11  8 11 11 11  8  7  8  8  8  8  8 14 11 11  8  8  5 11 18 11  8  6 11  7  6 11  8  8  9 16 17  7  7  8  4 11 12  7 11  8  7  9  4  4  7  7  7  8 11  6  8  8  5  5  8 10  8  7  7  8 10  7  8 11  9  7  7 22  8 10  4  8  7  5  9  7 14  8 11 13  4  8  8  7 
10  6  6  0  2  5  6 16 13  7 10  7  6  6  7 10  6  6  6  6 13 10 10 10 10 10  6  6  6 10  7 10 10  4 10 10 10 10 10 10 10 10 10  6 10 10 10 10 10 10  4 10 10 10 10  6  4 10 10 10 10 10 10 10  6 10 10 10 10 10 10 10 10  6 10 10 10  6  4  6  6  6  6  6 13 10 10  6  6  4 14 18 10  6  0 10  4  4 10  6  6  6 15 16  4  7  7  2 10 13  4 10  6  5  9  6  2  4  4  4  6 10  8  5  7  6  6  6 12  6  7  7  7 10  7 11  9  5  6  7 20  6 11  6  6  4  7  9  6 13  6 10 13  5  8  7  7 
10  5  5  2  0  3  6 15 13  7  9  6  6  6  5 10  6  5  6  6 12 10 10 10 10 10  6  6  6 10  6 10 10  2 10 10 10 10 10 10 10 10 10  6 10 10 10 10 10 10  2 10 10 10 10  6  2 10 10 10 10 10 10 10  6 10 10 10 10 10 10 10 10  6 10 10 10  6  2  6  6  6  6  6 13 10 10  6  6  3 13 17 10  6  2 10  5  5 10  6  6  6 14 15  5  6  6  2 10 13  2 10  6  4  8  5  2  2  2  2  6 10  7  6  6  6  6  5 11  6  6  6  7  9  6  9  9  5  5  6 20  6 11  5  6  2  6  8  5 13  6 10 12  5  7  7  5 
 9  7  5  5  3  0  5 15 12  7 11  9  5  5  5  9  5  5  5  5 13  9  9  9  9  9  5  5  5  9  7  9  9  5  9  9  9  9  9  9  9  9  9  5  9  9  9  9  9  9  5  9  9  9  9  5  5  9  9  9  9  9  9  9  5  9  9  9  9  9  9  9  9  5  9  9  9  5  5  5  5  5  5  5 13  9  9  5  5  4 12 15  9  5  5  9  3  7  9  5  5  6 14 15  5  8  9  4  9 12  5  9  5  5 10  7  4  5  5  5  5  9  7  4  9  6  6  8 12  5  8  8  8 11  8 11  6  7  8  8 22  5 11  7  9  5  7  9  8 13  5  9 13  6  9  7  5 
11  9  8  6  6  5  0 15 14  9 10  9  0  0  6 11  0  8  0  0 13 11 11 11 11 11  0  0  0 11  9 11 11  8 11 11 11 11 11 11 11 11 11  0 11 11 11 11 11 11  8 11 11 11 11  0  8 11 11 11 11 11 11 11  0 11 11 11 11 11 11 11 11  0 11 11 11  0  8  0  0  0  0  0 16 11 11  0  0  3 12 18 11  0  6 11  8  7 11  0  0  9 15 15  7  8 10  7 11 14  8 11  0  6 10  9  7  8  8  8  0 11  6  5 10  8  8 10 14  0  8  8  9 10  8 11  7 10  9  8 24  0 10  7  8  8  9 11  9 16  0 11 13  9  9  9  6 
11 13 17 16 15 15 15  0 16 19 21 19 15 15 12 11 15 17 15 15 16 11 11 11 11 11 15 15 15 11 12 11 11 17 11 11 11 11 11 11 11 11 11 15 11 11 11 11 11 11 17 11 11 11 11 15 17 11 11 11 11 11 11 11 15 11 11 11 11 11 11 11 11 15 11 11 11 15 17 15 15 15 15 15 21 11 11 15 15 14 15 25 11 15 16 11 18 17 11 15 15 19 23  0 18 18 18 15 11 16 17 11 15 17 20 13 15 17 17 17 15 11 12 13 18 12 12 15 16 15 18 18 19 21 18 12 16 19 17 18 24 15 15 13 18 17 12 11 17 21 15 11 16 14 19 19 12 
 6 10 12 13 13 12 14 16  0 16 17 15 14 14 11  6 14 12 14 14  8  6  6  6  6  6 14 14 14  6 10  6  6 15  6  6  6  6  6  6  6  6  6 14  6  6  6  6  6  6 15  6  6  6  6 14 15  6  6  6  6  6  6  6 14  6  6  6  6  6  6  6  6 14  6  6  6 14 15 14 14 14 14 14 20  6  6 14 14 12  3 23  6 14 13  6 14 14  6 14 14 16 22 16 14 14 15 14  6  0 15  6 14 14 16 10 14 15 15 15 14  6  9 12 15 10 10 12  7 14 14 14 16 17 14 10 15 16 14 14 16 14 12  9 15 15 10  8 14 20 14  6  8 11 16 16 11 
13  8  8  7  7  7  9 19 16  0  8  5  9  9  8 13  9  8  9  9 15 13 13 13 13 13  9  9  9 13  8 13 13  6 13 13 13 13 13 13 13 13 13  9 13 13 13 13 13 13  6 13 13 13 13  9  6 13 13 13 13 13 13 13  9 13 13 13 13 13 13 13 13  9 13 13 13  9  6  9  9  9  9  9 10 13 13  9  9  6 15 15 13  9  7 13  6  4 13  9  9  7 13 19  5  5  6  8 13 16  6 13  9  4  7  8  8  6  6  6  9 13  9  9  6  8  8  9 14  9  5  5  4  8  5 12 13  7  5  5 19  9 13  8  4  6  8 11  5 10  9 13 15  7  3  0  8 
15 12 10 10  9 11 10 21 17  8  0  5 10 10 13 15 10 10 10 10 19 15 15 15 15 15 10 10 10 15 12 15 15  9 15 15 15 15 15 15 15 15 15 10 15 15 15 15 15 15  9 15 15 15 15 10  9 15 15 15 15 15 15 15 10 15 15 15 15 15 15 15 15 10 15 15 15 10  9 10 10 10 10 10 15 15 15 10 10 10 18 20 15 10 10 15  8  6 15 10 10  6 15 21  7  3  5  9 15 17  9 15 10  8  1 12  9  9  9  9 10 15 13 10  4 11 11 12 17 10  3  3  5  0  3 16 14  6  4  3 22 10 17 12  5  9 12 14  4 15 10 15 19 11  8  8 13 
13  9  8  7  6  9  9 19 15  5  5  0  9  9 10 13  9  8  9  9 17 13 13 13 13 13  9  9  9 13 10 13 13  7 13 13 13 13 13 13 13 13 13  9 13 13 13 13 13 13  7 13 13 13 13  9  7 13 13 13 13 13 13 13  9 13 13 13 13 13 13 13 13  9 13 13 13  9  7  9  9  9  9  9 14 13 13  9  9  7 16 17 13  9  7 13  7  4 13  9  9  4 12 19  5  2  3  7 13 15  7 13  9  6  4  9  7  7  7  7  9 13 12  9  3  9  9 10 15  9  2  2  2  5  2 14 12  4  2  2 19  9 15 10  1  7 10 12  2 14  9 13 17  9  6  5 10 
11  9  8  6  6  5  0 15 14  9 10  9  0  0  6 11  0  8  0  0 13 11 11 11 11 11  0  0  0 11  9 11 11  8 11 11 11 11 11 11 11 11 11  0 11 11 11 11 11 11  8 11 11 11 11  0  8 11 11 11 11 11 11 11  0 11 11 11 11 11 11 11 11  0 11 11 11  0  8  0  0  0  0  0 16 11 11  0  0  3 12 18 11  0  6 11  8  7 11  0  0  9 15 15  7  8 10  7 11 14  8 11  0  6 10  9  7  8  8  8  0 11  6  5 10  8  8 10 14  0  8  8  9 10  8 11  7 10  9  8 24  0 10  7  8  8  9 11  9 16  0 11 13  9  9  9  6 
11  9  8  6  6  5  0 15 14  9 10  9  0  0  6 11  0  8  0  0 13 11 11 11 11 11  0  0  0 11  9 11 11  8 11 11 11 11 11 11 11 11 11  0 11 11 11 11 11 11  8 11 11 11 11  0  8 11 11 11 11 11 11 11  0 11 11 11 11 11 11 11 11  0 11 11 11  0  8  0  0  0  0  0 16 11 11  0  0  3 12 18 11  0  6 11  8  7 11  0  0  9 15 15  7  8 10  7 11 14  8 11  0  6 10  9  7  8  8  8  0 11  6  5 10  8  8 10 14  0  8  8  9 10  8 11  7 10  9  8 24  0 10  7  8  8  9 11  9 16  0 11 13  9  9  9  6 
 6  8  7  7  5  5  6 12 11  8 13 10  6  6  0  6  6  7  6  6 10  6  6  6  6  6  6  6  6  6  9  6  6  7  6  6  6  6  6  6  6  6  6  6  6  6  6  6  6  6  7  6  6  6  6  6  7  6  6  6  6  6  6  6  6  6  6  6  6  6  6  6  6  6  6  6  6  6  7  6  6  6  6  6 15  6  6  6  6  4 10 17  6  6  7  6  7  9  6  6  6 11 15 12  9 10 10  6  6 11  7  6  6  7 12  8  6  7  7  7  6  6  4  4 10  7  7 10 11  6 10 10 10 13 10  9  6 10  9 10 21  6  8  7 10  7  9  9  9 15  6  6 10  8 11  8  0 
 0  7 11 10 10  9 11 11  6 13 15 13 11 11  6  0 11 11 11 11 11  0  0  0  0  0 11 11 11  0  6  0  0 12  0  0  0  0  0  0  0  0  0 11  0  0  0  0  0  0 12  0  0  0  0 11 12  0  0  0  0  0  0  0 11  0  0  0  0  0  0  0  0 11  0  0  0 11 12 11 11 11 11 11 16  0  0 11 11  8  7 19  0 11 10  0 12 11  0 11 11 13 20 11 11 12 14 10  0  6 12  0 11 12 14  7 10 12 12 12 11  0  5 10 14  9  9  9  6 11 12 12 13 15 12  6 12 14 13 12 19 11  7  9 12 12  6  6 13 16 11  0 11  8 13 13  6 
11  9  8  6  6  5  0 15 14  9 10  9  0  0  6 11  0  8  0  0 13 11 11 11 11 11  0  0  0 11  9 11 11  8 11 11 11 11 11 11 11 11 11  0 11 11 11 11 11 11  8 11 11 11 11  0  8 11 11 11 11 11 11 11  0 11 11 11 11 11 11 11 11  0 11 11 11  0  8  0  0  0  0  0 16 11 11  0  0  3 12 18 11  0  6 11  8  7 11  0  0  9 15 15  7  8 10  7 11 14  8 11  0  6 10  9  7  8  8  8  0 11  6  5 10  8  8 10 14  0  8  8  9 10  8 11  7 10  9  8 24  0 10  7  8  8  9 11  9 16  0 11 13  9  9  9  6 
11  4  0  6  5  5  8 17 12  8 10  8  8  8  7 11  8  0  8  8 13 11 11 11 11 11  8  8  8 11  5 11 11  7 11 11 11 11 11 11 11 11 11  8 11 11 11 11 11 11  7 11 11 11 11  8  7 11 11 11 11 11 11 11  8 11 11 11 11 11 11 11 11  8 11 11 11  8  7  8  8  8  8  8 14 11 11  8  8  5 11 18 11  8  6 11  7  6 11  8  8  9 16 17  7  7  8  4 11 12  7 11  8  7  9  4  4  7  7  7  8 11  6  8  8  5  5  8 10  8  7  7  8 10  7  8 11  9  7  7 22  8 10  4  8  7  5  9  7 14  8 11 13  4  8  8  7 
11  9  8  6  6  5  0 15 14  9 10  9  0  0  6 11  0  8  0  0 13 11 11 11 11 11  0  0  0 11  9 11 11  8 11 11 11 11 11 11 11 11 11  0 11 11 11 11 11 11  8 11 11 11 11  0  8 11 11 11 11 11 11 11  0 11 11 11 11 11 11 11 11  0 11 11 11  0  8  0  0  0  0  0 16 11 11  0  0  3 12 18 11  0  6 11  8  7 11  0  0  9 15 15  7  8 10  7 11 14  8 11  0  6 10  9  7  8  8  8  0 11  6  5 10  8  8 10 14  0  8  8  9 10  8 11  7 10  9  8 24  0 10  7  8  8  9 11  9 16  0 11 13  9  9  9  6 
11  9  8  6  6  5  0 15 14  9 10  9  0  0  6 11  0  8  0  0 13 11 11 11 11 11  0  0  0 11  9 11 11  8 11 11 11 11 11 11 11 11 11  0 11 11 11 11 11 11  8 11 11 11 11  0  8 11 11 11 11 11 11 11  0 11 11 11 11 11 11 11 11  0 11 11 11  0  8  0  0  0  0  0 16 11 11  0  0  3 12 18 11  0  6 11  8  7 11  0  0  9 15 15  7  8 10  7 11 14  8 11  0  6 10  9  7  8  8  8  0 11  6  5 10  8  8 10 14  0  8  8  9 10  8 11  7 10  9  8 24  0 10  7  8  8  9 11  9 16  0 11 13  9  9  9  6 
11  9 13 13 12 13 13 16  8 15 19 17 13 13 10 11 13 13 13 13  0 11 11 11 11 11 13 13 13 11  8 11 11 14 11 11 11 11 11 11 11 11 11 13 11 11 11 11 11 11 14 11 11 11 11 13 14 11 11 11 11 11 11 11 13 11 11 11 11 11 11 11 11 13 11 11 11 13 14 13 13 13 13 13 20 11 11 13 13 11  8 23 11 13 13 11 16 15 11 13 13 17 22 16 15 16 16 12 11  8 14 11 13 14 18  9 12 14 14 14 13 11  9 13 16 11 11 12  9 13 16 16 17 19 16  9 12 17 15 16 13 13 10 10 16 14  8 12 15 20 13 11  0 10 17 15 10 
 0  7 11 10 10  9 11 11  6 13 15 13 11 11  6  0 11 11 11 11 11  0  0  0  0  0 11 11 11  0  6  0  0 12  0  0  0  0  0  0  0  0  0 11  0  0  0  0  0  0 12  0  0  0  0 11 12  0  0  0  0  0  0  0 11  0  0  0  0  0  0  0  0 11  0  0  0 11 12 11 11 11 11 11 16  0  0 11 11  8  7 19  0 11 10  0 12 11  0 11 11 13 20 11 11 12 14 10  0  6 12  0 11 12 14  7 10 12 12 12 11  0  5 10 14  9  9  9  6 11 12 12 13 15 12  6 12 14 13 12 19 11  7  9 12 12  6  6 13 16 11  0 11  8 13 13  6 
 0  7 11 10 10  9 11 11  6 13 15 13 11 11  6  0 11 11 11 11 11  0  0  0  0  0 11 11 11  0  6  0  0 12  0  0  0  0  0  0  0  0  0 11  0  0  0  0  0  0 12  0  0  0  0 11 12  0  0  0  0  0  0  0 11  0  0  0  0  0  0  0  0 11  0  0  0 11 12 11 11 11 11 11 16  0  0 11 11  8  7 19  0 11 10  0 12 11  0 11 11 13 20 11 11 12 14 10  0  6 12  0 11 12 14  7 10 12 12 12 11  0  5 10 14  9  9  9  6 11 12 12 13 15 12  6 12 14 13 12 19 11  7  9 12 12  6  6 13 16 11  0 11  8 13 13  6 
 0  7 11 10 10  9 11 11  6 13 15 13 11 11  6  0 11 11 11 11 11  0  0  0  0  0 11 11 11  0  6  0  0 12  0  0  0  0  0  0  0  0  0 11  0  0  0  0  0  0 12  0  0  0  0 11 12  0  0  0  0  0  0  0 11  0  0  0  0  0  0  0  0 11  0  0  0 11 12 11 11 11 11 11 16  0  0 11 11  8  7 19  0 11 10  0 12 11  0 11 11 13 20 11 11 12 14 10  0  6 12  0 11 12 14  7 10 12 12 12 11  0  5 10 14  9  9  9  6 11 12 12 13 15 12  6 12 14 13 12 19 11  7  9 12 12  6  6 13 16 11  0 11  8 13 13  6 
 0  7 11 10 10  9 11 11  6 13 15 13 11 11  6  0 11 11 11 11 11  0  0  0  0  0 11 11 11  0  6  0  0 12  0  0  0  0  0  0  0  0  0 11  0  0  0  0  0  0 12  0  0  0  0 11 12  0  0  0  0  0  0  0 11  0  0  0  0  0  0  0  0 11  0  0  0 11 12 11 11 11 11 11 16  0  0 11 11  8  7 19  0 11 10  0 12 11  0 11 11 13 20 11 11 12 14 10  0  6 12  0 11 12 14  7 10 12 12 12 11  0  5 10 14  9  9  9  6 11 12 12 13 15 12  6 12 14 13 12 19 11  7  9 12 12  6  6 13 16 11  0 11  8 13 13  6 
 0  7 11 10 10  9 11 11  6 13 15 13 11 11  6  0 11 11 11 11 11  0  0  0  0  0 11 11 11  0  6  0  0 12  0  0  0  0  0  0  0  0  0 11  0  0  0  0  0  0 12  0  0  0  0 11 12  0  0  0  0  0  0  0 11  0  0  0  0  0  0  0  0 11  0  0  0 11 12 11 11 11 11 11 16  0  0 11 11  8  7 19  0 11 10  0 12 11  0 11 11 13 20 11 11 12 14 10  0  6 12  0 11 12 14  7 10 12 12 12 11  0  5 10 14  9  9  9  6 11 12 12 13 15 12  6 12 14 13 12 19 11  7  9 12 12  6  6 13 16 11  0 11  8 13 13  6 
11  9  8  6  6  5  0 15 14  9 10  9  0  0  6 11  0  8  0  0 13 11 11 11 11 11  0  0  0 11  9 11 11  8 11 11 11 11 11 11 11 11 11  0 11 11 11 11 11 11  8 11 11 11 11  0  8 11 11 11 11 11 11 11  0 11 11 11 11 11 11 11 11  0 11 11 11  0  8  0  0  0  0  0 16 11 11  0  0  3 12 18 11  0  6 11  8  7 11  0  0  9 15 15  7  8 10  7 11 14  8 11  0  6 10  9  7  8  8  8  0 11  6  5 10  8  8 10 14  0  8  8  9 10  8 11  7 10  9  8 24  0 10  7  8  8  9 11  9 16  0 11 13  9  9  9  6 
11  9  8  6  6  5  0 15 14  9 10  9  0  0  6 11  0  8  0  0 13 11 11 11 11 11  0  0  0 11  9 11 11  8 11 11 11 11 11 11 11 11 11  0 11 11 11 11 11 11  8 11 11 11 11  0  8 11 11 11 11 11 11 11  0 11 11 11 11 11 11 11 11  0 11 11 11  0  8  0  0  0  0  0 16 11 11  0  0  3 12 18 11  0  6 11  8  7 11  0  0  9 15 15  7  8 10  7 11 14  8 11  0  6 10  9  7  8  8  8  0 11  6  5 10  8  8 10 14  0  8  8  9 10  8 11  7 10  9  8 24  0 10  7  8  8  9 11  9 16  0 11 13  9  9  9  6 
11  9  8  6  6  5  0 15 14  9 10  9  0  0  6 11  0  8  0  0 13 11 11 11 11 11  0  0  0 11  9 11 11  8 11 11 11 11 11 11 11 11 11  0 11 11 11 11 11 11  8 11 11 11 11  0  8 11 11 11 11 11 11 11  0 11 11 11 11 11 11 11 11  0 11 11 11  0  8  0  0  0  0  0 16 11 11  0  0  3 12 18 11  0  6 11  8  7 11  0  0  9 15 15  7  8 10  7 11 14  8 11  0  6 10  9  7  8  8  8  0 11  6  5 10  8  8 10 14  0  8  8  9 10  8 11  7 10  9  8 24  0 10  7  8  8  9 11  9 16  0 11 13  9  9  9  6 
 0  7 11 10 10  9 11 11  6 13 15 13 11 11  6  0 11 11 11 11 11  0  0  0  0  0 11 11 11  0  6  0  0 12  0  0  0  0  0  0  0  0  0 11  0  0  0  0  0  0 12  0  0  0  0 11 12  0  0  0  0  0  0  0 11  0  0  0  0  0  0  0  0 11  0  0  0 11 12 11 11 11 11 11 16  0  0 11 11  8  7 19  0 11 10  0 12 11  0 11 11 13 20 11 11 12 14 10  0  6 12  0 11 12 14  7 10 12 12 12 11  0  5 10 14  9  9  9  6 11 12 12 13 15 12  6 12 14 13 12 19 11  7  9 12 12  6  6 13 16 11  0 11  8 13 13  6 
 6  1  5  7  6  7  9 12 10  8 12 10  9  9  9  6  9  5  9  9  8  6  6  6  6  6  9  9  9  6  0  6  6  8  6  6  6  6  6  6  6  6  6  9  6  6  6  6  6  6  8  6  6  6  6  9  8  6  6  6  6  6  6  6  9  6  6  6  6  6  6  6  6  9  6  6  6  9  8  9  9  9  9  9 13  6  6  9  9  7  9 15  6  9  7  6  8  9  6  9  9 11 17 12  9  9 10  6  6 10  8  6  9  8 11  1  6  8  8  8  9  6  7  8 10  4  4  4  7  9  9  9 11 12  9  6 11 11  9  9 20  9  7  4 10  8  0  5  9 13  9  6  8  2 10  8  9 
 0  7 11 10 10  9 11 11  6 13 15 13 11 11  6  0 11 11 11 11 11  0  0  0  0  0 11 11 11  0  6  0  0 12  0  0  0  0  0  0  0  0  0 11  0  0  0  0  0  0 12  0  0  0  0 11 12  0  0  0  0  0  0  0 11  0  0  0  0  0  0  0  0 11  0  0  0 11 12 11 11 11 11 11 16  0  0 11 11  8  7 19  0 11 10  0 12 11  0 11 11 13 20 11 11 12 14 10  0  6 12  0 11 12 14  7 10 12 12 12 11  0  5 10 14  9  9  9  6 11 12 12 13 15 12  6 12 14 13 12 19 11  7  9 12 12  6  6 13 16 11  0 11  8 13 13  6 
 0  7 11 10 10  9 11 11  6 13 15 13 11 11  6  0 11 11 11 11 11  0  0  0  0  0 11 11 11  0  6  0  0 12  0  0  0  0  0  0  0  0  0 11  0  0  0  0  0  0 12  0  0  0  0 11 12  0  0  0  0  0  0  0 11  0  0  0  0  0  0  0  0 11  0  0  0 11 12 11 11 11 11 11 16  0  0 11 11  8  7 19  0 11 10  0 12 11  0 11 11 13 20 11 11 12 14 10  0  6 12  0 11 12 14  7 10 12 12 12 11  0  5 10 14  9  9  9  6 11 12 12 13 15 12  6 12 14 13 12 19 11  7  9 12 12  6  6 13 16 11  0 11  8 13 13  6 
12  7  7  4  2  5  8 17 15  6  9  7  8  8  7 12  8  7  8  8 14 12 12 12 12 12  8  8  8 12  8 12 12  0 12 12 12 12 12 12 12 12 12  8 12 12 12 12 12 12  0 12 12 12 12  8  0 12 12 12 12 12 12 12  8 12 12 12 12 12 12 12 12  8 12 12 12  8  0  8  8  8  8  8 12 12 12  8  8  5 15 18 12  8  4 12  3  3 12  8  8  5 14 17  4  6  6  4 12 15  0 12  8  6  8  7  4  0  0  0  8 12  9  6  6  8  8  7 13  8  6  6  7  9  6 11 11  4  5  6 19  8 12  7  6  0  8 10  5 12  8 12 14  7  9  6  7 
 0  7 11 10 10  9 11 11  6 13 15 13 11 11  6  0 11 11 11 11 11  0  0  0  0  0 11 11 11  0  6  0  0 12  0  0  0  0  0  0  0  0  0 11  0  0  0  0  0  0 12  0  0  0  0 11 12  0  0  0  0  0  0  0 11  0  0  0  0  0  0  0  0 11  0  0  0 11 12 11 11 11 11 11 16  0  0 11 11  8  7 19  0 11 10  0 12 11  0 11 11 13 20 11 11 12 14 10  0  6 12  0 11 12 14  7 10 12 12 12 11  0  5 10 14  9  9  9  6 11 12 12 13 15 12  6 12 14 13 12 19 11  7  9 12 12  6  6 13 16 11  0 11  8 13 13  6 
 0  7 11 10 10  9 11 11  6 13 15 13 11 11  6  0 11 11 11 11 11  0  0  0  0  0 11 11 11  0  6  0  0 12  0  0  0  0  0  0  0  0  0 11  0  0  0  0  0  0 12  0  0  0  0 11 12  0  0  0  0  0  0  0 11  0  0  0  0  0  0  0  0 11  0  0  0 11 12 11 11 11 11 11 16  0  0 11 11  8  7 19  0 11 10  0 12 11  0 11 11 13 20 11 11 12 14 10  0  6 12  0 11 12 14  7 10 12 12 12 11  0  5 10 14  9  9  9  6 11 12 12 13 15 12  6 12 14 13 12 19 11  7  9 12 12  6  6 13 16 11  0 11  8 13 13  6 
 0  7 11 10 10  9 11 11  6 13 15 13 11 11  6  0 11 11 11 11 11  0  0  0  0  0 11 11 11  0  6  0  0 12  0  0  0  0  0  0  0  0  0 11  0  0  0  0  0  0 12  0  0  0  0 11 12  0  0  0  0  0  0  0 11  0  0  0  0  0  0  0  0 11  0  0  0 11 12 11 11 11 11 11 16  0  0 11 11  8  7 19  0 11 10  0 12 11  0 11 11 13 20 11 11 12 14 10  0  6 12  0 11 12 14  7 10 12 12 12 11  0  5 10 14  9  9  9  6 11 12 12 13 15 12  6 12 14 13 12 19 11  7  9 12 12  6  6 13 16 11  0 11  8 13 13  6 
 0  7 11 10 10  9 11 11  6 13 15 13 11 11  6  0 11 11 11 11 11  0  0  0  0  0 11 11 11  0  6  0  0 12  0  0  0  0  0  0  0  0  0 11  0  0  0  0  0  0 12  0  0  0  0 11 12  0  0  0  0  0  0  0 11  0  0  0  0  0  0  0  0 11  0  0  0 11 12 11 11 11 11 11 16  0  0 11 11  8  7 19  0 11 10  0 12 11  0 11 11 13 20 11 11 12 14 10  0  6 12  0 11 12 14  7 10 12 12 12 11  0  5 10 14  9  9  9  6 11 12 12 13 15 12  6 12 14 13 12 19 11  7  9 12 12  6  6 13 16 11  0 11  8 13 13  6 
 0  7 11 10 10  9 11 11  6 13 15 13 11 11  6  0 11 11 11 11 11  0  0  0  0  0 11 11 11  0  6  0  0 12  0  0  0  0  0  0  0  0  0 11  0  0  0  0  0  0 12  0  0  0  0 11 12  0  0  0  0  0  0  0 11  0  0  0  0  0  0  0  0 11  0  0  0 11 12 11 11 11 11 11 16  0  0 11 11  8  7 19  0 11 10  0 12 11  0 11 11 13 20 11 11 12 14 10  0  6 12  0 11 12 14  7 10 12 12 12 11  0  5 10 14  9  9  9  6 11 12 12 13 15 12  6 12 14 13 12 19 11  7  9 12 12  6  6 13 16 11  0 11  8 13 13  6 
 0  7 11 10 10  9 11 11  6 13 15 13 11 11  6  0 11 11 11 11 11  0  0  0  0  0 11 11 11  0  6  0  0 12  0  0  0  0  0  0  0  0  0 11  0  0  0  0  0  0 12  0  0  0  0 11 12  0  0  0  0  0  0  0 11  0  0  0  0  0  0  0  0 11  0  0  0 11 12 11 11 11 11 11 16  0  0 11 11  8  7 19  0 11 10  0 12 11  0 11 11 13 20 11 11 12 14 10  0  6 12  0 11 12 14  7 10 12 12 12 11  0  5 10 14  9  9  9  6 11 12 12 13 15 12  6 12 14 13 12 19 11  7  9 12 12  6  6 13 16 11  0 11  8 13 13  6 
 0  7 11 10 10  9 11 11  6 13 15 13 11 11  6  0 11 11 11 11 11  0  0  0  0  0 11 11 11  0  6  0  0 12  0  0  0  0  0  0  0  0  0 11  0  0  0  0  0  0 12  0  0  0  0 11 12  0  0  0  0  0  0  0 11  0  0  0  0  0  0  0  0 11  0  0  0 11 12 11 11 11 11 11 16  0  0 11 11  8  7 19  0 11 10  0 12 11  0 11 11 13 20 11 11 12 14 10  0  6 12  0 11 12 14  7 10 12 12 12 11  0  5 10 14  9  9  9  6 11 12 12 13 15 12  6 12 14 13 12 19 11  7  9 12 12  6  6 13 16 11  0 11  8 13 13  6 
 0  7 11 10 10  9 11 11  6 13 15 13 11 11  6  0 11 11 11 11 11  0  0  0  0  0 11 11 11  0  6  0  0 12  0  0  0  0  0  0  0  0  0 11  0  0  0  0  0  0 12  0  0  0  0 11 12  0  0  0  0  0  0  0 11  0  0  0  0  0  0  0  0 11  0  0  0 11 12 11 11 11 11 11 16  0  0 11 11  8  7 19  0 11 10  0 12 11  0 11 11 13 20 11 11 12 14 10  0  6 12  0 11 12 14  7 10 12 12 12 11  0  5 10 14  9  9  9  6 11 12 12 13 15 12  6 12 14 13 12 19 11  7  9 12 12  6  6 13 16 11  0 11  8 13 13  6 
 0  7 11 10 10  9 11 11  6 13 15 13 11 11  6  0 11 11 11 11 11  0  0  0  0  0 11 11 11  0  6  0  0 12  0  0  0  0  0  0  0  0  0 11  0  0  0  0  0  0 12  0  0  0  0 11 12  0  0  0  0  0  0  0 11  0  0  0  0  0  0  0  0 11  0  0  0 11 12 11 11 11 11 11 16  0  0 11 11  8  7 19  0 11 10  0 12 11  0 11 11 13 20 11 11 12 14 10  0  6 12  0 11 12 14  7 10 12 12 12 11  0  5 10 14  9  9  9  6 11 12 12 13 15 12  6 12 14 13 12 19 11  7  9 12 12  6  6 13 16 11  0 11  8 13 13  6 
11  9  8  6  6  5  0 15 14  9 10  9  0  0  6 11  0  8  0  0 13 11 11 11 11 11  0  0  0 11  9 11 11  8 11 11 11 11 11 11 11 11 11  0 11 11 11 11 11 11  8 11 11 11 11  0  8 11 11 11 11 11 11 11  0 11 11 11 11 11 11 11 11  0 11 11 11  0  8  0  0  0  0  0 16 11 11  0  0  3 12 18 11  0  6 11  8  7 11  0  0  9 15 15  7  8 10  7 11 14  8 11  0  6 10  9  7  8  8  8  0 11  6  5 10  8  8 10 14  0  8  8  9 10  8 11  7 10  9  8 24  0 10  7  8  8  9 11  9 16  0 11 13  9  9  9  6 
 0  7 11 10 10  9 11 11  6 13 15 13 11 11  6  0 11 11 11 11 11  0  0  0  0  0 11 11 11  0  6  0  0 12  0  0  0  0  0  0  0  0  0 11  0  0  0  0  0  0 12  0  0  0  0 11 12  0  0  0  0  0  0  0 11  0  0  0  0  0  0  0  0 11  0  0  0 11 12 11 11 11 11 11 16  0  0 11 11  8  7 19  0 11 10  0 12 11  0 11 11 13 20 11 11 12 14 10  0  6 12  0 11 12 14  7 10 12 12 12 11  0  5 10 14  9  9  9  6 11 12 12 13 15 12  6 12 14 13 12 19 11  7  9 12 12  6  6 13 16 11  0 11  8 13 13  6 
 0  7 11 10 10  9 11 11  6 13 15 13 11 11  6  0 11 11 11 11 11  0  0  0  0  0 11 11 11  0  6  0  0 12  0  0  0  0  0  0  0  0  0 11  0  0  0  0  0  0 12  0  0  0  0 11 12  0  0  0  0  0  0  0 11  0  0  0  0  0  0  0  0 11  0  0  0 11 12 11 11 11 11 11 16  0  0 11 11  8  7 19  0 11 10  0 12 11  0 11 11 13 20 11 11 12 14 10  0  6 12  0 11 12 14  7 10 12 12 12 11  0  5 10 14  9  9  9  6 11 12 12 13 15 12  6 12 14 13 12 19 11  7  9 12 12  6  6 13 16 11  0 11  8 13 13  6 
 0  7 11 10 10  9 11 11  6 13 15 13 11 11  6  0 11 11 11 11 11  0  0  0  0  0 11 11 11  0  6  0  0 12  0  0  0  0  0  0  0  0  0 11  0  0  0  0  0  0 12  0  0  0  0 11 12  0  0  0  0  0  0  0 11  0  0  0  0  0  0  0  0 11  0  0  0 11 12 11 11 11 11 11 16  0  0 11 11  8  7 19  0 11 10  0 12 11  0 11 11 13 20 11 11 12 14 10  0  6 12  0 11 12 14  7 10 12 12 12 11  0  5 10 14  9  9  9  6 11 12 12 13 15 12  6 12 14 13 12 19 11  7  9 12 12  6  6 13 16 11  0 11  8 13 13  6 
 0  7 11 10 10  9 11 11  6 13 15 13 11 11  6  0 11 11 11 11 11  0  0  0  0  0 11 11 11  0  6  0  0 12  0  0  0  0  0  0  0  0  0 11  0  0  0  0  0  0 12  0  0  0  0 11 12  0  0  0  0  0  0  0 11  0  0  0  0  0  0  0  0 11  0  0  0 11 12 11 11 11 11 11 16  0  0 11 11  8  7 19  0 11 10  0 12 11  0 11 11 13 20 11 11 12 14 10  0  6 12  0 11 12 14  7 10 12 12 12 11  0  5 10 14  9  9  9  6 11 12 12 13 15 12  6 12 14 13 12 19 11  7  9 12 12  6  6 13 16 11  0 11  8 13 13  6 
 0  7 11 10 10  9 11 11  6 13 15 13 11 11  6  0 11 11 11 11 11  0  0  0  0  0 11 11 11  0  6  0  0 12  0  0  0  0  0  0  0  0  0 11  0  0  0  0  0  0 12  0  0  0  0 11 12  0  0  0  0  0  0  0 11  0  0  0  0  0  0  0  0 11  0  0  0 11 12 11 11 11 11 11 16  0  0 11 11  8  7 19  0 11 10  0 12 11  0 11 11 13 20 11 11 12 14 10  0  6 12  0 11 12 14  7 10 12 12 12 11  0  5 10 14  9  9  9  6 11 12 12 13 15 12  6 12 14 13 12 19 11  7  9 12 12  6  6 13 16 11  0 11  8 13 13  6 
 0  7 11 10 10  9 11 11  6 13 15 13 11 11  6  0 11 11 11 11 11  0  0  0  0  0 11 11 11  0  6  0  0 12  0  0  0  0  0  0  0  0  0 11  0  0  0  0  0  0 12  0  0  0  0 11 12  0  0  0  0  0  0  0 11  0  0  0  0  0  0  0  0 11  0  0  0 11 12 11 11 11 11 11 16  0  0 11 11  8  7 19  0 11 10  0 12 11  0 11 11 13 20 11 11 12 14 10  0  6 12  0 11 12 14  7 10 12 12 12 11  0  5 10 14  9  9  9  6 11 12 12 13 15 12  6 12 14 13 12 19 11  7  9 12 12  6  6 13 16 11  0 11  8 13 13  6 
12  7  7  4  2  5  8 17 15  6  9  7  8  8  7 12  8  7  8  8 14 12 12 12 12 12  8  8  8 12  8 12 12  0 12 12 12 12 12 12 12 12 12  8 12 12 12 12 12 12  0 12 12 12 12  8  0 12 12 12 12 12 12 12  8 12 12 12 12 12 12 12 12  8 12 12 12  8  0  8  8  8  8  8 12 12 12  8  8  5 15 18 12  8  4 12  3  3 12  8  8  5 14 17  4  6  6  4 12 15  0 12  8  6  8  7  4  0  0  0  8 12  9  6  6  8  8  7 13  8  6  6  7  9  6 11 11  4  5  6 19  8 12  7  6  0  8 10  5 12  8 12 14  7  9  6  7 
 0  7 11 10 10  9 11 11  6 13 15 13 11 11  6  0 11 11 11 11 11  0  0  0  0  0 11 11 11  0  6  0  0 12  0  0  0  0  0  0  0  0  0 11  0  0  0  0  0  0 12  0  0  0  0 11 12  0  0  0  0  0  0  0 11  0  0  0  0  0  0  0  0 11  0  0  0 11 12 11 11 11 11 11 16  0  0 11 11  8  7 19  0 11 10  0 12 11  0 11 11 13 20 11 11 12 14 10  0  6 12  0 11 12 14  7 10 12 12 12 11  0  5 10 14  9  9  9  6 11 12 12 13 15 12  6 12 14 13 12 19 11  7  9 12 12  6  6 13 16 11  0 11  8 13 13  6 
 0  7 11 10 10  9 11 11  6 13 15 13 11 11  6  0 11 11 11 11 11  0  0  0  0  0 11 11 11  0  6  0  0 12  0  0  0  0  0  0  0  0  0 11  0  0  0  0  0  0 12  0  0  0  0 11 12  0  0  0  0  0  0  0 11  0  0  0  0  0  0  0  0 11  0  0  0 11 12 11 11 11 11 11 16  0  0 11 11  8  7 19  0 11 10  0 12 11  0 11 11 13 20 11 11 12 14 10  0  6 12  0 11 12 14  7 10 12 12 12 11  0  5 10 14  9  9  9  6 11 12 12 13 15 12  6 12 14 13 12 19 11  7  9 12 12  6  6 13 16 11  0 11  8 13 13  6 
 0  7 11 10 10  9 11 11  6 13 15 13 11 11  6  0 11 11 11 11 11  0  0  0  0  0 11 11 11  0  6  0  0 12  0  0  0  0  0  0  0  0  0 11  0  0  0  0  0  0 12  0  0  0  0 11 12  0  0  0  0  0  0  0 11  0  0  0  0  0  0  0  0 11  0  0  0 11 12 11 11 11 11 11 16  0  0 11 11  8  7 19  0 11 10  0 12 11  0 11 11 13 20 11 11 12 14 10  0  6 12  0 11 12 14  7 10 12 12 12 11  0  5 10 14  9  9  9  6 11 12 12 13 15 12  6 12 14 13 12 19 11  7  9 12 12  6  6 13 16 11  0 11  8 13 13  6 
 0  7 11 10 10  9 11 11  6 13 15 13 11 11  6  0 11 11 11 11 11  0  0  0  0  0 11 11 11  0  6  0  0 12  0  0  0  0  0  0  0  0  0 11  0  0  0  0  0  0 12  0  0  0  0 11 12  0  0  0  0  0  0  0 11  0  0  0  0  0  0  0  0 11  0  0  0 11 12 11 11 11 11 11 16  0  0 11 11  8  7 19  0 11 10  0 12 11  0 11 11 13 20 11 11 12 14 10  0  6 12  0 11 12 14  7 10 12 12 12 11  0  5 10 14  9  9  9  6 11 12 12 13 15 12  6 12 14 13 12 19 11  7  9 12 12  6  6 13 16 11  0 11  8 13 13  6 
11  9  8  6  6  5  0 15 14  9 10  9  0  0  6 11  0  8  0  0 13 11 11 11 11 11  0  0  0 11  9 11 11  8 11 11 11 11 11 11 11 11 11  0 11 11 11 11 11 11  8 11 11 11 11  0  8 11 11 11 11 11 11 11  0 11 11 11 11 11 11 11 11  0 11 11 11  0  8  0  0  0  0  0 16 11 11  0  0  3 12 18 11  0  6 11  8  7 11  0  0  9 15 15  7  8 10  7 11 14  8 11  0  6 10  9  7  8  8  8  0 11  6  5 10  8  8 10 14  0  8  8  9 10  8 11  7 10  9  8 24  0 10  7  8  8  9 11  9 16  0 11 13  9  9  9  6 
12  7  7  4  2  5  8 17 15  6  9  7  8  8  7 12  8  7  8  8 14 12 12 12 12 12  8  8  8 12  8 12 12  0 12 12 12 12 12 12 12 12 12  8 12 12 12 12 12 12  0 12 12 12 12  8  0 12 12 12 12 12 12 12  8 12 12 12 12 12 12 12 12  8 12 12 12  8  0  8  8  8  8  8 12 12 12  8  8  5 15 18 12  8  4 12  3  3 12  8  8  5 14 17  4  6  6  4 12 15  0 12  8  6  8  7  4  0  0  0  8 12  9  6  6  8  8  7 13  8  6  6  7  9  6 11 11  4  5  6 19  8 12  7  6  0  8 10  5 12  8 12 14  7  9  6  7 
 0  7 11 10 10  9 11 11  6 13 15 13 11 11  6  0 11 11 11 11 11  0  0  0  0  0 11 11 11  0  6  0  0 12  0  0  0  0  0  0  0  0  0 11  0  0  0  0  0  0 12  0  0  0  0 11 12  0  0  0  0  0  0  0 11  0  0  0  0  0  0  0  0 11  0  0  0 11 12 11 11 11 11 11 16  0  0 11 11  8  7 19  0 11 10  0 12 11  0 11 11 13 20 11 11 12 14 10  0  6 12  0 11 12 14  7 10 12 12 12 11  0  5 10 14  9  9  9  6 11 12 12 13 15 12  6 12 14 13 12 19 11  7  9 12 12  6  6 13 16 11  0 11  8 13 13  6 
 0  7 11 10 10  9 11 11  6 13 15 13 11 11  6  0 11 11 11 11 11  0  0  0  0  0 11 11 11  0  6  0  0 12  0  0  0  0  0  0  0  0  0 11  0  0  0  0  0  0 12  0  0  0  0 11 12  0  0  0  0  0  0  0 11  0  0  0  0  0  0  0  0 11  0  0  0 11 12 11 11 11 11 11 16  0  0 11 11  8  7 19  0 11 10  0 12 11  0 11 11 13 20 11 11 12 14 10  0  6 12  0 11 12 14  7 10 12 12 12 11  0  5 10 14  9  9  9  6 11 12 12 13 15 12  6 12 14 13 12 19 11  7  9 12 12  6  6 13 16 11  0 11  8 13 13  6 
 0  7 11 10 10  9 11 11  6 13 15 13 11 11  6  0 11 11 11 11 11  0  0  0  0  0 11 11 11  0  6  0  0 12  0  0  0  0  0  0  0  0  0 11  0  0  0  0  0  0 12  0  0  0  0 11 12  0  0  0  0  0  0  0 11  0  0  0  0  0  0  0  0 11  0  0  0 11 12 11 11 11 11 11 16  0  0 11 11  8  7 19  0 11 10  0 12 11  0 11 11 13 20 11 11 12 14 10  0  6 12  0 11 12 14  7 10 12 12 12 11  0  5 10 14  9  9  9  6 11 12 12 13 15 12  6 12 14 13 12 19 11  7  9 12 12  6  6 13 16 11  0 11  8 13 13  6 
 0  7 11 10 10  9 11 11  6 13 15 13 11 11  6  0 11 11 11 11 11  0  0  0  0  0 11 11 11  0  6  0  0 12  0  0  0  0  0  0  0  0  0 11  0  0  0  0  0  0 12  0  0  0  0 11 12  0  0  0  0  0  0  0 11  0  0  0  0  0  0  0  0 11  0  0  0 11 12 11 11 11 11 11 16  0  0 11 11  8  7 19  0 11 10  0 12 11  0 11 11 13 20 11 11 12 14 10  0  6 12  0 11 12 14  7 10 12 12 12 11  0  5 10 14  9  9  9  6 11 12 12 13 15 12  6 12 14 13 12 19 11  7  9 12 12  6  6 13 16 11  0 11  8 13 13  6 
 0  7 11 10 10  9 11 11  6 13 15 13 11 11  6  0 11 11 11 11 11  0  0  0  0  0 11 11 11  0  6  0  0 12  0  0  0  0  0  0  0  0  0 11  0  0  0  0  0  0 12  0  0  0  0 11 12  0  0  0  0  0  0  0 11  0  0  0  0  0  0  0  0 11  0  0  0 11 12 11 11 11 11 11 16  0  0 11 11  8  7 19  0 11 10  0 12 11  0 11 11 13 20 11 11 12 14 10  0  6 12  0 11 12 14  7 10 12 12 12 11  0  5 10 14  9  9  9  6 11 12 12 13 15 12  6 12 14 13 12 19 11  7  9 12 12  6  6 13 16 11  0 11  8 13 13  6 
 0  7 11 10 10  9 11 11  6 13 15 13 11 11  6  0 11 11 11 11 11  0  0  0  0  0 11 11 11  0  6  0  0 12  0  0  0  0  0  0  0  0  0 11  0  0  0  0  0  0 12  0  0  0  0 11 12  0  0  0  0  0  0  0 11  0  0  0  0  0  0  0  0 11  0  0  0 11 12 11 11 11 11 11 16  0  0 11 11  8  7 19  0 11 10  0 12 11  0 11 11 13 20 11 11 12 14 10  0  6 12  0 11 12 14  7 10 12 12 12 11  0  5 10 14  9  9  9  6 11 12 12 13 15 12  6 12 14 13 12 19 11  7  9 12 12  6  6 13 16 11  0 11  8 13 13  6 
 0  7 11 10 10  9 11 11  6 13 15 13 11 11  6  0 11 11 11 11 11  0  0  0  0  0 11 11 11  0  6  0  0 12  0  0  0  0  0  0  0  0  0 11  0  0  0  0  0  0 12  0  0  0  0 11 12  0  0  0  0  0  0  0 11  0  0  0  0  0  0  0  0 11  0  0  0 11 12 11 11 11 11 11 16  0  0 11 11  8  7 19  0 11 10  0 12 11  0 11 11 13 20 11 11 12 14 10  0  6 12  0 11 12 14  7 10 12 12 12 11  0  5 10 14  9  9  9  6 11 12 12 13 15 12  6 12 14 13 12 19 11  7  9 12 12  6  6 13 16 11  0 11  8 13 13  6 
11  9  8  6  6  5  0 15 14  9 10  9  0  0  6 11  0  8  0  0 13 11 11 11 11 11  0  0  0 11  9 11 11  8 11 11 11 11 11 11 11 11 11  0 11 11 11 11 11 11  8 11 11 11 11  0  8 11 11 11 11 11 11 11  0 11 11 11 11 11 11 11 11  0 11 11 11  0  8  0  0  0  0  0 16 11 11  0  0  3 12 18 11  0  6 11  8  7 11  0  0  9 15 15  7  8 10  7 11 14  8 11  0  6 10  9  7  8  8  8  0 11  6  5 10  8  8 10 14  0  8  8  9 10  8 11  7 10  9  8 24  0 10  7  8  8  9 11  9 16  0 11 13  9  9  9  6 
 0  7 11 10 10  9 11 11  6 13 15 13 11 11  6  0 11 11 11 11 11  0  0  0  0  0 11 11 11  0  6  0  0 12  0  0  0  0  0  0  0  0  0 11  0  0  0  0  0  0 12  0  0  0  0 11 12  0  0  0  0  0  0  0 11  0  0  0  0  0  0  0  0 11  0  0  0 11 12 11 11 11 11 11 16  0  0 11 11  8  7 19  0 11 10  0 12 11  0 11 11 13 20 11 11 12 14 10  0  6 12  0 11 12 14  7 10 12 12 12 11  0  5 10 14  9  9  9  6 11 12 12 13 15 12  6 12 14 13 12 19 11  7  9 12 12  6  6 13 16 11  0 11  8 13 13  6 
 0  7 11 10 10  9 11 11  6 13 15 13 11 11  6  0 11 11 11 11 11  0  0  0  0  0 11 11 11  0  6  0  0 12  0  0  0  0  0  0  0  0  0 11  0  0  0  0  0  0 12  0  0  0  0 11 12  0  0  0  0  0  0  0 11  0  0  0  0  0  0  0  0 11  0  0  0 11 12 11 11 11 11 11 16  0  0 11 11  8  7 19  0 11 10  0 12 11  0 11 11 13 20 11 11 12 14 10  0  6 12  0 11 12 14  7 10 12 12 12 11  0  5 10 14  9  9  9  6 11 12 12 13 15 12  6 12 14 13 12 19 11  7  9 12 12  6  6 13 16 11  0 11  8 13 13  6 
 0  7 11 10 10  9 11 11  6 13 15 13 11 11  6  0 11 11 11 11 11  0  0  0  0  0 11 11 11  0  6  0  0 12  0  0  0  0  0  0  0  0  0 11  0  0  0  0  0  0 12  0  0  0  0 11 12  0  0  0  0  0  0  0 11  0  0  0  0  0  0  0  0 11  0  0  0 11 12 11 11 11 11 11 16  0  0 11 11  8  7 19  0 11 10  0 12 11  0 11 11 13 20 11 11 12 14 10  0  6 12  0 11 12 14  7 10 12 12 12 11  0  5 10 14  9  9  9  6 11 12 12 13 15 12  6 12 14 13 12 19 11  7  9 12 12  6  6 13 16 11  0 11  8 13 13  6 
 0  7 11 10 10  9 11 11  6 13 15 13 11 11  6  0 11 11 11 11 11  0  0  0  0  0 11 11 11  0  6  0  0 12  0  0  0  0  0  0  0  0  0 11  0  0  0  0  0  0 12  0  0  0  0 11 12  0  0  0  0  0  0  0 11  0  0  0  0  0  0  0  0 11  0  0  0 11 12 11 11 11 11 11 16  0  0 11 11  8  7 19  0 11 10  0 12 11  0 11 11 13 20 11 11 12 14 10  0  6 12  0 11 12 14  7 10 12 12 12 11  0  5 10 14  9  9  9  6 11 12 12 13 15 12  6 12 14 13 12 19 11  7  9 12 12  6  6 13 16 11  0 11  8 13 13  6 
 0  7 11 10 10  9 11 11  6 13 15 13 11 11  6  0 11 11 11 11 11  0  0  0  0  0 11 11 11  0  6  0  0 12  0  0  0  0  0  0  0  0  0 11  0  0  0  0  0  0 12  0  0  0  0 11 12  0  0  0  0  0  0  0 11  0  0  0  0  0  0  0  0 11  0  0  0 11 12 11 11 11 11 11 16  0  0 11 11  8  7 19  0 11 10  0 12 11  0 11 11 13 20 11 11 12 14 10  0  6 12  0 11 12 14  7 10 12 12 12 11  0  5 10 14  9  9  9  6 11 12 12 13 15 12  6 12 14 13 12 19 11  7  9 12 12  6  6 13 16 11  0 11  8 13 13  6 
 0  7 11 10 10  9 11 11  6 13 15 13 11 11  6  0 11 11 11 11 11  0  0  0  0  0 11 11 11  0  6  0  0 12  0  0  0  0  0  0  0  0  0 11  0  0  0  0  0  0 12  0  0  0  0 11 12  0  0  0  0  0  0  0 11  0  0  0  0  0  0  0  0 11  0  0  0 11 12 11 11 11 11 11 16  0  0 11 11  8  7 19  0 11 10  0 12 11  0 11 11 13 20 11 11 12 14 10  0  6 12  0 11 12 14  7 10 12 12 12 11  0  5 10 14  9  9  9  6 11 12 12 13 15 12  6 12 14 13 12 19 11  7  9 12 12  6  6 13 16 11  0 11  8 13 13  6 
 0  7 11 10 10  9 11 11  6 13 15 13 11 11  6  0 11 11 11 11 11  0  0  0  0  0 11 11 11  0  6  0  0 12  0  0  0  0  0  0  0  0  0 11  0  0  0  0  0  0 12  0  0  0  0 11 12  0  0  0  0  0  0  0 11  0  0  0  0  0  0  0  0 11  0  0  0 11 12 11 11 11 11 11 16  0  0 11 11  8  7 19  0 11 10  0 12 11  0 11 11 13 20 11 11 12 14 10  0  6 12  0 11 12 14  7 10 12 12 12 11  0  5 10 14  9  9  9  6 11 12 12 13 15 12  6 12 14 13 12 19 11  7  9 12 12  6  6 13 16 11  0 11  8 13 13  6 
 0  7 11 10 10  9 11 11  6 13 15 13 11 11  6  0 11 11 11 11 11  0  0  0  0  0 11 11 11  0  6  0  0 12  0  0  0  0  0  0  0  0  0 11  0  0  0  0  0  0 12  0  0  0  0 11 12  0  0  0  0  0  0  0 11  0  0  0  0  0  0  0  0 11  0  0  0 11 12 11 11 11 11 11 16  0  0 11 11  8  7 19  0 11 10  0 12 11  0 11 11 13 20 11 11 12 14 10  0  6 12  0 11 12 14  7 10 12 12 12 11  0  5 10 14  9  9  9  6 11 12 12 13 15 12  6 12 14 13 12 19 11  7  9 12 12  6  6 13 16 11  0 11  8 13 13  6 
11  9  8  6  6  5  0 15 14  9 10  9  0  0  6 11  0  8  0  0 13 11 11 11 11 11  0  0  0 11  9 11 11  8 11 11 11 11 11 11 11 11 11  0 11 11 11 11 11 11  8 11 11 11 11  0  8 11 11 11 11 11 11 11  0 11 11 11 11 11 11 11 11  0 11 11 11  0  8  0  0  0  0  0 16 11 11  0  0  3 12 18 11  0  6 11  8  7 11  0  0  9 15 15  7  8 10  7 11 14  8 11  0  6 10  9  7  8  8  8  0 11  6  5 10  8  8 10 14  0  8  8  9 10  8 11  7 10  9  8 24  0 10  7  8  8  9 11  9 16  0 11 13  9  9  9  6 
 0  7 11 10 10  9 11 11  6 13 15 13 11 11  6  0 11 11 11 11 11  0  0  0  0  0 11 11 11  0  6  0  0 12  0  0  0  0  0  0  0  0  0 11  0  0  0  0  0  0 12  0  0  0  0 11 12  0  0  0  0  0  0  0 11  0  0  0  0  0  0  0  0 11  0  0  0 11 12 11 11 11 11 11 16  0  0 11 11  8  7 19  0 11 10  0 12 11  0 11 11 13 20 11 11 12 14 10  0  6 12  0 11 12 14  7 10 12 12 12 11  0  5 10 14  9  9  9  6 11 12 12 13 15 12  6 12 14 13 12 19 11  7  9 12 12  6  6 13 16 11  0 11  8 13 13  6 
 0  7 11 10 10  9 11 11  6 13 15 13 11 11  6  0 11 11 11 11 11  0  0  0  0  0 11 11 11  0  6  0  0 12  0  0  0  0  0  0  0  0  0 11  0  0  0  0  0  0 12  0  0  0  0 11 12  0  0  0  0  0  0  0 11  0  0  0  0  0  0  0  0 11  0  0  0 11 12 11 11 11 11 11 16  0  0 11 11  8  7 19  0 11 10  0 12 11  0 11 11 13 20 11 11 12 14 10  0  6 12  0 11 12 14  7 10 12 12 12 11  0  5 10 14  9  9  9  6 11 12 12 13 15 12  6 12 14 13 12 19 11  7  9 12 12  6  6 13 16 11  0 11  8 13 13  6 
 0  7 11 10 10  9 11 11  6 13 15 13 11 11  6  0 11 11 11 11 11  0  0  0  0  0 11 11 11  0  6  0  0 12  0  0  0  0  0  0  0  0  0 11  0  0  0  0  0  0 12  0  0  0  0 11 12  0  0  0  0  0  0  0 11  0  0  0  0  0  0  0  0 11  0  0  0 11 12 11 11 11 11 11 16  0  0 11 11  8  7 19  0 11 10  0 12 11  0 11 11 13 20 11 11 12 14 10  0  6 12  0 11 12 14  7 10 12 12 12 11  0  5 10 14  9  9  9  6 11 12 12 13 15 12  6 12 14 13 12 19 11  7  9 12 12  6  6 13 16 11  0 11  8 13 13  6 
11  9  8  6  6  5  0 15 14  9 10  9  0  0  6 11  0  8  0  0 13 11 11 11 11 11  0  0  0 11  9 11 11  8 11 11 11 11 11 11 11 11 11  0 11 11 11 11 11 11  8 11 11 11 11  0  8 11 11 11 11 11 11 11  0 11 11 11 11 11 11 11 11  0 11 11 11  0  8  0  0  0  0  0 16 11 11  0  0  3 12 18 11  0  6 11  8  7 11  0  0  9 15 15  7  8 10  7 11 14  8 11  0  6 10  9  7  8  8  8  0 11  6  5 10  8  8 10 14  0  8  8  9 10  8 11  7 10  9  8 24  0 10  7  8  8  9 11  9 16  0 11 13  9  9  9  6 
12  7  7  4  2  5  8 17 15  6  9  7  8  8  7 12  8  7  8  8 14 12 12 12 12 12  8  8  8 12  8 12 12  0 12 12 12 12 12 12 12 12 12  8 12 12 12 12 12 12  0 12 12 12 12  8  0 12 12 12 12 12 12 12  8 12 12 12 12 12 12 12 12  8 12 12 12  8  0  8  8  8  8  8 12 12 12  8  8  5 15 18 12  8  4 12  3  3 12  8  8  5 14 17  4  6  6  4 12 15  0 12  8  6  8  7  4  0  0  0  8 12  9  6  6  8  8  7 13  8  6  6  7  9  6 11 11  4  5  6 19  8 12  7  6  0  8 10  5 12  8 12 14  7  9  6  7 
11  9  8  6  6  5  0 15 14  9 10  9  0  0  6 11  0  8  0  0 13 11 11 11 11 11  0  0  0 11  9 11 11  8 11 11 11 11 11 11 11 11 11  0 11 11 11 11 11 11  8 11 11 11 11  0  8 11 11 11 11 11 11 11  0 11 11 11 11 11 11 11 11  0 11 11 11  0  8  0  0  0  0  0 16 11 11  0  0  3 12 18 11  0  6 11  8  7 11  0  0  9 15 15  7  8 10  7 11 14  8 11  0  6 10  9  7  8  8  8  0 11  6  5 10  8  8 10 14  0  8  8  9 10  8 11  7 10  9  8 24  0 10  7  8  8  9 11  9 16  0 11 13  9  9  9  6 
11  9  8  6  6  5  0 15 14  9 10  9  0  0  6 11  0  8  0  0 13 11 11 11 11 11  0  0  0 11  9 11 11  8 11 11 11 11 11 11 11 11 11  0 11 11 11 11 11 11  8 11 11 11 11  0  8 11 11 11 11 11 11 11  0 11 11 11 11 11 11 11 11  0 11 11 11  0  8  0  0  0  0  0 16 11 11  0  0  3 12 18 11  0  6 11  8  7 11  0  0  9 15 15  7  8 10  7 11 14  8 11  0  6 10  9  7  8  8  8  0 11  6  5 10  8  8 10 14  0  8  8  9 10  8 11  7 10  9  8 24  0 10  7  8  8  9 11  9 16  0 11 13  9  9  9  6 
11  9  8  6  6  5  0 15 14  9 10  9  0  0  6 11  0  8  0  0 13 11 11 11 11 11  0  0  0 11  9 11 11  8 11 11 11 11 11 11 11 11 11  0 11 11 11 11 11 11  8 11 11 11 11  0  8 11 11 11 11 11 11 11  0 11 11 11 11 11 11 11 11  0 11 11 11  0  8  0  0  0  0  0 16 11 11  0  0  3 12 18 11  0  6 11  8  7 11  0  0  9 15 15  7  8 10  7 11 14  8 11  0  6 10  9  7  8  8  8  0 11  6  5 10  8  8 10 14  0  8  8  9 10  8 11  7 10  9  8 24  0 10  7  8  8  9 11  9 16  0 11 13  9  9  9  6 
11  9  8  6  6  5  0 15 14  9 10  9  0  0  6 11  0  8  0  0 13 11 11 11 11 11  0  0  0 11  9 11 11  8 11 11 11 11 11 11 11 11 11  0 11 11 11 11 11 11  8 11 11 11 11  0  8 11 11 11 11 11 11 11  0 11 11 11 11 11 11 11 11  0 11 11 11  0  8  0  0  0  0  0 16 11 11  0  0  3 12 18 11  0  6 11  8  7 11  0  0  9 15 15  7  8 10  7 11 14  8 11  0  6 10  9  7  8  8  8  0 11  6  5 10  8  8 10 14  0  8  8  9 10  8 11  7 10  9  8 24  0 10  7  8  8  9 11  9 16  0 11 13  9  9  9  6 
11  9  8  6  6  5  0 15 14  9 10  9  0  0  6 11  0  8  0  0 13 11 11 11 11 11  0  0  0 11  9 11 11  8 11 11 11 11 11 11 11 11 11  0 11 11 11 11 11 11  8 11 11 11 11  0  8 11 11 11 11 11 11 11  0 11 11 11 11 11 11 11 11  0 11 11 11  0  8  0  0  0  0  0 16 11 11  0  0  3 12 18 11  0  6 11  8  7 11  0  0  9 15 15  7  8 10  7 11 14  8 11  0  6 10  9  7  8  8  8  0 11  6  5 10  8  8 10 14  0  8  8  9 10  8 11  7 10  9  8 24  0 10  7  8  8  9 11  9 16  0 11 13  9  9  9  6 
16 12 14 13 13 13 16 21 20 10 15 14 16 16 15 16 16 14 16 16 20 16 16 16 16 16 16 16 16 16 13 16 16 12 16 16 16 16 16 16 16 16 16 16 16 16 16 16 16 16 12 16 16 16 16 16 12 16 16 16 16 16 16 16 16 16 16 16 16 16 16 16 16 16 16 16 16 16 12 16 16 16 16 16  0 16 16 16 16 13 19 11 16 16 13 16 15 12 16 16 16 12 18 21 13 13 12 13 16 20 12 16 16 13 14 12 13 12 12 12 16 16 16 15 11 15 15 14 17 16 13 13 14 15 13 15 19 11 12 13 25 16 17 15 14 12 13 15 12  0 16 16 20 13 12 10 15 
 0  7 11 10 10  9 11 11  6 13 15 13 11 11  6  0 11 11 11 11 11  0  0  0  0  0 11 11 11  0  6  0  0 12  0  0  0  0  0  0  0  0  0 11  0  0  0  0  0  0 12  0  0  0  0 11 12  0  0  0  0  0  0  0 11  0  0  0  0  0  0  0  0 11  0  0  0 11 12 11 11 11 11 11 16  0  0 11 11  8  7 19  0 11 10  0 12 11  0 11 11 13 20 11 11 12 14 10  0  6 12  0 11 12 14  7 10 12 12 12 11  0  5 10 14  9  9  9  6 11 12 12 13 15 12  6 12 14 13 12 19 11  7  9 12 12  6  6 13 16 11  0 11  8 13 13  6 
 0  7 11 10 10  9 11 11  6 13 15 13 11 11  6  0 11 11 11 11 11  0  0  0  0  0 11 11 11  0  6  0  0 12  0  0  0  0  0  0  0  0  0 11  0  0  0  0  0  0 12  0  0  0  0 11 12  0  0  0  0  0  0  0 11  0  0  0  0  0  0  0  0 11  0  0  0 11 12 11 11 11 11 11 16  0  0 11 11  8  7 19  0 11 10  0 12 11  0 11 11 13 20 11 11 12 14 10  0  6 12  0 11 12 14  7 10 12 12 12 11  0  5 10 14  9  9  9  6 11 12 12 13 15 12  6 12 14 13 12 19 11  7  9 12 12  6  6 13 16 11  0 11  8 13 13  6 
11  9  8  6  6  5  0 15 14  9 10  9  0  0  6 11  0  8  0  0 13 11 11 11 11 11  0  0  0 11  9 11 11  8 11 11 11 11 11 11 11 11 11  0 11 11 11 11 11 11  8 11 11 11 11  0  8 11 11 11 11 11 11 11  0 11 11 11 11 11 11 11 11  0 11 11 11  0  8  0  0  0  0  0 16 11 11  0  0  3 12 18 11  0  6 11  8  7 11  0  0  9 15 15  7  8 10  7 11 14  8 11  0  6 10  9  7  8  8  8  0 11  6  5 10  8  8 10 14  0  8  8  9 10  8 11  7 10  9  8 24  0 10  7  8  8  9 11  9 16  0 11 13  9  9  9  6 
11  9  8  6  6  5  0 15 14  9 10  9  0  0  6 11  0  8  0  0 13 11 11 11 11 11  0  0  0 11  9 11 11  8 11 11 11 11 11 11 11 11 11  0 11 11 11 11 11 11  8 11 11 11 11  0  8 11 11 11 11 11 11 11  0 11 11 11 11 11 11 11 11  0 11 11 11  0  8  0  0  0  0  0 16 11 11  0  0  3 12 18 11  0  6 11  8  7 11  0  0  9 15 15  7  8 10  7 11 14  8 11  0  6 10  9  7  8  8  8  0 11  6  5 10  8  8 10 14  0  8  8  9 10  8 11  7 10  9  8 24  0 10  7  8  8  9 11  9 16  0 11 13  9  9  9  6 
 8  6  5  4  3  4  3 14 12  6 10  7  3  3  4  8  3  5  3  3 11  8  8  8  8  8  3  3  3  8  7  8  8  5  8  8  8  8  8  8  8  8  8  3  8  8  8  8  8  8  5  8  8  8  8  3  5  8  8  8  8  8  8  8  3  8  8  8  8  8  8  8  8  3  8  8  8  3  5  3  3  3  3  3 13  8  8  3  3  0 12 15  8  3  4  8  6  7  8  3  3  8 14 14  6  7  7  4  8 12  5  8  3  5  9  6  4  5  5  5  3  8  6  4  7  5  5  7 11  3  7  7  8 10  7 11  7  8  6  7 22  3 10  5  7  5  7  8  6 13  3  8 11  6  8  6  4 
 7 10 11 14 13 12 12 15  3 15 18 16 12 12 10  7 12 11 12 12  8  7  7  7  7  7 12 12 12  7  9  7  7 15  7  7  7  7  7  7  7  7  7 12  7  7  7  7  7  7 15  7  7  7  7 12 15  7  7  7  7  7  7  7 12  7  7  7  7  7  7  7  7 12  7  7  7 12 15 12 12 12 12 12 19  7  7 12 12 12  0 21  7 12 14  7 14 15  7 12 12 17 21 15 15 15 16 13  7  3 15  7 12 14 17 10 13 15 15 15 12  7  6 11 17 10 10 12  7 12 15 15 16 18 15  9 14 18 16 15 16 12 10 10 16 15  9  9 16 19 12  7  8 10 17 15 10 
19 15 18 18 17 15 18 25 23 15 20 17 18 18 17 19 18 18 18 18 23 19 19 19 19 19 18 18 18 19 15 19 19 18 19 19 19 19 19 19 19 19 19 18 19 19 19 19 19 19 18 19 19 19 19 18 18 19 19 19 19 19 19 19 18 19 19 19 19 19 19 19 19 18 19 19 19 18 18 18 18 18 18 18 11 19 19 18 18 15 21  0 19 18 18 19 18 15 19 18 18 17 22 25 16 17 17 17 19 23 18 19 18 16 19 15 17 18 18 18 18 19 18 19 17 17 17 16 22 18 17 17 16 20 17 20 21 16 16 17 31 18 22 17 16 18 15 17 16 11 18 19 23 15 15 15 17 
 0  7 11 10 10  9 11 11  6 13 15 13 11 11  6  0 11 11 11 11 11  0  0  0  0  0 11 11 11  0  6  0  0 12  0  0  0  0  0  0  0  0  0 11  0  0  0  0  0  0 12  0  0  0  0 11 12  0  0  0  0  0  0  0 11  0  0  0  0  0  0  0  0 11  0  0  0 11 12 11 11 11 11 11 16  0  0 11 11  8  7 19  0 11 10  0 12 11  0 11 11 13 20 11 11 12 14 10  0  6 12  0 11 12 14  7 10 12 12 12 11  0  5 10 14  9  9  9  6 11 12 12 13 15 12  6 12 14 13 12 19 11  7  9 12 12  6  6 13 16 11  0 11  8 13 13  6 
11  9  8  6  6  5  0 15 14  9 10  9  0  0  6 11  0  8  0  0 13 11 11 11 11 11  0  0  0 11  9 11 11  8 11 11 11 11 11 11 11 11 11  0 11 11 11 11 11 11  8 11 11 11 11  0  8 11 11 11 11 11 11 11  0 11 11 11 11 11 11 11 11  0 11 11 11  0  8  0  0  0  0  0 16 11 11  0  0  3 12 18 11  0  6 11  8  7 11  0  0  9 15 15  7  8 10  7 11 14  8 11  0  6 10  9  7  8  8  8  0 11  6  5 10  8  8 10 14  0  8  8  9 10  8 11  7 10  9  8 24  0 10  7  8  8  9 11  9 16  0 11 13  9  9  9  6 
10  6  6  0  2  5  6 16 13  7 10  7  6  6  7 10  6  6  6  6 13 10 10 10 10 10  6  6  6 10  7 10 10  4 10 10 10 10 10 10 10 10 10  6 10 10 10 10 10 10  4 10 10 10 10  6  4 10 10 10 10 10 10 10  6 10 10 10 10 10 10 10 10  6 10 10 10  6  4  6  6  6  6  6 13 10 10  6  6  4 14 18 10  6  0 10  4  4 10  6  6  6 15 16  4  7  7  2 10 13  4 10  6  5  9  6  2  4  4  4  6 10  8  5  7  6  6  6 12  6  7  7  7 10  7 11  9  5  6  7 20  6 11  6  6  4  7  9  6 13  6 10 13  5  8  7  7 
 0  7 11 10 10  9 11 11  6 13 15 13 11 11  6  0 11 11 11 11 11  0  0  0  0  0 11 11 11  0  6  0  0 12  0  0  0  0  0  0  0  0  0 11  0  0  0  0  0  0 12  0  0  0  0 11 12  0  0  0  0  0  0  0 11  0  0  0  0  0  0  0  0 11  0  0  0 11 12 11 11 11 11 11 16  0  0 11 11  8  7 19  0 11 10  0 12 11  0 11 11 13 20 11 11 12 14 10  0  6 12  0 11 12 14  7 10 12 12 12 11  0  5 10 14  9  9  9  6 11 12 12 13 15 12  6 12 14 13 12 19 11  7  9 12 12  6  6 13 16 11  0 11  8 13 13  6 
12  8  7  4  5  3  8 18 14  6  8  7  8  8  7 12  8  7  8  8 16 12 12 12 12 12  8  8  8 12  8 12 12  3 12 12 12 12 12 12 12 12 12  8 12 12 12 12 12 12  3 12 12 12 12  8  3 12 12 12 12 12 12 12  8 12 12 12 12 12 12 12 12  8 12 12 12  8  3  8  8  8  8  8 15 12 12  8  8  6 14 18 12  8  4 12  0  4 12  8  8  6 14 18  4  6  6  5 12 14  3 12  8  5  7  8  5  3  3  3  8 12 10  7  7  8  8  9 15  8  6  6  8  8  6 13  9  5  6  6 20  8 14  7  7  3  8 11  6 15  8 12 16  8  8  6  7 
11  8  6  4  5  7  7 17 14  4  6  4  7  7  9 11  7  6  7  7 15 11 11 11 11 11  7  7  7 11  9 11 11  3 11 11 11 11 11 11 11 11 11  7 11 11 11 11 11 11  3 11 11 11 11  7  3 11 11 11 11 11 11 11  7 11 11 11 11 11 11 11 11  7 11 11 11  7  3  7  7  7  7  7 12 11 11  7  7  7 15 15 11  7  4 11  4  0 11  7  7  6 13 17  2  3  4  5 11 14  3 11  7  5  5  8  5  3  3  3  7 11 10  8  5  7  7  8 14  7  3  3  5  6  3 12 10  5  4  3 19  7 13  8  5  3  9 12  4 12  7 11 15  7  7  4  9 
 0  7 11 10 10  9 11 11  6 13 15 13 11 11  6  0 11 11 11 11 11  0  0  0  0  0 11 11 11  0  6  0  0 12  0  0  0  0  0  0  0  0  0 11  0  0  0  0  0  0 12  0  0  0  0 11 12  0  0  0  0  0  0  0 11  0  0  0  0  0  0  0  0 11  0  0  0 11 12 11 11 11 11 11 16  0  0 11 11  8  7 19  0 11 10  0 12 11  0 11 11 13 20 11 11 12 14 10  0  6 12  0 11 12 14  7 10 12 12 12 11  0  5 10 14  9  9  9  6 11 12 12 13 15 12  6 12 14 13 12 19 11  7  9 12 12  6  6 13 16 11  0 11  8 13 13  6 
11  9  8  6  6  5  0 15 14  9 10  9  0  0  6 11  0  8  0  0 13 11 11 11 11 11  0  0  0 11  9 11 11  8 11 11 11 11 11 11 11 11 11  0 11 11 11 11 11 11  8 11 11 11 11  0  8 11 11 11 11 11 11 11  0 11 11 11 11 11 11 11 11  0 11 11 11  0  8  0  0  0  0  0 16 11 11  0  0  3 12 18 11  0  6 11  8  7 11  0  0  9 15 15  7  8 10  7 11 14  8 11  0  6 10  9  7  8  8  8  0 11  6  5 10  8  8 10 14  0  8  8  9 10  8 11  7 10  9  8 24  0 10  7  8  8  9 11  9 16  0 11 13  9  9  9  6 
11  9  8  6  6  5  0 15 14  9 10  9  0  0  6 11  0  8  0  0 13 11 11 11 11 11  0  0  0 11  9 11 11  8 11 11 11 11 11 11 11 11 11  0 11 11 11 11 11 11  8 11 11 11 11  0  8 11 11 11 11 11 11 11  0 11 11 11 11 11 11 11 11  0 11 11 11  0  8  0  0  0  0  0 16 11 11  0  0  3 12 18 11  0  6 11  8  7 11  0  0  9 15 15  7  8 10  7 11 14  8 11  0  6 10  9  7  8  8  8  0 11  6  5 10  8  8 10 14  0  8  8  9 10  8 11  7 10  9  8 24  0 10  7  8  8  9 11  9 16  0 11 13  9  9  9  6 
13 10  9  6  6  6  9 19 16  7  6  4  9  9 11 13  9  9  9  9 17 13 13 13 13 13  9  9  9 13 11 13 13  5 13 13 13 13 13 13 13 13 13  9 13 13 13 13 13 13  5 13 13 13 13  9  5 13 13 13 13 13 13 13  9 13 13 13 13 13 13 13 13  9 13 13 13  9  5  9  9  9  9  9 12 13 13  9  9  8 17 17 13  9  6 13  6  6 13  9  9  0 11 19  6  3  3  7 13 16  5 13  9  7  5 10  7  5  5  5  9 13 11  8  3  9  9 10 16  9  3  3  4  6  3 14 12  1  2  3 17  9 15  9  4  5 11 12  2 12  9 13 17  9  8  7 11 
20 16 16 15 14 14 15 23 22 13 15 12 15 15 15 20 15 16 15 15 22 20 20 20 20 20 15 15 15 20 17 20 20 14 20 20 20 20 20 20 20 20 20 15 20 20 20 20 20 20 14 20 20 20 20 15 14 20 20 20 20 20 20 20 15 20 20 20 20 20 20 20 20 15 20 20 20 15 14 15 15 15 15 15 18 20 20 15 15 14 21 22 20 15 15 20 14 13 20 15 15 11  0 23 14 12 12 15 20 22 14 20 15 13 14 16 15 14 14 14 15 20 15 11 11 16 16 19 21 15 12 12 10 15 12 18 15 11 12 12 23 15 17 15 11 14 17 16 12 18 15 20 22 15 14 13 15 
11 13 17 16 15 15 15  0 16 19 21 19 15 15 12 11 15 17 15 15 16 11 11 11 11 11 15 15 15 11 12 11 11 17 11 11 11 11 11 11 11 11 11 15 11 11 11 11 11 11 17 11 11 11 11 15 17 11 11 11 11 11 11 11 15 11 11 11 11 11 11 11 11 15 11 11 11 15 17 15 15 15 15 15 21 11 11 15 15 14 15 25 11 15 16 11 18 17 11 15 15 19 23  0 18 18 18 15 11 16 17 11 15 17 20 13 15 17 17 17 15 11 12 13 18 12 12 15 16 15 18 18 19 21 18 12 16 19 17 18 24 15 15 13 18 17 12 11 17 21 15 11 16 14 19 19 12 
11  8  7  4  5  5  7 18 14  5  7  5  7  7  9 11  7  7  7  7 15 11 11 11 11 11  7  7  7 11  9 11 11  4 11 11 11 11 11 11 11 11 11  7 11 11 11 11 11 11  4 11 11 11 11  7  4 11 11 11 11 11 11 11  7 11 11 11 11 11 11 11 11  7 11 11 11  7  4  7  7  7  7  7 13 11 11  7  7  6 15 16 11  7  4 11  4  2 11  7  7  6 14 18  0  4  5  5 11 14  4 11  7  5  6  8  5  4  4  4  7 11 10  8  6  7  7  8 14  7  4  4  6  7  4 13 10  5  5  4 20  7 13  7  5  4  9 11  5 13  7 11 15  7  8  5  9 
12  9  7  7  6  8  8 18 14  5  3  2  8  8 10 12  8  7  8  8 16 12 12 12 12 12  8  8  8 12  9 12 12  6 12 12 12 12 12 12 12 12 12  8 12 12 12 12 12 12  6 12 12 12 12  8  6 12 12 12 12 12 12 12  8 12 12 12 12 12 12 12 12  8 12 12 12  8  6  8  8  8  8  8 13 12 12  8  8  7 15 17 12  8  7 12  6  3 12  8  8  3 12 18  4  0  2  6 12 14  6 12  8  5  2  9  6  6  6  6  8 12 10  8  2  8  8  9 14  8  0  0  2  3  0 13 11  3  1  0 19  8 14  9  2  6  9 11  1 13  8 12 16  8  6  5 10 
14  9  8  7  6  9 10 18 15  6  5  3 10 10 10 14 10  8 10 10 16 14 14 14 14 14 10 10 10 14 10 14 14  6 14 14 14 14 14 14 14 14 14 10 14 14 14 14 14 14  6 14 14 14 14 10  6 14 14 14 14 14 14 14 10 14 14 14 14 14 14 14 14 10 14 14 14 10  6 10 10 10 10 10 12 14 14 10 10  7 16 17 14 10  7 14  6  4 14 10 10  3 12 18  5  2  0  6 14 15  6 14 10  7  4  9  6  6  6  6 10 14 11  9  1  8  8  9 15 10  2  2  3  5  2 13 11  2  1  2 18 10 14  9  2  6 10 11  1 12 10 14 16  8  7  6 10 
10  5  4  2  2  4  7 15 14  8  9  7  7  7  6 10  7  4  7  7 12 10 10 10 10 10  7  7  7 10  6 10 10  4 10 10 10 10 10 10 10 10 10  7 10 10 10 10 10 10  4 10 10 10 10  7  4 10 10 10 10 10 10 10  7 10 10 10 10 10 10 10 10  7 10 10 10  7  4  7  7  7  7  7 13 10 10  7  7  4 13 17 10  7  2 10  5  5 10  7  7  7 15 15  5  6  6  0 10 14  4 10  7  4  8  5  0  4  4  4  7 10  7  5  6  6  6  5 11  7  6  6  7  9  6 10  8  6  5  6 21  7 10  5  6  4  6  9  5 13  7 10 12  4  7  8  6 
 0  7 11 10 10  9 11 11  6 13 15 13 11 11  6  0 11 11 11 11 11  0  0  0  0  0 11 11 11  0  6  0  0 12  0  0  0  0  0  0  0  0  0 11  0  0  0  0  0  0 12  0  0  0  0 11 12  0  0  0  0  0  0  0 11  0  0  0  0  0  0  0  0 11  0  0  0 11 12 11 11 11 11 11 16  0  0 11 11  8  7 19  0 11 10  0 12 11  0 11 11 13 20 11 11 12 14 10  0  6 12  0 11 12 14  7 10 12 12 12 11  0  5 10 14  9  9  9  6 11 12 12 13 15 12  6 12 14 13 12 19 11  7  9 12 12  6  6 13 16 11  0 11  8 13 13  6 
 6 10 12 13 13 12 14 16  0 16 17 15 14 14 11  6 14 12 14 14  8  6  6  6  6  6 14 14 14  6 10  6  6 15  6  6  6  6  6  6  6  6  6 14  6  6  6  6  6  6 15  6  6  6  6 14 15  6  6  6  6  6  6  6 14  6  6  6  6  6  6  6  6 14  6  6  6 14 15 14 14 14 14 14 20  6  6 14 14 12  3 23  6 14 13  6 14 14  6 14 14 16 22 16 14 14 15 14  6  0 15  6 14 14 16 10 14 15 15 15 14  6  9 12 15 10 10 12  7 14 14 14 16 17 14 10 15 16 14 14 16 14 12  9 15 15 10  8 14 20 14  6  8 11 16 16 11 
12  7  7  4  2  5  8 17 15  6  9  7  8  8  7 12  8  7  8  8 14 12 12 12 12 12  8  8  8 12  8 12 12  0 12 12 12 12 12 12 12 12 12  8 12 12 12 12 12 12  0 12 12 12 12  8  0 12 12 12 12 12 12 12  8 12 12 12 12 12 12 12 12  8 12 12 12  8  0  8  8  8  8  8 12 12 12  8  8  5 15 18 12  8  4 12  3  3 12  8  8  5 14 17  4  6  6  4 12 15  0 12  8  6  8  7  4  0  0  0  8 12  9  6  6  8  8  7 13  8  6  6  7  9  6 11 11  4  5  6 19  8 12  7  6  0  8 10  5 12  8 12 14  7  9  6  7 
 0  7 11 10 10  9 11 11  6 13 15 13 11 11  6  0 11 11 11 11 11  0  0  0  0  0 11 11 11  0  6  0  0 12  0  0  0  0  0  0  0  0  0 11  0  0  0  0  0  0 12  0  0  0  0 11 12  0  0  0  0  0  0  0 11  0  0  0  0  0  0  0  0 11  0  0  0 11 12 11 11 11 11 11 16  0  0 11 11  8  7 19  0 11 10  0 12 11  0 11 11 13 20 11 11 12 14 10  0  6 12  0 11 12 14  7 10 12 12 12 11  0  5 10 14  9  9  9  6 11 12 12 13 15 12  6 12 14 13 12 19 11  7  9 12 12  6  6 13 16 11  0 11  8 13 13  6 
11  9  8  6  6  5  0 15 14  9 10  9  0  0  6 11  0  8  0  0 13 11 11 11 11 11  0  0  0 11  9 11 11  8 11 11 11 11 11 11 11 11 11  0 11 11 11 11 11 11  8 11 11 11 11  0  8 11 11 11 11 11 11 11  0 11 11 11 11 11 11 11 11  0 11 11 11  0  8  0  0  0  0  0 16 11 11  0  0  3 12 18 11  0  6 11  8  7 11  0  0  9 15 15  7  8 10  7 11 14  8 11  0  6 10  9  7  8  8  8  0 11  6  5 10  8  8 10 14  0  8  8  9 10  8 11  7 10  9  8 24  0 10  7  8  8  9 11  9 16  0 11 13  9  9  9  6 
12  7  7  5  4  5  6 17 14  4  8  6  6  6  7 12  6  7  6  6 14 12 12 12 12 12  6  6  6 12  8 12 12  6 12 12 12 12 12 12 12 12 12  6 12 12 12 12 12 12  6 12 12 12 12  6  6 12 12 12 12 12 12 12  6 12 12 12 12 12 12 12 12  6 12 12 12  6  6  6  6  6  6  6 13 12 12  6  6  5 14 16 12  6  5 12  5  5 12  6  6  7 13 17  5  5  7  4 12 14  6 12  6  0  7  7  4  6  6  6  6 12  9  7  7  8  8  7 13  6  5  5  6  8  5 12  9  7  6  5 22  6 12  7  6  6  8 10  6 13  6 12 14  6  4  4  7 
14 11  9  9  8 10 10 20 16  7  1  4 10 10 12 14 10  9 10 10 18 14 14 14 14 14 10 10 10 14 11 14 14  8 14 14 14 14 14 14 14 14 14 10 14 14 14 14 14 14  8 14 14 14 14 10  8 14 14 14 14 14 14 14 10 14 14 14 14 14 14 14 14 10 14 14 14 10  8 10 10 10 10 10 14 14 14 10 10  9 17 19 14 10  9 14  7  5 14 10 10  5 14 20  6  2  4  8 14 16  8 14 10  7  0 11  8  8  8  8 10 14 12  9  3 10 10 11 16 10  2  2  4  1  2 15 13  5  3  2 21 10 16 11  4  8 11 13  3 14 10 14 18 10  7  7 12 
 7  0  4  6  5  7  9 13 10  8 12  9  9  9  8  7  9  4  9  9  9  7  7  7  7  7  9  9  9  7  1  7  7  7  7  7  7  7  7  7  7  7  7  9  7  7  7  7  7  7  7  7  7  7  7  9  7  7  7  7  7  7  7  7  9  7  7  7  7  7  7  7  7  9  7  7  7  9  7  9  9  9  9  9 12  7  7  9  9  6 10 15  7  9  6  7  8  8  7  9  9 10 16 13  8  9  9  5  7 10  7  7  9  7 11  0  5  7  7  7  9  7  7  8  9  3  3  5  8  9  9  9 10 12  9  7 11 10  8  9 21  9  8  3  9  7  1  6  8 12  9  7  9  1  9  8  8 
10  5  4  2  2  4  7 15 14  8  9  7  7  7  6 10  7  4  7  7 12 10 10 10 10 10  7  7  7 10  6 10 10  4 10 10 10 10 10 10 10 10 10  7 10 10 10 10 10 10  4 10 10 10 10  7  4 10 10 10 10 10 10 10  7 10 10 10 10 10 10 10 10  7 10 10 10  7  4  7  7  7  7  7 13 10 10  7  7  4 13 17 10  7  2 10  5  5 10  7  7  7 15 15  5  6  6  0 10 14  4 10  7  4  8  5  0  4  4  4  7 10  7  5  6  6  6  5 11  7  6  6  7  9  6 10  8  6  5  6 21  7 10  5  6  4  6  9  5 13  7 10 12  4  7  8  6 
12  7  7  4  2  5  8 17 15  6  9  7  8  8  7 12  8  7  8  8 14 12 12 12 12 12  8  8  8 12  8 12 12  0 12 12 12 12 12 12 12 12 12  8 12 12 12 12 12 12  0 12 12 12 12  8  0 12 12 12 12 12 12 12  8 12 12 12 12 12 12 12 12  8 12 12 12  8  0  8  8  8  8  8 12 12 12  8  8  5 15 18 12  8  4 12  3  3 12  8  8  5 14 17  4  6  6  4 12 15  0 12  8  6  8  7  4  0  0  0  8 12  9  6  6  8  8  7 13  8  6  6  7  9  6 11 11  4  5  6 19  8 12  7  6  0  8 10  5 12  8 12 14  7  9  6  7 
12  7  7  4  2  5  8 17 15  6  9  7  8  8  7 12  8  7  8  8 14 12 12 12 12 12  8  8  8 12  8 12 12  0 12 12 12 12 12 12 12 12 12  8 12 12 12 12 12 12  0 12 12 12 12  8  0 12 12 12 12 12 12 12  8 12 12 12 12 12 12 12 12  8 12 12 12  8  0  8  8  8  8  8 12 12 12  8  8  5 15 18 12  8  4 12  3  3 12  8  8  5 14 17  4  6  6  4 12 15  0 12  8  6  8  7  4  0  0  0  8 12  9  6  6  8  8  7 13  8  6  6  7  9  6 11 11  4  5  6 19  8 12  7  6  0  8 10  5 12  8 12 14  7  9  6  7 
12  7  7  4  2  5  8 17 15  6  9  7  8  8  7 12  8  7  8  8 14 12 12 12 12 12  8  8  8 12  8 12 12  0 12 12 12 12 12 12 12 12 12  8 12 12 12 12 12 12  0 12 12 12 12  8  0 12 12 12 12 12 12 12  8 12 12 12 12 12 12 12 12  8 12 12 12  8  0  8  8  8  8  8 12 12 12  8  8  5 15 18 12  8  4 12  3  3 12  8  8  5 14 17  4  6  6  4 12 15  0 12  8  6  8  7  4  0  0  0  8 12  9  6  6  8  8  7 13  8  6  6  7  9  6 11 11  4  5  6 19  8 12  7  6  0  8 10  5 12  8 12 14  7  9  6  7 
11  9  8  6  6  5  0 15 14  9 10  9  0  0  6 11  0  8  0  0 13 11 11 11 11 11  0  0  0 11  9 11 11  8 11 11 11 11 11 11 11 11 11  0 11 11 11 11 11 11  8 11 11 11 11  0  8 11 11 11 11 11 11 11  0 11 11 11 11 11 11 11 11  0 11 11 11  0  8  0  0  0  0  0 16 11 11  0  0  3 12 18 11  0  6 11  8  7 11  0  0  9 15 15  7  8 10  7 11 14  8 11  0  6 10  9  7  8  8  8  0 11  6  5 10  8  8 10 14  0  8  8  9 10  8 11  7 10  9  8 24  0 10  7  8  8  9 11  9 16  0 11 13  9  9  9  6 
 0  7 11 10 10  9 11 11  6 13 15 13 11 11  6  0 11 11 11 11 11  0  0  0  0  0 11 11 11  0  6  0  0 12  0  0  0  0  0  0  0  0  0 11  0  0  0  0  0  0 12  0  0  0  0 11 12  0  0  0  0  0  0  0 11  0  0  0  0  0  0  0  0 11  0  0  0 11 12 11 11 11 11 11 16  0  0 11 11  8  7 19  0 11 10  0 12 11  0 11 11 13 20 11 11 12 14 10  0  6 12  0 11 12 14  7 10 12 12 12 11  0  5 10 14  9  9  9  6 11 12 12 13 15 12  6 12 14 13 12 19 11  7  9 12 12  6  6 13 16 11  0 11  8 13 13  6 
 5  7  6  8  7  7  6 12  9  9 13 12  6  6  4  5  6  6  6  6  9  5  5  5  5  5  6  6  6  5  7  5  5  9  5  5  5  5  5  5  5  5  5  6  5  5  5  5  5  5  9  5  5  5  5  6  9  5  5  5  5  5  5  5  6  5  5  5  5  5  5  5  5  6  5  5  5  6  9  6  6  6  6  6 16  5  5  6  6  6  6 18  5  6  8  5 10 10  5  6  6 11 15 12 10 10 11  7  5  9  9  5  6  9 12  7  7  9  9  9  6  5  0  6 11  5  5 10  8  6 10 10 12 13 10  8  8 12 10 10 21  6  7  5 11  9  7  9 10 16  6  5  9  7 11  9  4 
10  8  8  5  6  4  5 13 12  9 10  9  5  5  4 10  5  8  5  5 13 10 10 10 10 10  5  5  5 10  8 10 10  6 10 10 10 10 10 10 10 10 10  5 10 10 10 10 10 10  6 10 10 10 10  5  6 10 10 10 10 10 10 10  5 10 10 10 10 10 10 10 10  5 10 10 10  5  6  5  5  5  5  5 15 10 10  5  5  4 11 19 10  5  5 10  7  8 10  5  5  8 11 13  8  8  9  5 10 12  6 10  5  7  9  8  5  6  6  6  5 10  6  0  9  6  6  9 11  5  8  8 10 10  8  9  8  7  8  8 20  5  8  5  9  6  8  6  8 15  5 10 13  8 10  9  4 
14  9  8  7  6  9 10 18 15  6  4  3 10 10 10 14 10  8 10 10 16 14 14 14 14 14 10 10 10 14 10 14 14  6 14 14 14 14 14 14 14 14 14 10 14 14 14 14 14 14  6 14 14 14 14 10  6 14 14 14 14 14 14 14 10 14 14 14 14 14 14 14 14 10 14 14 14 10  6 10 10 10 10 10 11 14 14 10 10  7 17 17 14 10  7 14  7  5 14 10 10  3 11 18  6  2  1  6 14 15  6 14 10  7  3  9  6  6  6  6 10 14 11  9  0  8  8  9 15 10  2  2  3  4  2 13 11  3  1  2 19 10 14  9  3  6 10 11  1 11 10 14 16  8  8  6 10 
 9  3  5  6  6  6  8 12 10  8 11  9  8  8  7  9  8  5  8  8 11  9  9  9  9  9  8  8  8  9  4  9  9  8  9  9  9  9  9  9  9  9  9  8  9  9  9  9  9  9  8  9  9  9  9  8  8  9  9  9  9  9  9  9  8  9  9  9  9  9  9  9  9  8  9  9  9  8  8  8  8  8  8  8 15  9  9  8  8  5 10 17  9  8  6  9  8  7  9  8  8  9 16 12  7  8  8  6  9 10  8  9  8  8 10  3  6  8  8  8  8  9  5  6  8  0  0  7  9  8  8  8  9 11  8  7  9  9  7  8 21  8  9  1  8  8  4  7  7 15  8  9 11  4  9  8  7 
 9  3  5  6  6  6  8 12 10  8 11  9  8  8  7  9  8  5  8  8 11  9  9  9  9  9  8  8  8  9  4  9  9  8  9  9  9  9  9  9  9  9  9  8  9  9  9  9  9  9  8  9  9  9  9  8  8  9  9  9  9  9  9  9  8  9  9  9  9  9  9  9  9  8  9  9  9  8  8  8  8  8  8  8 15  9  9  8  8  5 10 17  9  8  6  9  8  7  9  8  8  9 16 12  7  8  8  6  9 10  8  9  8  8 10  3  6  8  8  8  8  9  5  6  8  0  0  7  9  8  8  8  9 11  8  7  9  9  7  8 21  8  9  1  8  8  4  7  7 15  8  9 11  4  9  8  7 
 9  5  8  6  5  8 10 15 12  9 12 10 10 10 10  9 10  8 10 10 12  9  9  9  9  9 10 10 10  9  4  9  9  7  9  9  9  9  9  9  9  9  9 10  9  9  9  9  9  9  7  9  9  9  9 10  7  9  9  9  9  9  9  9 10  9  9  9  9  9  9  9  9 10  9  9  9 10  7 10 10 10 10 10 14  9  9 10 10  7 12 16  9 10  6  9  9  8  9 10 10 10 19 15  8  9  9  5  9 12  7  9 10  7 11  5  5  7  7  7 10  9 10  9  9  7  7  0 11 10  9  9 10 12  9  8 12 10  8  9 24 10  6  7  9  7  4  8  8 14 10  9 12  5 10  9 10 
 6  8 10 12 11 12 14 16  7 14 17 15 14 14 11  6 14 10 14 14  9  6  6  6  6  6 14 14 14  6  7  6  6 13  6  6  6  6  6  6  6  6  6 14  6  6  6  6  6  6 13  6  6  6  6 14 13  6  6  6  6  6  6  6 14  6  6  6  6  6  6  6  6 14  6  6  6 14 13 14 14 14 14 14 17  6  6 14 14 11  7 22  6 14 12  6 15 14  6 14 14 16 21 16 14 14 15 11  6  7 13  6 14 13 16  8 11 13 13 13 14  6  8 11 15  9  9 11  0 14 14 14 16 17 14  7 14 16 14 14 17 14  9  9 15 13  7  7 14 17 14  6  9  9 16 14 11 
11  9  8  6  6  5  0 15 14  9 10  9  0  0  6 11  0  8  0  0 13 11 11 11 11 11  0  0  0 11  9 11 11  8 11 11 11 11 11 11 11 11 11  0 11 11 11 11 11 11  8 11 11 11 11  0  8 11 11 11 11 11 11 11  0 11 11 11 11 11 11 11 11  0 11 11 11  0  8  0  0  0  0  0 16 11 11  0  0  3 12 18 11  0  6 11  8  7 11  0  0  9 15 15  7  8 10  7 11 14  8 11  0  6 10  9  7  8  8  8  0 11  6  5 10  8  8 10 14  0  8  8  9 10  8 11  7 10  9  8 24  0 10  7  8  8  9 11  9 16  0 11 13  9  9  9  6 
12  9  7  7  6  8  8 18 14  5  3  2  8  8 10 12  8  7  8  8 16 12 12 12 12 12  8  8  8 12  9 12 12  6 12 12 12 12 12 12 12 12 12  8 12 12 12 12 12 12  6 12 12 12 12  8  6 12 12 12 12 12 12 12  8 12 12 12 12 12 12 12 12  8 12 12 12  8  6  8  8  8  8  8 13 12 12  8  8  7 15 17 12  8  7 12  6  3 12  8  8  3 12 18  4  0  2  6 12 14  6 12  8  5  2  9  6  6  6  6  8 12 10  8  2  8  8  9 14  8  0  0  2  3  0 13 11  3  1  0 19  8 14  9  2  6  9 11  1 13  8 12 16  8  6  5 10 
12  9  7  7  6  8  8 18 14  5  3  2  8  8 10 12  8  7  8  8 16 12 12 12 12 12  8  8  8 12  9 12 12  6 12 12 12 12 12 12 12 12 12  8 12 12 12 12 12 12  6 12 12 12 12  8  6 12 12 12 12 12 12 12  8 12 12 12 12 12 12 12 12  8 12 12 12  8  6  8  8  8  8  8 13 12 12  8  8  7 15 17 12  8  7 12  6  3 12  8  8  3 12 18  4  0  2  6 12 14  6 12  8  5  2  9  6  6  6  6  8 12 10  8  2  8  8  9 14  8  0  0  2  3  0 13 11  3  1  0 19  8 14  9  2  6  9 11  1 13  8 12 16  8  6  5 10 
13 10  8  7  7  8  9 19 16  4  5  2  9  9 10 13  9  8  9  9 17 13 13 13 13 13  9  9  9 13 11 13 13  7 13 13 13 13 13 13 13 13 13  9 13 13 13 13 13 13  7 13 13 13 13  9  7 13 13 13 13 13 13 13  9 13 13 13 13 13 13 13 13  9 13 13 13  9  7  9  9  9  9  9 14 13 13  9  9  8 16 16 13  9  7 13  8  5 13  9  9  4 10 19  6  2  3  7 13 16  7 13  9  6  4 10  7  7  7  7  9 13 12 10  3  9  9 10 16  9  2  2  0  5  2 14 12  4  2  2 19  9 15  9  1  7 11 12  2 14  9 13 17  9  6  4 10 
15 12 10 10  9 11 10 21 17  8  0  5 10 10 13 15 10 10 10 10 19 15 15 15 15 15 10 10 10 15 12 15 15  9 15 15 15 15 15 15 15 15 15 10 15 15 15 15 15 15  9 15 15 15 15 10  9 15 15 15 15 15 15 15 10 15 15 15 15 15 15 15 15 10 15 15 15 10  9 10 10 10 10 10 15 15 15 10 10 10 18 20 15 10 10 15  8  6 15 10 10  6 15 21  7  3  5  9 15 17  9 15 10  8  1 12  9  9  9  9 10 15 13 10  4 11 11 12 17 10  3  3  5  0  3 16 14  6  4  3 22 10 17 12  5  9 12 14  4 15 10 15 19 11  8  8 13 
12  9  7  7  6  8  8 18 14  5  3  2  8  8 10 12  8  7  8  8 16 12 12 12 12 12  8  8  8 12  9 12 12  6 12 12 12 12 12 12 12 12 12  8 12 12 12 12 12 12  6 12 12 12 12  8  6 12 12 12 12 12 12 12  8 12 12 12 12 12 12 12 12  8 12 12 12  8  6  8  8  8  8  8 13 12 12  8  8  7 15 17 12  8  7 12  6  3 12  8  8  3 12 18  4  0  2  6 12 14  6 12  8  5  2  9  6  6  6  6  8 12 10  8  2  8  8  9 14  8  0  0  2  3  0 13 11  3  1  0 19  8 14  9  2  6  9 11  1 13  8 12 16  8  6  5 10 
 6  7  8 11  9 11 11 12 10 12 16 14 11 11  9  6 11  8 11 11  9  6  6  6  6  6 11 11 11  6  6  6  6 11  6  6  6  6  6  6  6  6  6 11  6  6  6  6  6  6 11  6  6  6  6 11 11  6  6  6  6  6  6  6 11  6  6  6  6  6  6  6  6 11  6  6  6 11 11 11 11 11 11 11 15  6  6 11 11 11  9 20  6 11 11  6 13 12  6 11 11 14 18 12 13 13 13 10  6 10 11  6 11 12 15  7 10 11 11 11 11  6  8  9 13  7  7  8  7 11 13 13 14 16 13  0 11 14 12 13 20 11  4  8 13 11  6  3 12 15 11  6  9  8 14 12  9 
12 11 11  9  9  6  7 16 15 13 14 12  7  7  6 12  7 11  7  7 12 12 12 12 12 12  7  7  7 12 11 12 12 11 12 12 12 12 12 12 12 12 12  7 12 12 12 12 12 12 11 12 12 12 12  7 11 12 12 12 12 12 12 12  7 12 12 12 12 12 12 12 12  7 12 12 12  7 11  7  7  7  7  7 19 12 12  7  7  7 14 21 12  7  9 12  9 10 12  7  7 12 15 16 10 11 11  8 12 15 11 12  7  9 13 11  8 11 11 11  7 12  8  8 11  9  9 12 14  7 11 11 12 14 11 11  0 12 10 11 19  7 13  8 11 11 11  8 10 19  7 12 12 12 12 13  6 
14 10  9  5  5  7 10 19 16  7  6  4 10 10 10 14 10  9 10 10 17 14 14 14 14 14 10 10 10 14 11 14 14  4 14 14 14 14 14 14 14 14 14 10 14 14 14 14 14 14  4 14 14 14 14 10  4 14 14 14 14 14 14 14 10 14 14 14 14 14 14 14 14 10 14 14 14 10  4 10 10 10 10 10 11 14 14 10 10  8 18 16 14 10  5 14  5  5 14 10 10  1 11 19  5  3  2  6 14 16  4 14 10  7  5 10  6  4  4  4 10 14 12  7  3  9  9 10 16 10  3  3  4  6  3 14 12  0  2  3 17 10 14 10  4  4 11 12  2 11 10 14 17  9  8  7 10 
13  8  7  6  5  8  9 17 14  5  4  2  9  9  9 13  9  7  9  9 15 13 13 13 13 13  9  9  9 13  9 13 13  5 13 13 13 13 13 13 13 13 13  9 13 13 13 13 13 13  5 13 13 13 13  9  5 13 13 13 13 13 13 13  9 13 13 13 13 13 13 13 13  9 13 13 13  9  5  9  9  9  9  9 12 13 13  9  9  6 16 16 13  9  6 13  6  4 13  9  9  2 12 17  5  1  1  5 13 14  5 13  9  6  3  8  5  5  5  5  9 13 10  8  1  7  7  8 14  9  1  1  2  4  1 12 10  2  0  1 18  9 13  8  2  5  9 10  0 12  9 13 15  7  7  5  9 
12  9  7  7  6  8  8 18 14  5  3  2  8  8 10 12  8  7  8  8 16 12 12 12 12 12  8  8  8 12  9 12 12  6 12 12 12 12 12 12 12 12 12  8 12 12 12 12 12 12  6 12 12 12 12  8  6 12 12 12 12 12 12 12  8 12 12 12 12 12 12 12 12  8 12 12 12  8  6  8  8  8  8  8 13 12 12  8  8  7 15 17 12  8  7 12  6  3 12  8  8  3 12 18  4  0  2  6 12 14  6 12  8  5  2  9  6  6  6  6  8 12 10  8  2  8  8  9 14  8  0  0  2  3  0 13 11  3  1  0 19  8 14  9  2  6  9 11  1 13  8 12 16  8  6  5 10 
19 21 22 20 20 22 24 24 16 19 22 19 24 24 21 19 24 22 24 24 13 19 19 19 19 19 24 24 24 19 20 19 19 19 19 19 19 19 19 19 19 19 19 24 19 19 19 19 19 19 19 19 19 19 19 24 19 19 19 19 19 19 19 19 24 19 19 19 19 19 19 19 19 24 19 19 19 24 19 24 24 24 24 24 25 19 19 24 24 22 16 31 19 24 20 19 20 19 19 24 24 17 23 24 20 19 18 21 19 16 19 19 24 22 21 21 21 19 19 19 24 19 21 20 19 21 21 24 17 24 19 19 19 22 19 20 19 17 18 19  0 24 23 21 19 19 20 20 18 25 24 19 13 22 22 19 21 
11  9  8  6  6  5  0 15 14  9 10  9  0  0  6 11  0  8  0  0 13 11 11 11 11 11  0  0  0 11  9 11 11  8 11 11 11 11 11 11 11 11 11  0 11 11 11 11 11 11  8 11 11 11 11  0  8 11 11 11 11 11 11 11  0 11 11 11 11 11 11 11 11  0 11 11 11  0  8  0  0  0  0  0 16 11 11  0  0  3 12 18 11  0  6 11  8  7 11  0  0  9 15 15  7  8 10  7 11 14  8 11  0  6 10  9  7  8  8  8  0 11  6  5 10  8  8 10 14  0  8  8  9 10  8 11  7 10  9  8 24  0 10  7  8  8  9 11  9 16  0 11 13  9  9  9  6 
 7  8 10 11 11 11 10 15 12 13 17 15 10 10  8  7 10 10 10 10 10  7  7  7  7  7 10 10 10  7  7  7  7 12  7  7  7  7  7  7  7  7  7 10  7  7  7  7  7  7 12  7  7  7  7 10 12  7  7  7  7  7  7  7 10  7  7  7  7  7  7  7  7 10  7  7  7 10 12 10 10 10 10 10 17  7  7 10 10 10 10 22  7 10 11  7 14 13  7 10 10 15 17 15 13 14 14 10  7 12 12  7 10 12 16  8 10 12 12 12 10  7  7  8 14  9  9  6  9 10 14 14 15 17 14  4 13 14 13 14 23 10  0  9 14 12  7  6 13 17 10  7 10  9 15 13  8 
 9  3  4  6  5  7  7 13  9  8 12 10  7  7  7  9  7  4  7  7 10  9  9  9  9  9  7  7  7  9  4  9  9  7  9  9  9  9  9  9  9  9  9  7  9  9  9  9  9  9  7  9  9  9  9  7  7  9  9  9  9  9  9  9  7  9  9  9  9  9  9  9  9  7  9  9  9  7  7  7  7  7  7  7 15  9  9  7  7  5 10 17  9  7  6  9  7  8  9  7  7  9 15 13  7  9  9  5  9  9  7  9  7  7 11  3  5  7  7  7  7  9  5  5  9  1  1  7  9  7  9  9  9 12  9  8  8 10  8  9 21  7  9  0  9  7  4  6  8 15  7  9 10  4  9  8  7 
12  9  8  6  6  9  8 18 15  4  5  1  8  8 10 12  8  8  8  8 16 12 12 12 12 12  8  8  8 12 10 12 12  6 12 12 12 12 12 12 12 12 12  8 12 12 12 12 12 12  6 12 12 12 12  8  6 12 12 12 12 12 12 12  8 12 12 12 12 12 12 12 12  8 12 12 12  8  6  8  8  8  8  8 14 12 12  8  8  7 16 16 12  8  6 12  7  5 12  8  8  4 11 18  5  2  2  6 12 15  6 12  8  6  4  9  6  6  6  6  8 12 11  9  3  8  8  9 15  8  2  2  1  5  2 13 11  4  2  2 19  8 14  9  0  6 10 11  2 14  8 12 16  8  5  4 10 
12  7  7  4  2  5  8 17 15  6  9  7  8  8  7 12  8  7  8  8 14 12 12 12 12 12  8  8  8 12  8 12 12  0 12 12 12 12 12 12 12 12 12  8 12 12 12 12 12 12  0 12 12 12 12  8  0 12 12 12 12 12 12 12  8 12 12 12 12 12 12 12 12  8 12 12 12  8  0  8  8  8  8  8 12 12 12  8  8  5 15 18 12  8  4 12  3  3 12  8  8  5 14 17  4  6  6  4 12 15  0 12  8  6  8  7  4  0  0  0  8 12  9  6  6  8  8  7 13  8  6  6  7  9  6 11 11  4  5  6 19  8 12  7  6  0  8 10  5 12  8 12 14  7  9  6  7 
 6  1  5  7  6  7  9 12 10  8 12 10  9  9  9  6  9  5  9  9  8  6  6  6  6  6  9  9  9  6  0  6  6  8  6  6  6  6  6  6  6  6  6  9  6  6  6  6  6  6  8  6  6  6  6  9  8  6  6  6  6  6  6  6  9  6  6  6  6  6  6  6  6  9  6  6  6  9  8  9  9  9  9  9 13  6  6  9  9  7  9 15  6  9  7  6  8  9  6  9  9 11 17 12  9  9 10  6  6 10  8  6  9  8 11  1  6  8  8  8  9  6  7  8 10  4  4  4  7  9  9  9 11 12  9  6 11 11  9  9 20  9  7  4 10  8  0  5  9 13  9  6  8  2 10  8  9 
 6  6  9  9  8  9 11 11  8 11 14 12 11 11  9  6 11  9 11 11 12  6  6  6  6  6 11 11 11  6  5  6  6 10  6  6  6  6  6  6  6  6  6 11  6  6  6  6  6  6 10  6  6  6  6 11 10  6  6  6  6  6  6  6 11  6  6  6  6  6  6  6  6 11  6  6  6 11 10 11 11 11 11 11 15  6  6 11 11  8  9 17  6 11  9  6 11 12  6 11 11 12 16 11 11 11 11  9  6  8 10  6 11 10 13  6  9 10 10 10 11  6  9  6 11  7  7  8  7 11 11 11 12 14 11  3  8 12 10 11 20 11  6  6 11 10  5  0 10 15 11  6 12  6 12 11  9 
13  8  7  6  5  8  9 17 14  5  4  2  9  9  9 13  9  7  9  9 15 13 13 13 13 13  9  9  9 13  9 13 13  5 13 13 13 13 13 13 13 13 13  9 13 13 13 13 13 13  5 13 13 13 13  9  5 13 13 13 13 13 13 13  9 13 13 13 13 13 13 13 13  9 13 13 13  9  5  9  9  9  9  9 12 13 13  9  9  6 16 16 13  9  6 13  6  4 13  9  9  2 12 17  5  1  1  5 13 14  5 13  9  6  3  8  5  5  5  5  9 13 10  8  1  7  7  8 14  9  1  1  2  4  1 12 10  2  0  1 18  9 13  8  2  5  9 10  0 12  9 13 15  7  7  5  9 
16 12 14 13 13 13 16 21 20 10 15 14 16 16 15 16 16 14 16 16 20 16 16 16 16 16 16 16 16 16 13 16 16 12 16 16 16 16 16 16 16 16 16 16 16 16 16 16 16 16 12 16 16 16 16 16 12 16 16 16 16 16 16 16 16 16 16 16 16 16 16 16 16 16 16 16 16 16 12 16 16 16 16 16  0 16 16 16 16 13 19 11 16 16 13 16 15 12 16 16 16 12 18 21 13 13 12 13 16 20 12 16 16 13 14 12 13 12 12 12 16 16 16 15 11 15 15 14 17 16 13 13 14 15 13 15 19 11 12 13 25 16 17 15 14 12 13 15 12  0 16 16 20 13 12 10 15 
11  9  8  6  6  5  0 15 14  9 10  9  0  0  6 11  0  8  0  0 13 11 11 11 11 11  0  0  0 11  9 11 11  8 11 11 11 11 11 11 11 11 11  0 11 11 11 11 11 11  8 11 11 11 11  0  8 11 11 11 11 11 11 11  0 11 11 11 11 11 11 11 11  0 11 11 11  0  8  0  0  0  0  0 16 11 11  0  0  3 12 18 11  0  6 11  8  7 11  0  0  9 15 15  7  8 10  7 11 14  8 11  0  6 10  9  7  8  8  8  0 11  6  5 10  8  8 10 14  0  8  8  9 10  8 11  7 10  9  8 24  0 10  7  8  8  9 11  9 16  0 11 13  9  9  9  6 
 0  7 11 10 10  9 11 11  6 13 15 13 11 11  6  0 11 11 11 11 11  0  0  0  0  0 11 11 11  0  6  0  0 12  0  0  0  0  0  0  0  0  0 11  0  0  0  0  0  0 12  0  0  0  0 11 12  0  0  0  0  0  0  0 11  0  0  0  0  0  0  0  0 11  0  0  0 11 12 11 11 11 11 11 16  0  0 11 11  8  7 19  0 11 10  0 12 11  0 11 11 13 20 11 11 12 14 10  0  6 12  0 11 12 14  7 10 12 12 12 11  0  5 10 14  9  9  9  6 11 12 12 13 15 12  6 12 14 13 12 19 11  7  9 12 12  6  6 13 16 11  0 11  8 13 13  6 
11  9 13 13 12 13 13 16  8 15 19 17 13 13 10 11 13 13 13 13  0 11 11 11 11 11 13 13 13 11  8 11 11 14 11 11 11 11 11 11 11 11 11 13 11 11 11 11 11 11 14 11 11 11 11 13 14 11 11 11 11 11 11 11 13 11 11 11 11 11 11 11 11 13 11 11 11 13 14 13 13 13 13 13 20 11 11 13 13 11  8 23 11 13 13 11 16 15 11 13 13 17 22 16 15 16 16 12 11  8 14 11 13 14 18  9 12 14 14 14 13 11  9 13 16 11 11 12  9 13 16 16 17 19 16  9 12 17 15 16 13 13 10 10 16 14  8 12 15 20 13 11  0 10 17 15 10 
 8  1  4  5  5  6  9 14 11  7 11  9  9  9  8  8  9  4  9  9 10  8  8  8  8  8  9  9  9  8  2  8  8  7  8  8  8  8  8  8  8  8  8  9  8  8  8  8  8  8  7  8  8  8  8  9  7  8  8  8  8  8  8  8  9  8  8  8  8  8  8  8  8  9  8  8  8  9  7  9  9  9  9  9 13  8  8  9  9  6 10 15  8  9  5  8  8  7  8  9  9  9 15 14  7  8  8  4  8 11  7  8  9  6 10  1  4  7  7  7  9  8  7  8  8  4  4  5  9  9  8  8  9 11  8  8 12  9  7  8 22  9  9  4  8  7  2  6  7 13  9  8 10  0  9  7  8 
13  9  8  8  7  9  9 19 16  3  8  6  9  9 11 13  9  8  9  9 17 13 13 13 13 13  9  9  9 13 10 13 13  9 13 13 13 13 13 13 13 13 13  9 13 13 13 13 13 13  9 13 13 13 13  9  9 13 13 13 13 13 13 13  9 13 13 13 13 13 13 13 13  9 13 13 13  9  9  9  9  9  9  9 12 13 13  9  9  8 17 15 13  9  8 13  8  7 13  9  9  8 14 19  8  6  7  7 13 16  9 13  9  4  7  9  7  9  9  9  9 13 11 10  8  9  9 10 16  9  6  6  6  8  6 14 12  8  7  6 22  9 15  9  5  9 10 12  7 12  9 13 17  9  0  3 11 
13  8  8  7  7  7  9 19 16  0  8  5  9  9  8 13  9  8  9  9 15 13 13 13 13 13  9  9  9 13  8 13 13  6 13 13 13 13 13 13 13 13 13  9 13 13 13 13 13 13  6 13 13 13 13  9  6 13 13 13 13 13 13 13  9 13 13 13 13 13 13 13 13  9 13 13 13  9  6  9  9  9  9  9 10 13 13  9  9  6 15 15 13  9  7 13  6  4 13  9  9  7 13 19  5  5  6  8 13 16  6 13  9  4  7  8  8  6  6  6  9 13  9  9  6  8  8  9 14  9  5  5  4  8  5 12 13  7  5  5 19  9 13  8  4  6  8 11  5 10  9 13 15  7  3  0  8 
 6  8  7  7  5  5  6 12 11  8 13 10  6  6  0  6  6  7  6  6 10  6  6  6  6  6  6  6  6  6  9  6  6  7  6  6  6  6  6  6  6  6  6  6  6  6  6  6  6  6  7  6  6  6  6  6  7  6  6  6  6  6  6  6  6  6  6  6  6  6  6  6  6  6  6  6  6  6  7  6  6  6  6  6 15  6  6  6  6  4 10 17  6  6  7  6  7  9  6  6  6 11 15 12  9 10 10  6  6 11  7  6  6  7 12  8  6  7  7  7  6  6  4  4 10  7  7 10 11  6 10 10 10 13 10  9  6 10  9 10 21  6  8  7 10  7  9  9  9 15  6  6 10  8 11  8  0 
