Instance Date: 20090305

VehicleNumber---RequestNumber---MaxTravelTime---DisinfectionTime
    5              80               90             30

VehicleCapacity---VehicleLunchReadyTime---VehicleLunchDueTime---VehicleLunchDuration
    9                    750                    810                     60

LocationID---StaffDemand---SeatDemand---ReadyTime---DueTime---ServiceTime
    0            0              0          450        1230         0
    1            2            1.5          480         510        10
    2            2            1.5          480         510        10
    3            2            1.5          540         600        10
    4            2            1.5          480         500        10
    5            2            1.5          480         540        10
    6            2            1.5          490         550        10
    7            2            1.5          480         540        10
    8            2            2.5          480         540        15
    9            2            1.5          490         550         3
   10            2            1.5          480         500         8
   11            2            2.5          570         630         9
   12            2            2.5          625         685         3
   13            2            1.5          580         640        10
   14            2            1.5          490         550        10
   15            2            1.5          480         510         8
   16            2            1.5          555         645         8
   17            2              1          480        1200         8
   18            2              3          480         750         8
   19            2              1          540         690         8
   20            2              1          480        1200         8
   21            2              3          480        1200         8
   22            2            2.5          765         825        10
   23            2            2.5          765         825        10
   24            2            2.5          810         870        10
   25            2            1.5          622         682         8
   26            2              3          480        1200         8
   27            2            1.5          627         687         8
   28            2            1.5          628         688         8
   29            2            1.5          622         682         8
   30            2              3          750        1200         8
   31            2              1          480         750         8
   32            2              1          480         750         8
   33            2              3          480        1200         8
   34            2            1.5          660         780         8
   35            2              1          480         750         8
   36            2              3          900        1050         8
   37            3              1          480        1200         8
   38            2            2.5          900         960        10
   39            3            2.5          658         718         8
   40            3            2.5          656         716         8
   41            2              3          480        1200         8
   42            2              1          480        1200         8
   43            2            2.5          745         805         9
   44            2              3          480        1200         8
   45            2              1          750        1200         8
   46            2              3          775         865         8
   47            2              1          750        1200         8
   48            2              3          750        1200         8
   49            2              3          480        1200         8
   50            3              1          834         954         8
   51            3              3          480        1200         8
   52            2              3          480        1200         8
   53            2            2.5          883        1003         8
   54            3              1          960        1080         8
   55            2              3          960        1080         8
   56            3            1.5          847         907         8
   57            2            1.5          851         911         8
   58            2            1.5          850         910         8
   59            2              3          750        1200         8
   60            2              1          872        1022         8
   61            2              3          480        1200         8
   62            2            1.5          848         908         8
   63            2            1.5          850         910         8
   64            3            2.5          884         944         8
   65            2              1          480        1200         8
   66            2            2.5          902         962         8
   67            2            2.5          902         962         8
   68            2            2.5          911         971         8
   69            2              3          927        1047         8
   70            2              3         1030        1180         8
   71            2              3          992        1142         8
   72            2              1          960        1080         8
   73            2              3          750        1200         8
   74            2              1          480        1200         8
   75            2              1          750        1200         8
   76            2            2.5          889         949         8
   77            2              1          480        1200         8
   78            2              1          750        1200         8
   79            2              3         1026        1176         8
   80            2            1.5          659         779         8
   81            2           -1.5          480         540         3
   82            2           -1.5          480         540         3
   83            2           -1.5          570         630         3
   84            2           -1.5          480         540         3
   85            2           -1.5          510         570         3
   86            2           -1.5          510         570         3
   87            2           -1.5          510         570         3
   88            2           -2.5          510         570         3
   89            2           -1.5          510         570         3
   90            2           -1.5          495         585         3
   91            2           -2.5          600         660         3
   92            2           -2.5          645         705         3
   93            2           -1.5          600         660         3
   94            2           -1.5          510         570         3
   95            2           -1.5          495         585         3
   96            2           -1.5          585         675         3
   97            2             -1          480        1200        10
   98            2             -3          480         750         3
   99            2             -1          540         720         3
  100            2             -1          480        1200        10
  101            2             -3          480        1200        10
  102            2           -2.5          795         855         3
  103            2           -2.5          795         855         3
  104            2           -2.5          840         900         3
  105            2           -1.5          622         702        10
  106            2             -3          480        1200        10
  107            2           -1.5          627         707        10
  108            2           -1.5          628         708        10
  109            2           -1.5          622         702        10
  110            2             -3          750        1200        10
  111            2             -1          480         750         3
  112            2             -1          480         750         3
  113            2             -3          480        1200         3
  114            2           -1.5          660         800         3
  115            2             -1          480         750         3
  116            2             -3          900        1070         3
  117            3             -1          480        1200        12
  118            2           -2.5          930         990         3
  119            3           -2.5          658         748         3
  120            3           -2.5          656         746         9
  121            2             -3          480        1200        10
  122            2             -1          480        1200        10
  123            2           -2.5          765         825         3
  124            2             -3          480        1200         3
  125            2             -1          750        1200         3
  126            2             -3          795         885         3
  127            2             -1          750        1200        10
  128            2             -3          750        1200        10
  129            2             -3          480        1200        10
  130            3             -1          834         974         6
  131            3             -3          480        1200        10
  132            2             -3          480        1200         3
  133            2           -2.5          883        1023         3
  134            3             -1          960        1100         6
  135            2             -3          960        1100        10
  136            3           -1.5          847         927         3
  137            2           -1.5          851         931        10
  138            2           -1.5          850         930        10
  139            2             -3          750        1200         3
  140            2             -1          872        1052         3
  141            2             -3          480        1200         3
  142            2           -1.5          848         928        10
  143            2           -1.5          850         930        10
  144            3           -2.5          884         964         9
  145            2             -1          480        1200        10
  146            2           -2.5          902         982        10
  147            2           -2.5          902         982        10
  148            2           -2.5          911         991        10
  149            2             -3          927        1057         3
  150            2             -3         1030        1200         3
  151            2             -3          992        1172         3
  152            2             -1          960        1100        10
  153            2             -3          750        1200        10
  154            2             -1          480        1200        10
  155            2             -1          750        1200        10
  156            2           -2.5          889         979        10
  157            2             -1          480        1200         3
  158            2             -1          750        1200         3
  159            2             -3         1026        1200         3
  160            2           -1.5          659         789         3

Travel Time Between Locations
 0  9  9  8  9 14  9 11  6 11 11 19 13 12 11 11 11 11  0  0 11 11 14 13 10 11 11 11 11 11 11  0  0  0  0  0 11 11 10  0  0  0  0  6  0  0 11  0  0  0  0  0  0  0 12 12 11 11 11  0  0  0 11 11  0  0  0  0  0  8  0  0 12 12  0  0  0  0  0  0  8 11 11 11 11 11 11 11  8 11  8  0  0 11 11  0  0 25 11 11  9  5  0  0  0  9 10  8 12 13  8 11 11 11 11 11 15 14  0 13 19 13 13  0 11 11  8  9 11 12  9  8 12 12  8 10 11 11  9 11 11 11  6  7  6  9  8 10 10 11 11 11 14 11 15 13 14 11 11 11 11 
 9  0  0  5  4 13 13 15 11  8 10 21 12  7  8 10 10 10  9  9 10 10 10 10  6 10 10 10 10 10 10  9  9  9  9  9 10 10 12  9  9  9  9  8  9  9 10  9  9  9  9  9  9  9  9  9 10 10 10  9  9  9 10 10  9  9  9  9  9  7  9  9  9  9  9  9  9  9  9  9  7 10 10 10 10 10 10 10  7 10  7  9  9 10 10  9  9 25 10 10  7  7  9  9  9  4  5  5  7  8  6 10 10 10 10 10 10 11  9 12 21  8 10  9 10 10  7  3 14 17  6 13  9  9  6  7  8 15 13 10 10 10  8  7  8  3 10  6 12 10 10 10  9  7 10 10 10 10 10 10 10 
 9  0  0  5  4 13 13 15 11  8 10 21 12  7  8 10 10 10  9  9 10 10 10 10  6 10 10 10 10 10 10  9  9  9  9  9 10 10 12  9  9  9  9  8  9  9 10  9  9  9  9  9  9  9  9  9 10 10 10  9  9  9 10 10  9  9  9  9  9  7  9  9  9  9  9  9  9  9  9  9  7 10 10 10 10 10 10 10  7 10  7  9  9 10 10  9  9 25 10 10  7  7  9  9  9  4  5  5  7  8  6 10 10 10 10 10 10 11  9 12 21  8 10  9 10 10  7  3 14 17  6 13  9  9  6  7  8 15 13 10 10 10  8  7  8  3 10  6 12 10 10 10  9  7 10 10 10 10 10 10 10 
 8  5  5  0  4 12 12 13  8  8  9 19 11  7  7  9  9  9  8  8  9  9 10  9  6  9  9  9  9  9  9  8  8  8  8  8  9  9 11  8  8  8  8  7  8  8  9  8  8  8  8  8  8  8  8  8  9  9  9  8  8  8  9  9  8  8  8  8  8  6  8  8  8  8  8  8  8  8  8  8  6  9  9  9  9  9  9  9  6  9  6  8  8  9  9  8  8 25  9  9  5  6  8  8  8  4  5  0  7  8  2  9  9  9  9  9 10 11  8 11 19  8  9  8  9  9  6  4 14 14  6 11  8  8  4  7  8 13 12  9  9  9  6  6  7  4  8  6 11  9  9  9  8  7 10  9 10  9  9  9  9 
 9  4  4  4  0 13 10 11  7  5  7 20  9  3  4  7  7  7  9  9  7  7  6  6  3  7  7  7  7  7  7  9  9  9  9  9  7  7 10  9  9  9  9  8  9  9  7  9  9  9  9  9  9  9  5  5  7  7  7  9  9  9  7  7  9  9  9  9  9  4  9  9  5  5  9  9  9  9  9  9  4  7  7  7  7  7  7  7  4  7  4  9  9  7  7  9  9 21  7  7  3  6  9  9  9  0  1  4  3  4  3  7  7  7  7  7  6  7  9  9 20  4  6  9  7  7  4  4 10 14  3 13  5  5  5  3  5 11 10  7  7  7  7  7  8  4  8  3 10  7  7  7  5  3  6  6  6  7  7  7  7 
14 13 13 12 13  0  9 10 10 13 14 15 12 14 15 14 14 14 14 14 14 14 18 18 12 14 14 14 14 14 14 14 14 14 14 14 14 14  8 14 14 14 14 12 14 14 14 14 14 14 14 14 14 14 15 15 14 14 14 14 14 14 14 14 14 14 14 14 14 12 14 14 15 15 14 14 14 14 14 14 12 14 14 14 14 14 14 14 12 14 12 14 14 14 14 14 14 27 14 14 11 11 14 14 14 13 14 12 14 16 12 14 14 14 14 14 18 16 14 12 15 16 18 14 14 14 12 13  9 10 11  9 15 15 12 13 13 10  9 14 14 14 13 11 12 13 13 12  8 14 14 14 17 14 18 18 18 14 14 14 14 
 9 13 13 12 10  9  0  4  7 10  8 18 11 11 11  8  8  8  9  9  8  8 13 13  8  8  8  8  8  8  8  9  9  9  9  9  8  8  7  9  9  9  9 10  9  9  8  9  9  9  9  9  9  9 12 12  8  8  8  9  9  9  8  8  9  9  9  9  9  8  9  9 12 12  9  9  9  9  9  9  8  8  8  8  8  8  8  8  8  8  8  9  9  8  8  9  9 26  8  8  8  9  9  9  9 10 10 12 11 11 11  8  8  8  8  8 13 13  9 11 18 11 13  9  8  8  8 13  9 14  7 11 12 12 11  8 10  4  0  8  8  8 11 11 10 13 13  8  7  8  8  8 12 10 13 13 13  8  8  8  8 
11 15 15 13 11 10  4  0  7 10 11 18  8 12 12 11 11 11 11 11 11 11 14 14  9 11 11 11 11 11 11 11 11 11 11 11 11 11  4 11 11 11 11 10 11 11 11 11 11 11 11 11 11 11 12 12 11 11 11 11 11 11 11 11 11 11 11 11 11  9 11 11 12 12 11 11 11 11 11 11  9 11 11 11 11 11 11 11  9 11  9 11 11 11 11 11 11 28 11 11  8  9 11 11 11 11 11 13 12 13 13 11 11 11 11 11 13 11 11  8 18 13 14 11 11 11  9 14  6 16  9 12 12 12 11 10 10  0  4 11 11 11 11 11 10 14 13  9  4 11 11 11 13 11 13 13 14 11 11 11 11 
 6 11 11  8  7 10  7  7  0  9  8 18 10  9 10  8  8  8  6  6  8  8 12 12  7  8  8  8  8  8  8  6  6  6  6  6  8  8  8  6  6  6  6  9  6  6  8  6  6  6  6  6  6  6 10 10  8  8  8  6  6  6  8  8  6  6  6  6  6  6  6  6 10 10  6  6  6  6  6  6  6  8  8  8  8  8  8  8  6  8  6  6  6  8  8  6  6 27  8  8  7  6  6  6  6  7  8  8  9 10 10  8  8  8  8  8 12 11  6 10 18 10 12  6  8  8  6 11  9 12  6  8 10 10  7  9  9  7  7  8  8  8  6  8  9 11  8  7  8  8  8  8 11  9 12 12 12  8  8  8  8 
11  8  8  8  5 13 10 10  9  0  7 22  9  6  6  7  7  7 11 11  7  7  9  8  4  7  7  7  7  7  7 11 11 11 11 11  7  7  9 11 11 11 11  8 11 11  7 11 11 11 11 11 11 11  7  7  7  7  7 11 11 11  7  7 11 11 11 11 11  4 11 11  7  7 11 11 11 11 11 11  4  7  7  7  7  7  7  7  4  7  4 11 11  7  7 11 11 24  7  7  4  7 11 11 11  5  5  8  6  7  7  7  7  7  7  7  9  9 11  9 22  7  8 11  7  7  4  8 11 16  3 13  7  7  6  4  0 10 10  7  7  7  6  6  8  8  7  4  9  7  7  7  7  5  9  8  9  7  7  7  7 
11 10 10  9  7 14  8 11  8  7  0 21  7  8  6  0  0  0 11 11  0  0 10  9  5  0  0  0  0  0  0 11 11 11 11 11  0  0  7 11 11 11 11 10 11 11  0 11 11 11 11 11 11 11  8  8  0  0  0 11 11 11  0  0 11 11 11 11 11  3 11 11  8  8 11 11 11 11 11 11  3  0  0  0  0  0  0  0  3  0  3 11 11  0  0 11 11 24  0  0  4  6 11 11 11  7  7  9  8  7  7  0  0  0  0  0  9  9 11  7 21  9  9 11  0  0  3 10 10 17  4 14  8  8  7  6  7 11  8  0  0  0  9  8 10 10  9  5  7  0  0  0 10  8 10  9 10  0  0  0  0 
19 21 21 19 20 15 18 18 18 22 21  0 18 20 18 21 21 21 19 19 21 21 18 19 21 21 21 21 21 21 21 19 19 19 19 19 21 21 14 19 19 19 19 18 19 19 21 19 19 19 19 19 19 19 20 20 21 21 21 19 19 19 21 21 19 19 19 19 19 21 19 19 20 20 19 19 19 19 19 19 21 21 21 21 21 21 21 21 21 21 21 19 19 21 21 19 19 24 21 21 22 20 19 19 19 20 21 19 20 22 20 21 21 21 21 21 19 16 19 18  0 17 19 19 21 21 21 21 16 17 21 16 20 20 20 21 22 18 18 21 21 21 21 20 18 21 23 21 14 21 21 21 18 21 16 19 18 21 21 21 21 
13 12 12 11  9 12 11  8 10  9  7 18  0 11 10  7  7  7 13 13  7  7 12 12  8  7  7  7  7  7  7 13 13 13 13 13  7  7  4 13 13 13 13  9 13 13  7 13 13 13 13 13 13 13 11 11  7  7  7 13 13 13  7  7 13 13 13 13 13  7 13 13 11 11 13 13 13 13 13 13  7  7  7  7  7  7  7  7  7  7  7 13 13  7  7 13 13 25  7  7  8  8 13 13 13  9  9 11 11 10 10  7  7  7  7  7 12  5 13  0 18 10 12 13  7  7  7 11  7 17  7 14 11 11 10  7  9  8 11  7  7  7 11 10  9 11 12  8  4  7  7  7 11  9 12 12 12  7  7  7  7 
12  7  7  7  3 14 11 12  9  6  8 20 11  0  5  8  8  8 12 12  8  8  6  6  3  8  8  8  8  8  8 12 12 12 12 12  8  8  9 12 12 12 12 10 12 12  8 12 12 12 12 12 12 12  6  6  8  8  8 12 12 12  8  8 12 12 12 12 12  5 12 12  6  6 12 12 12 12 12 12  5  8  8  8  8  8  8  8  5  8  5 12 12  8  8 12 12 22  8  8  4  8 12 12 12  3  4  7  0  4  6  8  8  8  8  8  7 10 12 11 20  6  6 12  8  8  5  7 12 17  4 15  6  6  6  6  6 12 11  8  8  8  9  8 10  7  9  3  9  8  8  8  5  2  8  6  6  8  8  8  8 
11  8  8  7  4 15 11 12 10  6  6 18 10  5  0  6  6  6 11 11  6  6  6  6  4  6  6  6  6  6  6 11 11 11 11 11  6  6 10 11 11 11 11 11 11 11  6 11 11 11 11 11 11 11  3  3  6  6  6 11 11 11  6  6 11 11 11 11 11  5 11 11  3  3 11 11 11 11 11 11  5  6  6  6  6  6  6  6  5  6  5 11 11  6  6 11 11 23  6  6  5  9 11 11 11  4  4  7  5  6  6  6  6  6  6  6  6  7 11 10 18  5  7 11  6  6  5  8 12 18  5 16  3  3  6  5  6 12 11  6  6  6 10  9 11  8 10  4 10  6  6  6  6  5  4  6  6  6  6  6  6 
11 10 10  9  7 14  8 11  8  7  0 21  7  8  6  0  0  0 11 11  0  0 10  9  5  0  0  0  0  0  0 11 11 11 11 11  0  0  7 11 11 11 11 10 11 11  0 11 11 11 11 11 11 11  8  8  0  0  0 11 11 11  0  0 11 11 11 11 11  3 11 11  8  8 11 11 11 11 11 11  3  0  0  0  0  0  0  0  3  0  3 11 11  0  0 11 11 24  0  0  4  6 11 11 11  7  7  9  8  7  7  0  0  0  0  0  9  9 11  7 21  9  9 11  0  0  3 10 10 17  4 14  8  8  7  6  7 11  8  0  0  0  9  8 10 10  9  5  7  0  0  0 10  8 10  9 10  0  0  0  0 
11 10 10  9  7 14  8 11  8  7  0 21  7  8  6  0  0  0 11 11  0  0 10  9  5  0  0  0  0  0  0 11 11 11 11 11  0  0  7 11 11 11 11 10 11 11  0 11 11 11 11 11 11 11  8  8  0  0  0 11 11 11  0  0 11 11 11 11 11  3 11 11  8  8 11 11 11 11 11 11  3  0  0  0  0  0  0  0  3  0  3 11 11  0  0 11 11 24  0  0  4  6 11 11 11  7  7  9  8  7  7  0  0  0  0  0  9  9 11  7 21  9  9 11  0  0  3 10 10 17  4 14  8  8  7  6  7 11  8  0  0  0  9  8 10 10  9  5  7  0  0  0 10  8 10  9 10  0  0  0  0 
11 10 10  9  7 14  8 11  8  7  0 21  7  8  6  0  0  0 11 11  0  0 10  9  5  0  0  0  0  0  0 11 11 11 11 11  0  0  7 11 11 11 11 10 11 11  0 11 11 11 11 11 11 11  8  8  0  0  0 11 11 11  0  0 11 11 11 11 11  3 11 11  8  8 11 11 11 11 11 11  3  0  0  0  0  0  0  0  3  0  3 11 11  0  0 11 11 24  0  0  4  6 11 11 11  7  7  9  8  7  7  0  0  0  0  0  9  9 11  7 21  9  9 11  0  0  3 10 10 17  4 14  8  8  7  6  7 11  8  0  0  0  9  8 10 10  9  5  7  0  0  0 10  8 10  9 10  0  0  0  0 
 0  9  9  8  9 14  9 11  6 11 11 19 13 12 11 11 11 11  0  0 11 11 14 13 10 11 11 11 11 11 11  0  0  0  0  0 11 11 10  0  0  0  0  6  0  0 11  0  0  0  0  0  0  0 12 12 11 11 11  0  0  0 11 11  0  0  0  0  0  8  0  0 12 12  0  0  0  0  0  0  8 11 11 11 11 11 11 11  8 11  8  0  0 11 11  0  0 25 11 11  9  5  0  0  0  9 10  8 12 13  8 11 11 11 11 11 15 14  0 13 19 13 13  0 11 11  8  9 11 12  9  8 12 12  8 10 11 11  9 11 11 11  6  7  6  9  8 10 10 11 11 11 14 11 15 13 14 11 11 11 11 
 0  9  9  8  9 14  9 11  6 11 11 19 13 12 11 11 11 11  0  0 11 11 14 13 10 11 11 11 11 11 11  0  0  0  0  0 11 11 10  0  0  0  0  6  0  0 11  0  0  0  0  0  0  0 12 12 11 11 11  0  0  0 11 11  0  0  0  0  0  8  0  0 12 12  0  0  0  0  0  0  8 11 11 11 11 11 11 11  8 11  8  0  0 11 11  0  0 25 11 11  9  5  0  0  0  9 10  8 12 13  8 11 11 11 11 11 15 14  0 13 19 13 13  0 11 11  8  9 11 12  9  8 12 12  8 10 11 11  9 11 11 11  6  7  6  9  8 10 10 11 11 11 14 11 15 13 14 11 11 11 11 
11 10 10  9  7 14  8 11  8  7  0 21  7  8  6  0  0  0 11 11  0  0 10  9  5  0  0  0  0  0  0 11 11 11 11 11  0  0  7 11 11 11 11 10 11 11  0 11 11 11 11 11 11 11  8  8  0  0  0 11 11 11  0  0 11 11 11 11 11  3 11 11  8  8 11 11 11 11 11 11  3  0  0  0  0  0  0  0  3  0  3 11 11  0  0 11 11 24  0  0  4  6 11 11 11  7  7  9  8  7  7  0  0  0  0  0  9  9 11  7 21  9  9 11  0  0  3 10 10 17  4 14  8  8  7  6  7 11  8  0  0  0  9  8 10 10  9  5  7  0  0  0 10  8 10  9 10  0  0  0  0 
11 10 10  9  7 14  8 11  8  7  0 21  7  8  6  0  0  0 11 11  0  0 10  9  5  0  0  0  0  0  0 11 11 11 11 11  0  0  7 11 11 11 11 10 11 11  0 11 11 11 11 11 11 11  8  8  0  0  0 11 11 11  0  0 11 11 11 11 11  3 11 11  8  8 11 11 11 11 11 11  3  0  0  0  0  0  0  0  3  0  3 11 11  0  0 11 11 24  0  0  4  6 11 11 11  7  7  9  8  7  7  0  0  0  0  0  9  9 11  7 21  9  9 11  0  0  3 10 10 17  4 14  8  8  7  6  7 11  8  0  0  0  9  8 10 10  9  5  7  0  0  0 10  8 10  9 10  0  0  0  0 
14 10 10 10  6 18 13 14 12  9 10 18 12  6  6 10 10 10 14 14 10 10  0  3  6 10 10 10 10 10 10 14 14 14 14 14 10 10 12 14 14 14 14 13 14 14 10 14 14 14 14 14 14 14  6  6 10 10 10 14 14 14 10 10 14 14 14 14 14  8 14 14  6  6 14 14 14 14 14 14  8 10 10 10 10 10 10 10  8 10  8 14 14 10 10 14 14 20 10 10  7 11 14 14 14  6  7 10  6  7  9 10 10 10 10 10  2 10 14 12 18  2  3 14 10 10  8 10 11 20  7 18  6  6  8  9  9 14 13 10 10 10 12 12 13 10 12  6 12 10 10 10  2  7  4  3  0 10 10 10 10 
13 10 10  9  6 18 13 14 12  8  9 19 12  6  6  9  9  9 13 13  9  9  3  0  6  9  9  9  9  9  9 13 13 13 13 13  9  9 12 13 13 13 13 13 13 13  9 13 13 13 13 13 13 13  7  7  9  9  9 13 13 13  9  9 13 13 13 13 13  7 13 13  7  7 13 13 13 13 13 13  7  9  9  9  9  9  9  9  7  9  7 13 13  9  9 13 13 20  9  9  7 11 13 13 13  6  7  9  6  6  9  9  9  9  9  9  4 10 13 12 19  2  2 13  9  9  7 10 12 20  7 18  7  7  8  9  8 14 13  9  9  9 12 11 13 10 12  6 12  9  9  9  1  7  4  2  3  9  9  9  9 
10  6  6  6  3 12  8  9  7  4  5 21  8  3  4  5  5  5 10 10  5  5  6  6  0  5  5  5  5  5  5 10 10 10 10 10  5  5  8 10 10 10 10  7 10 10  5 10 10 10 10 10 10 10  5  5  5  5  5 10 10 10  5  5 10 10 10 10 10  2 10 10  5  5 10 10 10 10 10 10  2  5  5  5  5  5  5  5  2  5  2 10 10  5  5 10 10 22  5  5  1  5 10 10 10  3  2  6  3  4  4  5  5  5  5  5  7  9 10  8 21  5  6 10  5  5  2  5  9 15  1 13  5  5  4  4  4  9  8  5  5  5  6  6  7  5  6  0  8  5  5  5  5  3  7  6  6  5  5  5  5 
11 10 10  9  7 14  8 11  8  7  0 21  7  8  6  0  0  0 11 11  0  0 10  9  5  0  0  0  0  0  0 11 11 11 11 11  0  0  7 11 11 11 11 10 11 11  0 11 11 11 11 11 11 11  8  8  0  0  0 11 11 11  0  0 11 11 11 11 11  3 11 11  8  8 11 11 11 11 11 11  3  0  0  0  0  0  0  0  3  0  3 11 11  0  0 11 11 24  0  0  4  6 11 11 11  7  7  9  8  7  7  0  0  0  0  0  9  9 11  7 21  9  9 11  0  0  3 10 10 17  4 14  8  8  7  6  7 11  8  0  0  0  9  8 10 10  9  5  7  0  0  0 10  8 10  9 10  0  0  0  0 
11 10 10  9  7 14  8 11  8  7  0 21  7  8  6  0  0  0 11 11  0  0 10  9  5  0  0  0  0  0  0 11 11 11 11 11  0  0  7 11 11 11 11 10 11 11  0 11 11 11 11 11 11 11  8  8  0  0  0 11 11 11  0  0 11 11 11 11 11  3 11 11  8  8 11 11 11 11 11 11  3  0  0  0  0  0  0  0  3  0  3 11 11  0  0 11 11 24  0  0  4  6 11 11 11  7  7  9  8  7  7  0  0  0  0  0  9  9 11  7 21  9  9 11  0  0  3 10 10 17  4 14  8  8  7  6  7 11  8  0  0  0  9  8 10 10  9  5  7  0  0  0 10  8 10  9 10  0  0  0  0 
11 10 10  9  7 14  8 11  8  7  0 21  7  8  6  0  0  0 11 11  0  0 10  9  5  0  0  0  0  0  0 11 11 11 11 11  0  0  7 11 11 11 11 10 11 11  0 11 11 11 11 11 11 11  8  8  0  0  0 11 11 11  0  0 11 11 11 11 11  3 11 11  8  8 11 11 11 11 11 11  3  0  0  0  0  0  0  0  3  0  3 11 11  0  0 11 11 24  0  0  4  6 11 11 11  7  7  9  8  7  7  0  0  0  0  0  9  9 11  7 21  9  9 11  0  0  3 10 10 17  4 14  8  8  7  6  7 11  8  0  0  0  9  8 10 10  9  5  7  0  0  0 10  8 10  9 10  0  0  0  0 
11 10 10  9  7 14  8 11  8  7  0 21  7  8  6  0  0  0 11 11  0  0 10  9  5  0  0  0  0  0  0 11 11 11 11 11  0  0  7 11 11 11 11 10 11 11  0 11 11 11 11 11 11 11  8  8  0  0  0 11 11 11  0  0 11 11 11 11 11  3 11 11  8  8 11 11 11 11 11 11  3  0  0  0  0  0  0  0  3  0  3 11 11  0  0 11 11 24  0  0  4  6 11 11 11  7  7  9  8  7  7  0  0  0  0  0  9  9 11  7 21  9  9 11  0  0  3 10 10 17  4 14  8  8  7  6  7 11  8  0  0  0  9  8 10 10  9  5  7  0  0  0 10  8 10  9 10  0  0  0  0 
11 10 10  9  7 14  8 11  8  7  0 21  7  8  6  0  0  0 11 11  0  0 10  9  5  0  0  0  0  0  0 11 11 11 11 11  0  0  7 11 11 11 11 10 11 11  0 11 11 11 11 11 11 11  8  8  0  0  0 11 11 11  0  0 11 11 11 11 11  3 11 11  8  8 11 11 11 11 11 11  3  0  0  0  0  0  0  0  3  0  3 11 11  0  0 11 11 24  0  0  4  6 11 11 11  7  7  9  8  7  7  0  0  0  0  0  9  9 11  7 21  9  9 11  0  0  3 10 10 17  4 14  8  8  7  6  7 11  8  0  0  0  9  8 10 10  9  5  7  0  0  0 10  8 10  9 10  0  0  0  0 
11 10 10  9  7 14  8 11  8  7  0 21  7  8  6  0  0  0 11 11  0  0 10  9  5  0  0  0  0  0  0 11 11 11 11 11  0  0  7 11 11 11 11 10 11 11  0 11 11 11 11 11 11 11  8  8  0  0  0 11 11 11  0  0 11 11 11 11 11  3 11 11  8  8 11 11 11 11 11 11  3  0  0  0  0  0  0  0  3  0  3 11 11  0  0 11 11 24  0  0  4  6 11 11 11  7  7  9  8  7  7  0  0  0  0  0  9  9 11  7 21  9  9 11  0  0  3 10 10 17  4 14  8  8  7  6  7 11  8  0  0  0  9  8 10 10  9  5  7  0  0  0 10  8 10  9 10  0  0  0  0 
 0  9  9  8  9 14  9 11  6 11 11 19 13 12 11 11 11 11  0  0 11 11 14 13 10 11 11 11 11 11 11  0  0  0  0  0 11 11 10  0  0  0  0  6  0  0 11  0  0  0  0  0  0  0 12 12 11 11 11  0  0  0 11 11  0  0  0  0  0  8  0  0 12 12  0  0  0  0  0  0  8 11 11 11 11 11 11 11  8 11  8  0  0 11 11  0  0 25 11 11  9  5  0  0  0  9 10  8 12 13  8 11 11 11 11 11 15 14  0 13 19 13 13  0 11 11  8  9 11 12  9  8 12 12  8 10 11 11  9 11 11 11  6  7  6  9  8 10 10 11 11 11 14 11 15 13 14 11 11 11 11 
 0  9  9  8  9 14  9 11  6 11 11 19 13 12 11 11 11 11  0  0 11 11 14 13 10 11 11 11 11 11 11  0  0  0  0  0 11 11 10  0  0  0  0  6  0  0 11  0  0  0  0  0  0  0 12 12 11 11 11  0  0  0 11 11  0  0  0  0  0  8  0  0 12 12  0  0  0  0  0  0  8 11 11 11 11 11 11 11  8 11  8  0  0 11 11  0  0 25 11 11  9  5  0  0  0  9 10  8 12 13  8 11 11 11 11 11 15 14  0 13 19 13 13  0 11 11  8  9 11 12  9  8 12 12  8 10 11 11  9 11 11 11  6  7  6  9  8 10 10 11 11 11 14 11 15 13 14 11 11 11 11 
 0  9  9  8  9 14  9 11  6 11 11 19 13 12 11 11 11 11  0  0 11 11 14 13 10 11 11 11 11 11 11  0  0  0  0  0 11 11 10  0  0  0  0  6  0  0 11  0  0  0  0  0  0  0 12 12 11 11 11  0  0  0 11 11  0  0  0  0  0  8  0  0 12 12  0  0  0  0  0  0  8 11 11 11 11 11 11 11  8 11  8  0  0 11 11  0  0 25 11 11  9  5  0  0  0  9 10  8 12 13  8 11 11 11 11 11 15 14  0 13 19 13 13  0 11 11  8  9 11 12  9  8 12 12  8 10 11 11  9 11 11 11  6  7  6  9  8 10 10 11 11 11 14 11 15 13 14 11 11 11 11 
 0  9  9  8  9 14  9 11  6 11 11 19 13 12 11 11 11 11  0  0 11 11 14 13 10 11 11 11 11 11 11  0  0  0  0  0 11 11 10  0  0  0  0  6  0  0 11  0  0  0  0  0  0  0 12 12 11 11 11  0  0  0 11 11  0  0  0  0  0  8  0  0 12 12  0  0  0  0  0  0  8 11 11 11 11 11 11 11  8 11  8  0  0 11 11  0  0 25 11 11  9  5  0  0  0  9 10  8 12 13  8 11 11 11 11 11 15 14  0 13 19 13 13  0 11 11  8  9 11 12  9  8 12 12  8 10 11 11  9 11 11 11  6  7  6  9  8 10 10 11 11 11 14 11 15 13 14 11 11 11 11 
 0  9  9  8  9 14  9 11  6 11 11 19 13 12 11 11 11 11  0  0 11 11 14 13 10 11 11 11 11 11 11  0  0  0  0  0 11 11 10  0  0  0  0  6  0  0 11  0  0  0  0  0  0  0 12 12 11 11 11  0  0  0 11 11  0  0  0  0  0  8  0  0 12 12  0  0  0  0  0  0  8 11 11 11 11 11 11 11  8 11  8  0  0 11 11  0  0 25 11 11  9  5  0  0  0  9 10  8 12 13  8 11 11 11 11 11 15 14  0 13 19 13 13  0 11 11  8  9 11 12  9  8 12 12  8 10 11 11  9 11 11 11  6  7  6  9  8 10 10 11 11 11 14 11 15 13 14 11 11 11 11 
11 10 10  9  7 14  8 11  8  7  0 21  7  8  6  0  0  0 11 11  0  0 10  9  5  0  0  0  0  0  0 11 11 11 11 11  0  0  7 11 11 11 11 10 11 11  0 11 11 11 11 11 11 11  8  8  0  0  0 11 11 11  0  0 11 11 11 11 11  3 11 11  8  8 11 11 11 11 11 11  3  0  0  0  0  0  0  0  3  0  3 11 11  0  0 11 11 24  0  0  4  6 11 11 11  7  7  9  8  7  7  0  0  0  0  0  9  9 11  7 21  9  9 11  0  0  3 10 10 17  4 14  8  8  7  6  7 11  8  0  0  0  9  8 10 10  9  5  7  0  0  0 10  8 10  9 10  0  0  0  0 
11 10 10  9  7 14  8 11  8  7  0 21  7  8  6  0  0  0 11 11  0  0 10  9  5  0  0  0  0  0  0 11 11 11 11 11  0  0  7 11 11 11 11 10 11 11  0 11 11 11 11 11 11 11  8  8  0  0  0 11 11 11  0  0 11 11 11 11 11  3 11 11  8  8 11 11 11 11 11 11  3  0  0  0  0  0  0  0  3  0  3 11 11  0  0 11 11 24  0  0  4  6 11 11 11  7  7  9  8  7  7  0  0  0  0  0  9  9 11  7 21  9  9 11  0  0  3 10 10 17  4 14  8  8  7  6  7 11  8  0  0  0  9  8 10 10  9  5  7  0  0  0 10  8 10  9 10  0  0  0  0 
10 12 12 11 10  8  7  4  8  9  7 14  4  9 10  7  7  7 10 10  7  7 12 12  8  7  7  7  7  7  7 10 10 10 10 10  7  7  0 10 10 10 10  9 10 10  7 10 10 10 10 10 10 10 11 11  7  7  7 10 10 10  7  7 10 10 10 10 10  7 10 10 11 11 10 10 10 10 10 10  7  7  7  7  7  7  7  7  7  7  7 10 10  7  7 10 10 25  7  7  8  9 10 10 10 10  9 11  9 10 10  7  7  7  7  7 14  8 10  4 14 12 12 10  7  7  7 12  5 13  7 11 11 11 10  7  9  4  7  7  7  7  7  7  9 12 10  8  0  7  7  7 11  9 13 12 12  7  7  7  7 
 0  9  9  8  9 14  9 11  6 11 11 19 13 12 11 11 11 11  0  0 11 11 14 13 10 11 11 11 11 11 11  0  0  0  0  0 11 11 10  0  0  0  0  6  0  0 11  0  0  0  0  0  0  0 12 12 11 11 11  0  0  0 11 11  0  0  0  0  0  8  0  0 12 12  0  0  0  0  0  0  8 11 11 11 11 11 11 11  8 11  8  0  0 11 11  0  0 25 11 11  9  5  0  0  0  9 10  8 12 13  8 11 11 11 11 11 15 14  0 13 19 13 13  0 11 11  8  9 11 12  9  8 12 12  8 10 11 11  9 11 11 11  6  7  6  9  8 10 10 11 11 11 14 11 15 13 14 11 11 11 11 
 0  9  9  8  9 14  9 11  6 11 11 19 13 12 11 11 11 11  0  0 11 11 14 13 10 11 11 11 11 11 11  0  0  0  0  0 11 11 10  0  0  0  0  6  0  0 11  0  0  0  0  0  0  0 12 12 11 11 11  0  0  0 11 11  0  0  0  0  0  8  0  0 12 12  0  0  0  0  0  0  8 11 11 11 11 11 11 11  8 11  8  0  0 11 11  0  0 25 11 11  9  5  0  0  0  9 10  8 12 13  8 11 11 11 11 11 15 14  0 13 19 13 13  0 11 11  8  9 11 12  9  8 12 12  8 10 11 11  9 11 11 11  6  7  6  9  8 10 10 11 11 11 14 11 15 13 14 11 11 11 11 
 0  9  9  8  9 14  9 11  6 11 11 19 13 12 11 11 11 11  0  0 11 11 14 13 10 11 11 11 11 11 11  0  0  0  0  0 11 11 10  0  0  0  0  6  0  0 11  0  0  0  0  0  0  0 12 12 11 11 11  0  0  0 11 11  0  0  0  0  0  8  0  0 12 12  0  0  0  0  0  0  8 11 11 11 11 11 11 11  8 11  8  0  0 11 11  0  0 25 11 11  9  5  0  0  0  9 10  8 12 13  8 11 11 11 11 11 15 14  0 13 19 13 13  0 11 11  8  9 11 12  9  8 12 12  8 10 11 11  9 11 11 11  6  7  6  9  8 10 10 11 11 11 14 11 15 13 14 11 11 11 11 
 0  9  9  8  9 14  9 11  6 11 11 19 13 12 11 11 11 11  0  0 11 11 14 13 10 11 11 11 11 11 11  0  0  0  0  0 11 11 10  0  0  0  0  6  0  0 11  0  0  0  0  0  0  0 12 12 11 11 11  0  0  0 11 11  0  0  0  0  0  8  0  0 12 12  0  0  0  0  0  0  8 11 11 11 11 11 11 11  8 11  8  0  0 11 11  0  0 25 11 11  9  5  0  0  0  9 10  8 12 13  8 11 11 11 11 11 15 14  0 13 19 13 13  0 11 11  8  9 11 12  9  8 12 12  8 10 11 11  9 11 11 11  6  7  6  9  8 10 10 11 11 11 14 11 15 13 14 11 11 11 11 
 6  8  8  7  8 12 10 10  9  8 10 18  9 10 11 10 10 10  6  6 10 10 13 13  7 10 10 10 10 10 10  6  6  6  6  6 10 10  9  6  6  6  6  0  6  6 10  6  6  6  6  6  6  6 10 10 10 10 10  6  6  6 10 10  6  6  6  6  6  7  6  6 10 10  6  6  6  6  6  6  7 10 10 10 10 10 10 10  7 10  7  6  6 10 10  6  6 26 10 10  6  5  6  6  6  8  9  7 10 11  7 10 10 10 10 10 13 11  6  9 18 12 13  6 10 10  7  7 12 14  7 11 10 10  7  8  8 10 10 10 10 10  5  6  0  7  5  7  9 10 10 10 12 10 13 13 13 10 10 10 10 
 0  9  9  8  9 14  9 11  6 11 11 19 13 12 11 11 11 11  0  0 11 11 14 13 10 11 11 11 11 11 11  0  0  0  0  0 11 11 10  0  0  0  0  6  0  0 11  0  0  0  0  0  0  0 12 12 11 11 11  0  0  0 11 11  0  0  0  0  0  8  0  0 12 12  0  0  0  0  0  0  8 11 11 11 11 11 11 11  8 11  8  0  0 11 11  0  0 25 11 11  9  5  0  0  0  9 10  8 12 13  8 11 11 11 11 11 15 14  0 13 19 13 13  0 11 11  8  9 11 12  9  8 12 12  8 10 11 11  9 11 11 11  6  7  6  9  8 10 10 11 11 11 14 11 15 13 14 11 11 11 11 
 0  9  9  8  9 14  9 11  6 11 11 19 13 12 11 11 11 11  0  0 11 11 14 13 10 11 11 11 11 11 11  0  0  0  0  0 11 11 10  0  0  0  0  6  0  0 11  0  0  0  0  0  0  0 12 12 11 11 11  0  0  0 11 11  0  0  0  0  0  8  0  0 12 12  0  0  0  0  0  0  8 11 11 11 11 11 11 11  8 11  8  0  0 11 11  0  0 25 11 11  9  5  0  0  0  9 10  8 12 13  8 11 11 11 11 11 15 14  0 13 19 13 13  0 11 11  8  9 11 12  9  8 12 12  8 10 11 11  9 11 11 11  6  7  6  9  8 10 10 11 11 11 14 11 15 13 14 11 11 11 11 
11 10 10  9  7 14  8 11  8  7  0 21  7  8  6  0  0  0 11 11  0  0 10  9  5  0  0  0  0  0  0 11 11 11 11 11  0  0  7 11 11 11 11 10 11 11  0 11 11 11 11 11 11 11  8  8  0  0  0 11 11 11  0  0 11 11 11 11 11  3 11 11  8  8 11 11 11 11 11 11  3  0  0  0  0  0  0  0  3  0  3 11 11  0  0 11 11 24  0  0  4  6 11 11 11  7  7  9  8  7  7  0  0  0  0  0  9  9 11  7 21  9  9 11  0  0  3 10 10 17  4 14  8  8  7  6  7 11  8  0  0  0  9  8 10 10  9  5  7  0  0  0 10  8 10  9 10  0  0  0  0 
 0  9  9  8  9 14  9 11  6 11 11 19 13 12 11 11 11 11  0  0 11 11 14 13 10 11 11 11 11 11 11  0  0  0  0  0 11 11 10  0  0  0  0  6  0  0 11  0  0  0  0  0  0  0 12 12 11 11 11  0  0  0 11 11  0  0  0  0  0  8  0  0 12 12  0  0  0  0  0  0  8 11 11 11 11 11 11 11  8 11  8  0  0 11 11  0  0 25 11 11  9  5  0  0  0  9 10  8 12 13  8 11 11 11 11 11 15 14  0 13 19 13 13  0 11 11  8  9 11 12  9  8 12 12  8 10 11 11  9 11 11 11  6  7  6  9  8 10 10 11 11 11 14 11 15 13 14 11 11 11 11 
 0  9  9  8  9 14  9 11  6 11 11 19 13 12 11 11 11 11  0  0 11 11 14 13 10 11 11 11 11 11 11  0  0  0  0  0 11 11 10  0  0  0  0  6  0  0 11  0  0  0  0  0  0  0 12 12 11 11 11  0  0  0 11 11  0  0  0  0  0  8  0  0 12 12  0  0  0  0  0  0  8 11 11 11 11 11 11 11  8 11  8  0  0 11 11  0  0 25 11 11  9  5  0  0  0  9 10  8 12 13  8 11 11 11 11 11 15 14  0 13 19 13 13  0 11 11  8  9 11 12  9  8 12 12  8 10 11 11  9 11 11 11  6  7  6  9  8 10 10 11 11 11 14 11 15 13 14 11 11 11 11 
 0  9  9  8  9 14  9 11  6 11 11 19 13 12 11 11 11 11  0  0 11 11 14 13 10 11 11 11 11 11 11  0  0  0  0  0 11 11 10  0  0  0  0  6  0  0 11  0  0  0  0  0  0  0 12 12 11 11 11  0  0  0 11 11  0  0  0  0  0  8  0  0 12 12  0  0  0  0  0  0  8 11 11 11 11 11 11 11  8 11  8  0  0 11 11  0  0 25 11 11  9  5  0  0  0  9 10  8 12 13  8 11 11 11 11 11 15 14  0 13 19 13 13  0 11 11  8  9 11 12  9  8 12 12  8 10 11 11  9 11 11 11  6  7  6  9  8 10 10 11 11 11 14 11 15 13 14 11 11 11 11 
 0  9  9  8  9 14  9 11  6 11 11 19 13 12 11 11 11 11  0  0 11 11 14 13 10 11 11 11 11 11 11  0  0  0  0  0 11 11 10  0  0  0  0  6  0  0 11  0  0  0  0  0  0  0 12 12 11 11 11  0  0  0 11 11  0  0  0  0  0  8  0  0 12 12  0  0  0  0  0  0  8 11 11 11 11 11 11 11  8 11  8  0  0 11 11  0  0 25 11 11  9  5  0  0  0  9 10  8 12 13  8 11 11 11 11 11 15 14  0 13 19 13 13  0 11 11  8  9 11 12  9  8 12 12  8 10 11 11  9 11 11 11  6  7  6  9  8 10 10 11 11 11 14 11 15 13 14 11 11 11 11 
 0  9  9  8  9 14  9 11  6 11 11 19 13 12 11 11 11 11  0  0 11 11 14 13 10 11 11 11 11 11 11  0  0  0  0  0 11 11 10  0  0  0  0  6  0  0 11  0  0  0  0  0  0  0 12 12 11 11 11  0  0  0 11 11  0  0  0  0  0  8  0  0 12 12  0  0  0  0  0  0  8 11 11 11 11 11 11 11  8 11  8  0  0 11 11  0  0 25 11 11  9  5  0  0  0  9 10  8 12 13  8 11 11 11 11 11 15 14  0 13 19 13 13  0 11 11  8  9 11 12  9  8 12 12  8 10 11 11  9 11 11 11  6  7  6  9  8 10 10 11 11 11 14 11 15 13 14 11 11 11 11 
 0  9  9  8  9 14  9 11  6 11 11 19 13 12 11 11 11 11  0  0 11 11 14 13 10 11 11 11 11 11 11  0  0  0  0  0 11 11 10  0  0  0  0  6  0  0 11  0  0  0  0  0  0  0 12 12 11 11 11  0  0  0 11 11  0  0  0  0  0  8  0  0 12 12  0  0  0  0  0  0  8 11 11 11 11 11 11 11  8 11  8  0  0 11 11  0  0 25 11 11  9  5  0  0  0  9 10  8 12 13  8 11 11 11 11 11 15 14  0 13 19 13 13  0 11 11  8  9 11 12  9  8 12 12  8 10 11 11  9 11 11 11  6  7  6  9  8 10 10 11 11 11 14 11 15 13 14 11 11 11 11 
 0  9  9  8  9 14  9 11  6 11 11 19 13 12 11 11 11 11  0  0 11 11 14 13 10 11 11 11 11 11 11  0  0  0  0  0 11 11 10  0  0  0  0  6  0  0 11  0  0  0  0  0  0  0 12 12 11 11 11  0  0  0 11 11  0  0  0  0  0  8  0  0 12 12  0  0  0  0  0  0  8 11 11 11 11 11 11 11  8 11  8  0  0 11 11  0  0 25 11 11  9  5  0  0  0  9 10  8 12 13  8 11 11 11 11 11 15 14  0 13 19 13 13  0 11 11  8  9 11 12  9  8 12 12  8 10 11 11  9 11 11 11  6  7  6  9  8 10 10 11 11 11 14 11 15 13 14 11 11 11 11 
12  9  9  8  5 15 12 12 10  7  8 20 11  6  3  8  8  8 12 12  8  8  6  7  5  8  8  8  8  8  8 12 12 12 12 12  8  8 11 12 12 12 12 10 12 12  8 12 12 12 12 12 12 12  0  0  8  8  8 12 12 12  8  8 12 12 12 12 12  5 12 12  0  0 12 12 12 12 12 12  5  8  8  8  8  8  8  8  5  8  5 12 12  8  8 12 12 23  8  8  4  9 12 12 12  5  4  8  6  7  6  8  8  8  8  8  5  6 12 11 20  5  7 12  8  8  5  7 11 18  5 16  0  0  7  4  7 12 12  8  8  8  9  9 10  7  9  5 11  8  8  8  6  6  6  7  6  8  8  8  8 
12  9  9  8  5 15 12 12 10  7  8 20 11  6  3  8  8  8 12 12  8  8  6  7  5  8  8  8  8  8  8 12 12 12 12 12  8  8 11 12 12 12 12 10 12 12  8 12 12 12 12 12 12 12  0  0  8  8  8 12 12 12  8  8 12 12 12 12 12  5 12 12  0  0 12 12 12 12 12 12  5  8  8  8  8  8  8  8  5  8  5 12 12  8  8 12 12 23  8  8  4  9 12 12 12  5  4  8  6  7  6  8  8  8  8  8  5  6 12 11 20  5  7 12  8  8  5  7 11 18  5 16  0  0  7  4  7 12 12  8  8  8  9  9 10  7  9  5 11  8  8  8  6  6  6  7  6  8  8  8  8 
11 10 10  9  7 14  8 11  8  7  0 21  7  8  6  0  0  0 11 11  0  0 10  9  5  0  0  0  0  0  0 11 11 11 11 11  0  0  7 11 11 11 11 10 11 11  0 11 11 11 11 11 11 11  8  8  0  0  0 11 11 11  0  0 11 11 11 11 11  3 11 11  8  8 11 11 11 11 11 11  3  0  0  0  0  0  0  0  3  0  3 11 11  0  0 11 11 24  0  0  4  6 11 11 11  7  7  9  8  7  7  0  0  0  0  0  9  9 11  7 21  9  9 11  0  0  3 10 10 17  4 14  8  8  7  6  7 11  8  0  0  0  9  8 10 10  9  5  7  0  0  0 10  8 10  9 10  0  0  0  0 
11 10 10  9  7 14  8 11  8  7  0 21  7  8  6  0  0  0 11 11  0  0 10  9  5  0  0  0  0  0  0 11 11 11 11 11  0  0  7 11 11 11 11 10 11 11  0 11 11 11 11 11 11 11  8  8  0  0  0 11 11 11  0  0 11 11 11 11 11  3 11 11  8  8 11 11 11 11 11 11  3  0  0  0  0  0  0  0  3  0  3 11 11  0  0 11 11 24  0  0  4  6 11 11 11  7  7  9  8  7  7  0  0  0  0  0  9  9 11  7 21  9  9 11  0  0  3 10 10 17  4 14  8  8  7  6  7 11  8  0  0  0  9  8 10 10  9  5  7  0  0  0 10  8 10  9 10  0  0  0  0 
11 10 10  9  7 14  8 11  8  7  0 21  7  8  6  0  0  0 11 11  0  0 10  9  5  0  0  0  0  0  0 11 11 11 11 11  0  0  7 11 11 11 11 10 11 11  0 11 11 11 11 11 11 11  8  8  0  0  0 11 11 11  0  0 11 11 11 11 11  3 11 11  8  8 11 11 11 11 11 11  3  0  0  0  0  0  0  0  3  0  3 11 11  0  0 11 11 24  0  0  4  6 11 11 11  7  7  9  8  7  7  0  0  0  0  0  9  9 11  7 21  9  9 11  0  0  3 10 10 17  4 14  8  8  7  6  7 11  8  0  0  0  9  8 10 10  9  5  7  0  0  0 10  8 10  9 10  0  0  0  0 
 0  9  9  8  9 14  9 11  6 11 11 19 13 12 11 11 11 11  0  0 11 11 14 13 10 11 11 11 11 11 11  0  0  0  0  0 11 11 10  0  0  0  0  6  0  0 11  0  0  0  0  0  0  0 12 12 11 11 11  0  0  0 11 11  0  0  0  0  0  8  0  0 12 12  0  0  0  0  0  0  8 11 11 11 11 11 11 11  8 11  8  0  0 11 11  0  0 25 11 11  9  5  0  0  0  9 10  8 12 13  8 11 11 11 11 11 15 14  0 13 19 13 13  0 11 11  8  9 11 12  9  8 12 12  8 10 11 11  9 11 11 11  6  7  6  9  8 10 10 11 11 11 14 11 15 13 14 11 11 11 11 
 0  9  9  8  9 14  9 11  6 11 11 19 13 12 11 11 11 11  0  0 11 11 14 13 10 11 11 11 11 11 11  0  0  0  0  0 11 11 10  0  0  0  0  6  0  0 11  0  0  0  0  0  0  0 12 12 11 11 11  0  0  0 11 11  0  0  0  0  0  8  0  0 12 12  0  0  0  0  0  0  8 11 11 11 11 11 11 11  8 11  8  0  0 11 11  0  0 25 11 11  9  5  0  0  0  9 10  8 12 13  8 11 11 11 11 11 15 14  0 13 19 13 13  0 11 11  8  9 11 12  9  8 12 12  8 10 11 11  9 11 11 11  6  7  6  9  8 10 10 11 11 11 14 11 15 13 14 11 11 11 11 
 0  9  9  8  9 14  9 11  6 11 11 19 13 12 11 11 11 11  0  0 11 11 14 13 10 11 11 11 11 11 11  0  0  0  0  0 11 11 10  0  0  0  0  6  0  0 11  0  0  0  0  0  0  0 12 12 11 11 11  0  0  0 11 11  0  0  0  0  0  8  0  0 12 12  0  0  0  0  0  0  8 11 11 11 11 11 11 11  8 11  8  0  0 11 11  0  0 25 11 11  9  5  0  0  0  9 10  8 12 13  8 11 11 11 11 11 15 14  0 13 19 13 13  0 11 11  8  9 11 12  9  8 12 12  8 10 11 11  9 11 11 11  6  7  6  9  8 10 10 11 11 11 14 11 15 13 14 11 11 11 11 
11 10 10  9  7 14  8 11  8  7  0 21  7  8  6  0  0  0 11 11  0  0 10  9  5  0  0  0  0  0  0 11 11 11 11 11  0  0  7 11 11 11 11 10 11 11  0 11 11 11 11 11 11 11  8  8  0  0  0 11 11 11  0  0 11 11 11 11 11  3 11 11  8  8 11 11 11 11 11 11  3  0  0  0  0  0  0  0  3  0  3 11 11  0  0 11 11 24  0  0  4  6 11 11 11  7  7  9  8  7  7  0  0  0  0  0  9  9 11  7 21  9  9 11  0  0  3 10 10 17  4 14  8  8  7  6  7 11  8  0  0  0  9  8 10 10  9  5  7  0  0  0 10  8 10  9 10  0  0  0  0 
11 10 10  9  7 14  8 11  8  7  0 21  7  8  6  0  0  0 11 11  0  0 10  9  5  0  0  0  0  0  0 11 11 11 11 11  0  0  7 11 11 11 11 10 11 11  0 11 11 11 11 11 11 11  8  8  0  0  0 11 11 11  0  0 11 11 11 11 11  3 11 11  8  8 11 11 11 11 11 11  3  0  0  0  0  0  0  0  3  0  3 11 11  0  0 11 11 24  0  0  4  6 11 11 11  7  7  9  8  7  7  0  0  0  0  0  9  9 11  7 21  9  9 11  0  0  3 10 10 17  4 14  8  8  7  6  7 11  8  0  0  0  9  8 10 10  9  5  7  0  0  0 10  8 10  9 10  0  0  0  0 
 0  9  9  8  9 14  9 11  6 11 11 19 13 12 11 11 11 11  0  0 11 11 14 13 10 11 11 11 11 11 11  0  0  0  0  0 11 11 10  0  0  0  0  6  0  0 11  0  0  0  0  0  0  0 12 12 11 11 11  0  0  0 11 11  0  0  0  0  0  8  0  0 12 12  0  0  0  0  0  0  8 11 11 11 11 11 11 11  8 11  8  0  0 11 11  0  0 25 11 11  9  5  0  0  0  9 10  8 12 13  8 11 11 11 11 11 15 14  0 13 19 13 13  0 11 11  8  9 11 12  9  8 12 12  8 10 11 11  9 11 11 11  6  7  6  9  8 10 10 11 11 11 14 11 15 13 14 11 11 11 11 
 0  9  9  8  9 14  9 11  6 11 11 19 13 12 11 11 11 11  0  0 11 11 14 13 10 11 11 11 11 11 11  0  0  0  0  0 11 11 10  0  0  0  0  6  0  0 11  0  0  0  0  0  0  0 12 12 11 11 11  0  0  0 11 11  0  0  0  0  0  8  0  0 12 12  0  0  0  0  0  0  8 11 11 11 11 11 11 11  8 11  8  0  0 11 11  0  0 25 11 11  9  5  0  0  0  9 10  8 12 13  8 11 11 11 11 11 15 14  0 13 19 13 13  0 11 11  8  9 11 12  9  8 12 12  8 10 11 11  9 11 11 11  6  7  6  9  8 10 10 11 11 11 14 11 15 13 14 11 11 11 11 
 0  9  9  8  9 14  9 11  6 11 11 19 13 12 11 11 11 11  0  0 11 11 14 13 10 11 11 11 11 11 11  0  0  0  0  0 11 11 10  0  0  0  0  6  0  0 11  0  0  0  0  0  0  0 12 12 11 11 11  0  0  0 11 11  0  0  0  0  0  8  0  0 12 12  0  0  0  0  0  0  8 11 11 11 11 11 11 11  8 11  8  0  0 11 11  0  0 25 11 11  9  5  0  0  0  9 10  8 12 13  8 11 11 11 11 11 15 14  0 13 19 13 13  0 11 11  8  9 11 12  9  8 12 12  8 10 11 11  9 11 11 11  6  7  6  9  8 10 10 11 11 11 14 11 15 13 14 11 11 11 11 
 0  9  9  8  9 14  9 11  6 11 11 19 13 12 11 11 11 11  0  0 11 11 14 13 10 11 11 11 11 11 11  0  0  0  0  0 11 11 10  0  0  0  0  6  0  0 11  0  0  0  0  0  0  0 12 12 11 11 11  0  0  0 11 11  0  0  0  0  0  8  0  0 12 12  0  0  0  0  0  0  8 11 11 11 11 11 11 11  8 11  8  0  0 11 11  0  0 25 11 11  9  5  0  0  0  9 10  8 12 13  8 11 11 11 11 11 15 14  0 13 19 13 13  0 11 11  8  9 11 12  9  8 12 12  8 10 11 11  9 11 11 11  6  7  6  9  8 10 10 11 11 11 14 11 15 13 14 11 11 11 11 
 0  9  9  8  9 14  9 11  6 11 11 19 13 12 11 11 11 11  0  0 11 11 14 13 10 11 11 11 11 11 11  0  0  0  0  0 11 11 10  0  0  0  0  6  0  0 11  0  0  0  0  0  0  0 12 12 11 11 11  0  0  0 11 11  0  0  0  0  0  8  0  0 12 12  0  0  0  0  0  0  8 11 11 11 11 11 11 11  8 11  8  0  0 11 11  0  0 25 11 11  9  5  0  0  0  9 10  8 12 13  8 11 11 11 11 11 15 14  0 13 19 13 13  0 11 11  8  9 11 12  9  8 12 12  8 10 11 11  9 11 11 11  6  7  6  9  8 10 10 11 11 11 14 11 15 13 14 11 11 11 11 
 8  7  7  6  4 12  8  9  6  4  3 21  7  5  5  3  3  3  8  8  3  3  8  7  2  3  3  3  3  3  3  8  8  8  8  8  3  3  7  8  8  8  8  7  8  8  3  8  8  8  8  8  8  8  5  5  3  3  3  8  8  8  3  3  8  8  8  8  8  0  8  8  5  5  8  8  8  8  8  8  0  3  3  3  3  3  3  3  0  3  0  8  8  3  3  8  8 23  3  3  1  6  8  8  8  4  4  6  5  6  5  3  3  3  3  3  8  9  8  7 21  6  8  8  3  3  0  7 10 15  1 12  5  5  4  4  4  9  8  3  3  3  6  6  7  7  6  2  7  3  3  3  7  5  8  8  8  3  3  3  3 
 0  9  9  8  9 14  9 11  6 11 11 19 13 12 11 11 11 11  0  0 11 11 14 13 10 11 11 11 11 11 11  0  0  0  0  0 11 11 10  0  0  0  0  6  0  0 11  0  0  0  0  0  0  0 12 12 11 11 11  0  0  0 11 11  0  0  0  0  0  8  0  0 12 12  0  0  0  0  0  0  8 11 11 11 11 11 11 11  8 11  8  0  0 11 11  0  0 25 11 11  9  5  0  0  0  9 10  8 12 13  8 11 11 11 11 11 15 14  0 13 19 13 13  0 11 11  8  9 11 12  9  8 12 12  8 10 11 11  9 11 11 11  6  7  6  9  8 10 10 11 11 11 14 11 15 13 14 11 11 11 11 
 0  9  9  8  9 14  9 11  6 11 11 19 13 12 11 11 11 11  0  0 11 11 14 13 10 11 11 11 11 11 11  0  0  0  0  0 11 11 10  0  0  0  0  6  0  0 11  0  0  0  0  0  0  0 12 12 11 11 11  0  0  0 11 11  0  0  0  0  0  8  0  0 12 12  0  0  0  0  0  0  8 11 11 11 11 11 11 11  8 11  8  0  0 11 11  0  0 25 11 11  9  5  0  0  0  9 10  8 12 13  8 11 11 11 11 11 15 14  0 13 19 13 13  0 11 11  8  9 11 12  9  8 12 12  8 10 11 11  9 11 11 11  6  7  6  9  8 10 10 11 11 11 14 11 15 13 14 11 11 11 11 
12  9  9  8  5 15 12 12 10  7  8 20 11  6  3  8  8  8 12 12  8  8  6  7  5  8  8  8  8  8  8 12 12 12 12 12  8  8 11 12 12 12 12 10 12 12  8 12 12 12 12 12 12 12  0  0  8  8  8 12 12 12  8  8 12 12 12 12 12  5 12 12  0  0 12 12 12 12 12 12  5  8  8  8  8  8  8  8  5  8  5 12 12  8  8 12 12 23  8  8  4  9 12 12 12  5  4  8  6  7  6  8  8  8  8  8  5  6 12 11 20  5  7 12  8  8  5  7 11 18  5 16  0  0  7  4  7 12 12  8  8  8  9  9 10  7  9  5 11  8  8  8  6  6  6  7  6  8  8  8  8 
12  9  9  8  5 15 12 12 10  7  8 20 11  6  3  8  8  8 12 12  8  8  6  7  5  8  8  8  8  8  8 12 12 12 12 12  8  8 11 12 12 12 12 10 12 12  8 12 12 12 12 12 12 12  0  0  8  8  8 12 12 12  8  8 12 12 12 12 12  5 12 12  0  0 12 12 12 12 12 12  5  8  8  8  8  8  8  8  5  8  5 12 12  8  8 12 12 23  8  8  4  9 12 12 12  5  4  8  6  7  6  8  8  8  8  8  5  6 12 11 20  5  7 12  8  8  5  7 11 18  5 16  0  0  7  4  7 12 12  8  8  8  9  9 10  7  9  5 11  8  8  8  6  6  6  7  6  8  8  8  8 
 0  9  9  8  9 14  9 11  6 11 11 19 13 12 11 11 11 11  0  0 11 11 14 13 10 11 11 11 11 11 11  0  0  0  0  0 11 11 10  0  0  0  0  6  0  0 11  0  0  0  0  0  0  0 12 12 11 11 11  0  0  0 11 11  0  0  0  0  0  8  0  0 12 12  0  0  0  0  0  0  8 11 11 11 11 11 11 11  8 11  8  0  0 11 11  0  0 25 11 11  9  5  0  0  0  9 10  8 12 13  8 11 11 11 11 11 15 14  0 13 19 13 13  0 11 11  8  9 11 12  9  8 12 12  8 10 11 11  9 11 11 11  6  7  6  9  8 10 10 11 11 11 14 11 15 13 14 11 11 11 11 
 0  9  9  8  9 14  9 11  6 11 11 19 13 12 11 11 11 11  0  0 11 11 14 13 10 11 11 11 11 11 11  0  0  0  0  0 11 11 10  0  0  0  0  6  0  0 11  0  0  0  0  0  0  0 12 12 11 11 11  0  0  0 11 11  0  0  0  0  0  8  0  0 12 12  0  0  0  0  0  0  8 11 11 11 11 11 11 11  8 11  8  0  0 11 11  0  0 25 11 11  9  5  0  0  0  9 10  8 12 13  8 11 11 11 11 11 15 14  0 13 19 13 13  0 11 11  8  9 11 12  9  8 12 12  8 10 11 11  9 11 11 11  6  7  6  9  8 10 10 11 11 11 14 11 15 13 14 11 11 11 11 
 0  9  9  8  9 14  9 11  6 11 11 19 13 12 11 11 11 11  0  0 11 11 14 13 10 11 11 11 11 11 11  0  0  0  0  0 11 11 10  0  0  0  0  6  0  0 11  0  0  0  0  0  0  0 12 12 11 11 11  0  0  0 11 11  0  0  0  0  0  8  0  0 12 12  0  0  0  0  0  0  8 11 11 11 11 11 11 11  8 11  8  0  0 11 11  0  0 25 11 11  9  5  0  0  0  9 10  8 12 13  8 11 11 11 11 11 15 14  0 13 19 13 13  0 11 11  8  9 11 12  9  8 12 12  8 10 11 11  9 11 11 11  6  7  6  9  8 10 10 11 11 11 14 11 15 13 14 11 11 11 11 
 0  9  9  8  9 14  9 11  6 11 11 19 13 12 11 11 11 11  0  0 11 11 14 13 10 11 11 11 11 11 11  0  0  0  0  0 11 11 10  0  0  0  0  6  0  0 11  0  0  0  0  0  0  0 12 12 11 11 11  0  0  0 11 11  0  0  0  0  0  8  0  0 12 12  0  0  0  0  0  0  8 11 11 11 11 11 11 11  8 11  8  0  0 11 11  0  0 25 11 11  9  5  0  0  0  9 10  8 12 13  8 11 11 11 11 11 15 14  0 13 19 13 13  0 11 11  8  9 11 12  9  8 12 12  8 10 11 11  9 11 11 11  6  7  6  9  8 10 10 11 11 11 14 11 15 13 14 11 11 11 11 
 0  9  9  8  9 14  9 11  6 11 11 19 13 12 11 11 11 11  0  0 11 11 14 13 10 11 11 11 11 11 11  0  0  0  0  0 11 11 10  0  0  0  0  6  0  0 11  0  0  0  0  0  0  0 12 12 11 11 11  0  0  0 11 11  0  0  0  0  0  8  0  0 12 12  0  0  0  0  0  0  8 11 11 11 11 11 11 11  8 11  8  0  0 11 11  0  0 25 11 11  9  5  0  0  0  9 10  8 12 13  8 11 11 11 11 11 15 14  0 13 19 13 13  0 11 11  8  9 11 12  9  8 12 12  8 10 11 11  9 11 11 11  6  7  6  9  8 10 10 11 11 11 14 11 15 13 14 11 11 11 11 
 0  9  9  8  9 14  9 11  6 11 11 19 13 12 11 11 11 11  0  0 11 11 14 13 10 11 11 11 11 11 11  0  0  0  0  0 11 11 10  0  0  0  0  6  0  0 11  0  0  0  0  0  0  0 12 12 11 11 11  0  0  0 11 11  0  0  0  0  0  8  0  0 12 12  0  0  0  0  0  0  8 11 11 11 11 11 11 11  8 11  8  0  0 11 11  0  0 25 11 11  9  5  0  0  0  9 10  8 12 13  8 11 11 11 11 11 15 14  0 13 19 13 13  0 11 11  8  9 11 12  9  8 12 12  8 10 11 11  9 11 11 11  6  7  6  9  8 10 10 11 11 11 14 11 15 13 14 11 11 11 11 
 8  7  7  6  4 12  8  9  6  4  3 21  7  5  5  3  3  3  8  8  3  3  8  7  2  3  3  3  3  3  3  8  8  8  8  8  3  3  7  8  8  8  8  7  8  8  3  8  8  8  8  8  8  8  5  5  3  3  3  8  8  8  3  3  8  8  8  8  8  0  8  8  5  5  8  8  8  8  8  8  0  3  3  3  3  3  3  3  0  3  0  8  8  3  3  8  8 23  3  3  1  6  8  8  8  4  4  6  5  6  5  3  3  3  3  3  8  9  8  7 21  6  8  8  3  3  0  7 10 15  1 12  5  5  4  4  4  9  8  3  3  3  6  6  7  7  6  2  7  3  3  3  7  5  8  8  8  3  3  3  3 
11 10 10  9  7 14  8 11  8  7  0 21  7  8  6  0  0  0 11 11  0  0 10  9  5  0  0  0  0  0  0 11 11 11 11 11  0  0  7 11 11 11 11 10 11 11  0 11 11 11 11 11 11 11  8  8  0  0  0 11 11 11  0  0 11 11 11 11 11  3 11 11  8  8 11 11 11 11 11 11  3  0  0  0  0  0  0  0  3  0  3 11 11  0  0 11 11 24  0  0  4  6 11 11 11  7  7  9  8  7  7  0  0  0  0  0  9  9 11  7 21  9  9 11  0  0  3 10 10 17  4 14  8  8  7  6  7 11  8  0  0  0  9  8 10 10  9  5  7  0  0  0 10  8 10  9 10  0  0  0  0 
11 10 10  9  7 14  8 11  8  7  0 21  7  8  6  0  0  0 11 11  0  0 10  9  5  0  0  0  0  0  0 11 11 11 11 11  0  0  7 11 11 11 11 10 11 11  0 11 11 11 11 11 11 11  8  8  0  0  0 11 11 11  0  0 11 11 11 11 11  3 11 11  8  8 11 11 11 11 11 11  3  0  0  0  0  0  0  0  3  0  3 11 11  0  0 11 11 24  0  0  4  6 11 11 11  7  7  9  8  7  7  0  0  0  0  0  9  9 11  7 21  9  9 11  0  0  3 10 10 17  4 14  8  8  7  6  7 11  8  0  0  0  9  8 10 10  9  5  7  0  0  0 10  8 10  9 10  0  0  0  0 
11 10 10  9  7 14  8 11  8  7  0 21  7  8  6  0  0  0 11 11  0  0 10  9  5  0  0  0  0  0  0 11 11 11 11 11  0  0  7 11 11 11 11 10 11 11  0 11 11 11 11 11 11 11  8  8  0  0  0 11 11 11  0  0 11 11 11 11 11  3 11 11  8  8 11 11 11 11 11 11  3  0  0  0  0  0  0  0  3  0  3 11 11  0  0 11 11 24  0  0  4  6 11 11 11  7  7  9  8  7  7  0  0  0  0  0  9  9 11  7 21  9  9 11  0  0  3 10 10 17  4 14  8  8  7  6  7 11  8  0  0  0  9  8 10 10  9  5  7  0  0  0 10  8 10  9 10  0  0  0  0 
11 10 10  9  7 14  8 11  8  7  0 21  7  8  6  0  0  0 11 11  0  0 10  9  5  0  0  0  0  0  0 11 11 11 11 11  0  0  7 11 11 11 11 10 11 11  0 11 11 11 11 11 11 11  8  8  0  0  0 11 11 11  0  0 11 11 11 11 11  3 11 11  8  8 11 11 11 11 11 11  3  0  0  0  0  0  0  0  3  0  3 11 11  0  0 11 11 24  0  0  4  6 11 11 11  7  7  9  8  7  7  0  0  0  0  0  9  9 11  7 21  9  9 11  0  0  3 10 10 17  4 14  8  8  7  6  7 11  8  0  0  0  9  8 10 10  9  5  7  0  0  0 10  8 10  9 10  0  0  0  0 
11 10 10  9  7 14  8 11  8  7  0 21  7  8  6  0  0  0 11 11  0  0 10  9  5  0  0  0  0  0  0 11 11 11 11 11  0  0  7 11 11 11 11 10 11 11  0 11 11 11 11 11 11 11  8  8  0  0  0 11 11 11  0  0 11 11 11 11 11  3 11 11  8  8 11 11 11 11 11 11  3  0  0  0  0  0  0  0  3  0  3 11 11  0  0 11 11 24  0  0  4  6 11 11 11  7  7  9  8  7  7  0  0  0  0  0  9  9 11  7 21  9  9 11  0  0  3 10 10 17  4 14  8  8  7  6  7 11  8  0  0  0  9  8 10 10  9  5  7  0  0  0 10  8 10  9 10  0  0  0  0 
11 10 10  9  7 14  8 11  8  7  0 21  7  8  6  0  0  0 11 11  0  0 10  9  5  0  0  0  0  0  0 11 11 11 11 11  0  0  7 11 11 11 11 10 11 11  0 11 11 11 11 11 11 11  8  8  0  0  0 11 11 11  0  0 11 11 11 11 11  3 11 11  8  8 11 11 11 11 11 11  3  0  0  0  0  0  0  0  3  0  3 11 11  0  0 11 11 24  0  0  4  6 11 11 11  7  7  9  8  7  7  0  0  0  0  0  9  9 11  7 21  9  9 11  0  0  3 10 10 17  4 14  8  8  7  6  7 11  8  0  0  0  9  8 10 10  9  5  7  0  0  0 10  8 10  9 10  0  0  0  0 
11 10 10  9  7 14  8 11  8  7  0 21  7  8  6  0  0  0 11 11  0  0 10  9  5  0  0  0  0  0  0 11 11 11 11 11  0  0  7 11 11 11 11 10 11 11  0 11 11 11 11 11 11 11  8  8  0  0  0 11 11 11  0  0 11 11 11 11 11  3 11 11  8  8 11 11 11 11 11 11  3  0  0  0  0  0  0  0  3  0  3 11 11  0  0 11 11 24  0  0  4  6 11 11 11  7  7  9  8  7  7  0  0  0  0  0  9  9 11  7 21  9  9 11  0  0  3 10 10 17  4 14  8  8  7  6  7 11  8  0  0  0  9  8 10 10  9  5  7  0  0  0 10  8 10  9 10  0  0  0  0 
 8  7  7  6  4 12  8  9  6  4  3 21  7  5  5  3  3  3  8  8  3  3  8  7  2  3  3  3  3  3  3  8  8  8  8  8  3  3  7  8  8  8  8  7  8  8  3  8  8  8  8  8  8  8  5  5  3  3  3  8  8  8  3  3  8  8  8  8  8  0  8  8  5  5  8  8  8  8  8  8  0  3  3  3  3  3  3  3  0  3  0  8  8  3  3  8  8 23  3  3  1  6  8  8  8  4  4  6  5  6  5  3  3  3  3  3  8  9  8  7 21  6  8  8  3  3  0  7 10 15  1 12  5  5  4  4  4  9  8  3  3  3  6  6  7  7  6  2  7  3  3  3  7  5  8  8  8  3  3  3  3 
11 10 10  9  7 14  8 11  8  7  0 21  7  8  6  0  0  0 11 11  0  0 10  9  5  0  0  0  0  0  0 11 11 11 11 11  0  0  7 11 11 11 11 10 11 11  0 11 11 11 11 11 11 11  8  8  0  0  0 11 11 11  0  0 11 11 11 11 11  3 11 11  8  8 11 11 11 11 11 11  3  0  0  0  0  0  0  0  3  0  3 11 11  0  0 11 11 24  0  0  4  6 11 11 11  7  7  9  8  7  7  0  0  0  0  0  9  9 11  7 21  9  9 11  0  0  3 10 10 17  4 14  8  8  7  6  7 11  8  0  0  0  9  8 10 10  9  5  7  0  0  0 10  8 10  9 10  0  0  0  0 
 8  7  7  6  4 12  8  9  6  4  3 21  7  5  5  3  3  3  8  8  3  3  8  7  2  3  3  3  3  3  3  8  8  8  8  8  3  3  7  8  8  8  8  7  8  8  3  8  8  8  8  8  8  8  5  5  3  3  3  8  8  8  3  3  8  8  8  8  8  0  8  8  5  5  8  8  8  8  8  8  0  3  3  3  3  3  3  3  0  3  0  8  8  3  3  8  8 23  3  3  1  6  8  8  8  4  4  6  5  6  5  3  3  3  3  3  8  9  8  7 21  6  8  8  3  3  0  7 10 15  1 12  5  5  4  4  4  9  8  3  3  3  6  6  7  7  6  2  7  3  3  3  7  5  8  8  8  3  3  3  3 
 0  9  9  8  9 14  9 11  6 11 11 19 13 12 11 11 11 11  0  0 11 11 14 13 10 11 11 11 11 11 11  0  0  0  0  0 11 11 10  0  0  0  0  6  0  0 11  0  0  0  0  0  0  0 12 12 11 11 11  0  0  0 11 11  0  0  0  0  0  8  0  0 12 12  0  0  0  0  0  0  8 11 11 11 11 11 11 11  8 11  8  0  0 11 11  0  0 25 11 11  9  5  0  0  0  9 10  8 12 13  8 11 11 11 11 11 15 14  0 13 19 13 13  0 11 11  8  9 11 12  9  8 12 12  8 10 11 11  9 11 11 11  6  7  6  9  8 10 10 11 11 11 14 11 15 13 14 11 11 11 11 
 0  9  9  8  9 14  9 11  6 11 11 19 13 12 11 11 11 11  0  0 11 11 14 13 10 11 11 11 11 11 11  0  0  0  0  0 11 11 10  0  0  0  0  6  0  0 11  0  0  0  0  0  0  0 12 12 11 11 11  0  0  0 11 11  0  0  0  0  0  8  0  0 12 12  0  0  0  0  0  0  8 11 11 11 11 11 11 11  8 11  8  0  0 11 11  0  0 25 11 11  9  5  0  0  0  9 10  8 12 13  8 11 11 11 11 11 15 14  0 13 19 13 13  0 11 11  8  9 11 12  9  8 12 12  8 10 11 11  9 11 11 11  6  7  6  9  8 10 10 11 11 11 14 11 15 13 14 11 11 11 11 
11 10 10  9  7 14  8 11  8  7  0 21  7  8  6  0  0  0 11 11  0  0 10  9  5  0  0  0  0  0  0 11 11 11 11 11  0  0  7 11 11 11 11 10 11 11  0 11 11 11 11 11 11 11  8  8  0  0  0 11 11 11  0  0 11 11 11 11 11  3 11 11  8  8 11 11 11 11 11 11  3  0  0  0  0  0  0  0  3  0  3 11 11  0  0 11 11 24  0  0  4  6 11 11 11  7  7  9  8  7  7  0  0  0  0  0  9  9 11  7 21  9  9 11  0  0  3 10 10 17  4 14  8  8  7  6  7 11  8  0  0  0  9  8 10 10  9  5  7  0  0  0 10  8 10  9 10  0  0  0  0 
11 10 10  9  7 14  8 11  8  7  0 21  7  8  6  0  0  0 11 11  0  0 10  9  5  0  0  0  0  0  0 11 11 11 11 11  0  0  7 11 11 11 11 10 11 11  0 11 11 11 11 11 11 11  8  8  0  0  0 11 11 11  0  0 11 11 11 11 11  3 11 11  8  8 11 11 11 11 11 11  3  0  0  0  0  0  0  0  3  0  3 11 11  0  0 11 11 24  0  0  4  6 11 11 11  7  7  9  8  7  7  0  0  0  0  0  9  9 11  7 21  9  9 11  0  0  3 10 10 17  4 14  8  8  7  6  7 11  8  0  0  0  9  8 10 10  9  5  7  0  0  0 10  8 10  9 10  0  0  0  0 
 0  9  9  8  9 14  9 11  6 11 11 19 13 12 11 11 11 11  0  0 11 11 14 13 10 11 11 11 11 11 11  0  0  0  0  0 11 11 10  0  0  0  0  6  0  0 11  0  0  0  0  0  0  0 12 12 11 11 11  0  0  0 11 11  0  0  0  0  0  8  0  0 12 12  0  0  0  0  0  0  8 11 11 11 11 11 11 11  8 11  8  0  0 11 11  0  0 25 11 11  9  5  0  0  0  9 10  8 12 13  8 11 11 11 11 11 15 14  0 13 19 13 13  0 11 11  8  9 11 12  9  8 12 12  8 10 11 11  9 11 11 11  6  7  6  9  8 10 10 11 11 11 14 11 15 13 14 11 11 11 11 
 0  9  9  8  9 14  9 11  6 11 11 19 13 12 11 11 11 11  0  0 11 11 14 13 10 11 11 11 11 11 11  0  0  0  0  0 11 11 10  0  0  0  0  6  0  0 11  0  0  0  0  0  0  0 12 12 11 11 11  0  0  0 11 11  0  0  0  0  0  8  0  0 12 12  0  0  0  0  0  0  8 11 11 11 11 11 11 11  8 11  8  0  0 11 11  0  0 25 11 11  9  5  0  0  0  9 10  8 12 13  8 11 11 11 11 11 15 14  0 13 19 13 13  0 11 11  8  9 11 12  9  8 12 12  8 10 11 11  9 11 11 11  6  7  6  9  8 10 10 11 11 11 14 11 15 13 14 11 11 11 11 
25 25 25 25 21 27 26 28 27 24 24 24 25 22 23 24 24 24 25 25 24 24 20 20 22 24 24 24 24 24 24 25 25 25 25 25 24 24 25 25 25 25 25 26 25 25 24 25 25 25 25 25 25 25 23 23 24 24 24 25 25 25 24 24 25 25 25 25 25 23 25 25 23 23 25 25 25 25 25 25 23 24 24 24 24 24 24 24 23 24 23 25 25 24 24 25 25  0 24 24 23 23 25 25 25 21 22 25 22 20 24 24 24 24 24 24 21 20 25 25 24 20 20 25 24 24 23 25 25 31 22 29 23 23 24 23 24 28 26 24 24 24 26 25 26 25 27 22 25 24 24 24 19 22 21 20 20 24 24 24 24 
11 10 10  9  7 14  8 11  8  7  0 21  7  8  6  0  0  0 11 11  0  0 10  9  5  0  0  0  0  0  0 11 11 11 11 11  0  0  7 11 11 11 11 10 11 11  0 11 11 11 11 11 11 11  8  8  0  0  0 11 11 11  0  0 11 11 11 11 11  3 11 11  8  8 11 11 11 11 11 11  3  0  0  0  0  0  0  0  3  0  3 11 11  0  0 11 11 24  0  0  4  6 11 11 11  7  7  9  8  7  7  0  0  0  0  0  9  9 11  7 21  9  9 11  0  0  3 10 10 17  4 14  8  8  7  6  7 11  8  0  0  0  9  8 10 10  9  5  7  0  0  0 10  8 10  9 10  0  0  0  0 
11 10 10  9  7 14  8 11  8  7  0 21  7  8  6  0  0  0 11 11  0  0 10  9  5  0  0  0  0  0  0 11 11 11 11 11  0  0  7 11 11 11 11 10 11 11  0 11 11 11 11 11 11 11  8  8  0  0  0 11 11 11  0  0 11 11 11 11 11  3 11 11  8  8 11 11 11 11 11 11  3  0  0  0  0  0  0  0  3  0  3 11 11  0  0 11 11 24  0  0  4  6 11 11 11  7  7  9  8  7  7  0  0  0  0  0  9  9 11  7 21  9  9 11  0  0  3 10 10 17  4 14  8  8  7  6  7 11  8  0  0  0  9  8 10 10  9  5  7  0  0  0 10  8 10  9 10  0  0  0  0 
 9  7  7  5  3 11  8  8  7  4  4 22  8  4  5  4  4  4  9  9  4  4  7  7  1  4  4  4  4  4  4  9  9  9  9  9  4  4  8  9  9  9  9  6  9  9  4  9  9  9  9  9  9  9  4  4  4  4  4  9  9  9  4  4  9  9  9  9  9  1  9  9  4  4  9  9  9  9  9  9  1  4  4  4  4  4  4  4  1  4  1  9  9  4  4  9  9 23  4  4  0  5  9  9  9  3  3  5  4  5  5  4  4  4  4  4  8  8  9  8 22  6  7  9  4  4  1  6 10 14  1 12  4  4  3  3  4  8  8  4  4  4  5  5  6  6  5  1  8  4  4  4  6  4  8  7  7  4  4  4  4 
 5  7  7  6  6 11  9  9  6  7  6 20  8  8  9  6  6  6  5  5  6  6 11 11  5  6  6  6  6  6  6  5  5  5  5  5  6  6  9  5  5  5  5  5  5  5  6  5  5  5  5  5  5  5  9  9  6  6  6  5  5  5  6  6  5  5  5  5  5  6  5  5  9  9  5  5  5  5  5  5  6  6  6  6  6  6  6  6  6  6  6  5  5  6  6  5  5 23  6  6  5  0  5  5  5  6  7  6  8  9  7  6  6  6  6  6 12 10  5  8 20 10 11  5  6  6  6  7 11 12  6 10  9  9  5  7  7  9  9  6  6  6  6  2  5  7  4  5  9  6  6  6 10  8 11 11 11  6  6  6  6 
 0  9  9  8  9 14  9 11  6 11 11 19 13 12 11 11 11 11  0  0 11 11 14 13 10 11 11 11 11 11 11  0  0  0  0  0 11 11 10  0  0  0  0  6  0  0 11  0  0  0  0  0  0  0 12 12 11 11 11  0  0  0 11 11  0  0  0  0  0  8  0  0 12 12  0  0  0  0  0  0  8 11 11 11 11 11 11 11  8 11  8  0  0 11 11  0  0 25 11 11  9  5  0  0  0  9 10  8 12 13  8 11 11 11 11 11 15 14  0 13 19 13 13  0 11 11  8  9 11 12  9  8 12 12  8 10 11 11  9 11 11 11  6  7  6  9  8 10 10 11 11 11 14 11 15 13 14 11 11 11 11 
 0  9  9  8  9 14  9 11  6 11 11 19 13 12 11 11 11 11  0  0 11 11 14 13 10 11 11 11 11 11 11  0  0  0  0  0 11 11 10  0  0  0  0  6  0  0 11  0  0  0  0  0  0  0 12 12 11 11 11  0  0  0 11 11  0  0  0  0  0  8  0  0 12 12  0  0  0  0  0  0  8 11 11 11 11 11 11 11  8 11  8  0  0 11 11  0  0 25 11 11  9  5  0  0  0  9 10  8 12 13  8 11 11 11 11 11 15 14  0 13 19 13 13  0 11 11  8  9 11 12  9  8 12 12  8 10 11 11  9 11 11 11  6  7  6  9  8 10 10 11 11 11 14 11 15 13 14 11 11 11 11 
 0  9  9  8  9 14  9 11  6 11 11 19 13 12 11 11 11 11  0  0 11 11 14 13 10 11 11 11 11 11 11  0  0  0  0  0 11 11 10  0  0  0  0  6  0  0 11  0  0  0  0  0  0  0 12 12 11 11 11  0  0  0 11 11  0  0  0  0  0  8  0  0 12 12  0  0  0  0  0  0  8 11 11 11 11 11 11 11  8 11  8  0  0 11 11  0  0 25 11 11  9  5  0  0  0  9 10  8 12 13  8 11 11 11 11 11 15 14  0 13 19 13 13  0 11 11  8  9 11 12  9  8 12 12  8 10 11 11  9 11 11 11  6  7  6  9  8 10 10 11 11 11 14 11 15 13 14 11 11 11 11 
 9  4  4  4  0 13 10 11  7  5  7 20  9  3  4  7  7  7  9  9  7  7  6  6  3  7  7  7  7  7  7  9  9  9  9  9  7  7 10  9  9  9  9  8  9  9  7  9  9  9  9  9  9  9  5  5  7  7  7  9  9  9  7  7  9  9  9  9  9  4  9  9  5  5  9  9  9  9  9  9  4  7  7  7  7  7  7  7  4  7  4  9  9  7  7  9  9 21  7  7  3  6  9  9  9  0  1  4  3  4  3  7  7  7  7  7  6  7  9  9 20  4  6  9  7  7  4  4 10 14  3 13  5  5  5  3  5 11 10  7  7  7  7  7  8  4  8  3 10  7  7  7  5  3  6  6  6  7  7  7  7 
10  5  5  5  1 14 10 11  8  5  7 21  9  4  4  7  7  7 10 10  7  7  7  7  2  7  7  7  7  7  7 10 10 10 10 10  7  7  9 10 10 10 10  9 10 10  7 10 10 10 10 10 10 10  4  4  7  7  7 10 10 10  7  7 10 10 10 10 10  4 10 10  4  4 10 10 10 10 10 10  4  7  7  7  7  7  7  7  4  7  4 10 10  7  7 10 10 22  7  7  3  7 10 10 10  1  0  5  4  5  4  7  7  7  7  7  7  8 10  9 21  5  7 10  7  7  4  5 11 15  3 14  4  4  4  3  5 11 10  7  7  7  8  8  9  5  8  2  9  7  7  7  6  4  7  7  7  7  7  7  7 
 8  5  5  0  4 12 12 13  8  8  9 19 11  7  7  9  9  9  8  8  9  9 10  9  6  9  9  9  9  9  9  8  8  8  8  8  9  9 11  8  8  8  8  7  8  8  9  8  8  8  8  8  8  8  8  8  9  9  9  8  8  8  9  9  8  8  8  8  8  6  8  8  8  8  8  8  8  8  8  8  6  9  9  9  9  9  9  9  6  9  6  8  8  9  9  8  8 25  9  9  5  6  8  8  8  4  5  0  7  8  2  9  9  9  9  9 10 11  8 11 19  8  9  8  9  9  6  4 14 14  6 11  8  8  4  7  8 13 12  9  9  9  6  6  7  4  8  6 11  9  9  9  8  7 10  9 10  9  9  9  9 
12  7  7  7  3 14 11 12  9  6  8 20 11  0  5  8  8  8 12 12  8  8  6  6  3  8  8  8  8  8  8 12 12 12 12 12  8  8  9 12 12 12 12 10 12 12  8 12 12 12 12 12 12 12  6  6  8  8  8 12 12 12  8  8 12 12 12 12 12  5 12 12  6  6 12 12 12 12 12 12  5  8  8  8  8  8  8  8  5  8  5 12 12  8  8 12 12 22  8  8  4  8 12 12 12  3  4  7  0  4  6  8  8  8  8  8  7 10 12 11 20  6  6 12  8  8  5  7 12 17  4 15  6  6  6  6  6 12 11  8  8  8  9  8 10  7  9  3  9  8  8  8  5  2  8  6  6  8  8  8  8 
13  8  8  8  4 16 11 13 10  7  7 22 10  4  6  7  7  7 13 13  7  7  7  6  4  7  7  7  7  7  7 13 13 13 13 13  7  7 10 13 13 13 13 11 13 13  7 13 13 13 13 13 13 13  7  7  7  7  7 13 13 13  7  7 13 13 13 13 13  6 13 13  7  7 13 13 13 13 13 13  6  7  7  7  7  7  7  7  6  7  6 13 13  7  7 13 13 20  7  7  5  9 13 13 13  4  5  8  4  0  7  7  7  7  7  7  7 11 13 10 22  5  6 13  7  7  6  8 13 18  5 17  7  7  6  7  7 13 11  7  7  7 10  9 11  8 10  4 10  7  7  7  5  4  7  6  7  7  7  7  7 
 8  6  6  2  3 12 11 13 10  7  7 20 10  6  6  7  7  7  8  8  7  7  9  9  4  7  7  7  7  7  7  8  8  8  8  8  7  7 10  8  8  8  8  7  8  8  7  8  8  8  8  8  8  8  6  6  7  7  7  8  8  8  7  7  8  8  8  8  8  5  8  8  6  6  8  8  8  8  8  8  5  7  7  7  7  7  7  7  5  7  5  8  8  7  7  8  8 24  7  7  5  7  8  8  8  3  4  2  6  7  0  7  7  7  7  7  9 10  8 10 20  7  9  8  7  7  5  5 13 15  5 12  6  6  5  6  7 13 11  7  7  7  7  7  7  5  9  4 10  7  7  7  8  5  9  9  9  7  7  7  7 
11 10 10  9  7 14  8 11  8  7  0 21  7  8  6  0  0  0 11 11  0  0 10  9  5  0  0  0  0  0  0 11 11 11 11 11  0  0  7 11 11 11 11 10 11 11  0 11 11 11 11 11 11 11  8  8  0  0  0 11 11 11  0  0 11 11 11 11 11  3 11 11  8  8 11 11 11 11 11 11  3  0  0  0  0  0  0  0  3  0  3 11 11  0  0 11 11 24  0  0  4  6 11 11 11  7  7  9  8  7  7  0  0  0  0  0  9  9 11  7 21  9  9 11  0  0  3 10 10 17  4 14  8  8  7  6  7 11  8  0  0  0  9  8 10 10  9  5  7  0  0  0 10  8 10  9 10  0  0  0  0 
11 10 10  9  7 14  8 11  8  7  0 21  7  8  6  0  0  0 11 11  0  0 10  9  5  0  0  0  0  0  0 11 11 11 11 11  0  0  7 11 11 11 11 10 11 11  0 11 11 11 11 11 11 11  8  8  0  0  0 11 11 11  0  0 11 11 11 11 11  3 11 11  8  8 11 11 11 11 11 11  3  0  0  0  0  0  0  0  3  0  3 11 11  0  0 11 11 24  0  0  4  6 11 11 11  7  7  9  8  7  7  0  0  0  0  0  9  9 11  7 21  9  9 11  0  0  3 10 10 17  4 14  8  8  7  6  7 11  8  0  0  0  9  8 10 10  9  5  7  0  0  0 10  8 10  9 10  0  0  0  0 
11 10 10  9  7 14  8 11  8  7  0 21  7  8  6  0  0  0 11 11  0  0 10  9  5  0  0  0  0  0  0 11 11 11 11 11  0  0  7 11 11 11 11 10 11 11  0 11 11 11 11 11 11 11  8  8  0  0  0 11 11 11  0  0 11 11 11 11 11  3 11 11  8  8 11 11 11 11 11 11  3  0  0  0  0  0  0  0  3  0  3 11 11  0  0 11 11 24  0  0  4  6 11 11 11  7  7  9  8  7  7  0  0  0  0  0  9  9 11  7 21  9  9 11  0  0  3 10 10 17  4 14  8  8  7  6  7 11  8  0  0  0  9  8 10 10  9  5  7  0  0  0 10  8 10  9 10  0  0  0  0 
11 10 10  9  7 14  8 11  8  7  0 21  7  8  6  0  0  0 11 11  0  0 10  9  5  0  0  0  0  0  0 11 11 11 11 11  0  0  7 11 11 11 11 10 11 11  0 11 11 11 11 11 11 11  8  8  0  0  0 11 11 11  0  0 11 11 11 11 11  3 11 11  8  8 11 11 11 11 11 11  3  0  0  0  0  0  0  0  3  0  3 11 11  0  0 11 11 24  0  0  4  6 11 11 11  7  7  9  8  7  7  0  0  0  0  0  9  9 11  7 21  9  9 11  0  0  3 10 10 17  4 14  8  8  7  6  7 11  8  0  0  0  9  8 10 10  9  5  7  0  0  0 10  8 10  9 10  0  0  0  0 
11 10 10  9  7 14  8 11  8  7  0 21  7  8  6  0  0  0 11 11  0  0 10  9  5  0  0  0  0  0  0 11 11 11 11 11  0  0  7 11 11 11 11 10 11 11  0 11 11 11 11 11 11 11  8  8  0  0  0 11 11 11  0  0 11 11 11 11 11  3 11 11  8  8 11 11 11 11 11 11  3  0  0  0  0  0  0  0  3  0  3 11 11  0  0 11 11 24  0  0  4  6 11 11 11  7  7  9  8  7  7  0  0  0  0  0  9  9 11  7 21  9  9 11  0  0  3 10 10 17  4 14  8  8  7  6  7 11  8  0  0  0  9  8 10 10  9  5  7  0  0  0 10  8 10  9 10  0  0  0  0 
15 10 10 10  6 18 13 13 12  9  9 19 12  7  6  9  9  9 15 15  9  9  2  4  7  9  9  9  9  9  9 15 15 15 15 15  9  9 14 15 15 15 15 13 15 15  9 15 15 15 15 15 15 15  5  5  9  9  9 15 15 15  9  9 15 15 15 15 15  8 15 15  5  5 15 15 15 15 15 15  8  9  9  9  9  9  9  9  8  9  8 15 15  9  9 15 15 21  9  9  8 12 15 15 15  6  7 10  7  7  9  9  9  9  9  9  0 10 15 12 19  2  4 15  9  9  8 10 11 20  7 18  5  5  8  8  9 13 13  9  9  9 11 11 13 10 12  7 14  9  9  9  3  7  3  3  2  9  9  9  9 
14 11 11 11  7 16 13 11 11  9  9 16  5 10  7  9  9  9 14 14  9  9 10 10  9  9  9  9  9  9  9 14 14 14 14 14  9  9  8 14 14 14 14 11 14 14  9 14 14 14 14 14 14 14  6  6  9  9  9 14 14 14  9  9 14 14 14 14 14  9 14 14  6  6 14 14 14 14 14 14  9  9  9  9  9  9  9  9  9  9  9 14 14  9  9 14 14 20  9  9  8 10 14 14 14  7  8 11 10 11 10  9  9  9  9  9 10  0 14  5 16  9 11 14  9  9  9 11  8 17  8 16  6  6 11  8  9 11 13  9  9  9  9 10 11 11  9  9  8  9  9  9 10 10 10 11 10  9  9  9  9 
 0  9  9  8  9 14  9 11  6 11 11 19 13 12 11 11 11 11  0  0 11 11 14 13 10 11 11 11 11 11 11  0  0  0  0  0 11 11 10  0  0  0  0  6  0  0 11  0  0  0  0  0  0  0 12 12 11 11 11  0  0  0 11 11  0  0  0  0  0  8  0  0 12 12  0  0  0  0  0  0  8 11 11 11 11 11 11 11  8 11  8  0  0 11 11  0  0 25 11 11  9  5  0  0  0  9 10  8 12 13  8 11 11 11 11 11 15 14  0 13 19 13 13  0 11 11  8  9 11 12  9  8 12 12  8 10 11 11  9 11 11 11  6  7  6  9  8 10 10 11 11 11 14 11 15 13 14 11 11 11 11 
13 12 12 11  9 12 11  8 10  9  7 18  0 11 10  7  7  7 13 13  7  7 12 12  8  7  7  7  7  7  7 13 13 13 13 13  7  7  4 13 13 13 13  9 13 13  7 13 13 13 13 13 13 13 11 11  7  7  7 13 13 13  7  7 13 13 13 13 13  7 13 13 11 11 13 13 13 13 13 13  7  7  7  7  7  7  7  7  7  7  7 13 13  7  7 13 13 25  7  7  8  8 13 13 13  9  9 11 11 10 10  7  7  7  7  7 12  5 13  0 18 10 12 13  7  7  7 11  7 17  7 14 11 11 10  7  9  8 11  7  7  7 11 10  9 11 12  8  4  7  7  7 11  9 12 12 12  7  7  7  7 
19 21 21 19 20 15 18 18 18 22 21  0 18 20 18 21 21 21 19 19 21 21 18 19 21 21 21 21 21 21 21 19 19 19 19 19 21 21 14 19 19 19 19 18 19 19 21 19 19 19 19 19 19 19 20 20 21 21 21 19 19 19 21 21 19 19 19 19 19 21 19 19 20 20 19 19 19 19 19 19 21 21 21 21 21 21 21 21 21 21 21 19 19 21 21 19 19 24 21 21 22 20 19 19 19 20 21 19 20 22 20 21 21 21 21 21 19 16 19 18  0 17 19 19 21 21 21 21 16 17 21 16 20 20 20 21 22 18 18 21 21 21 21 20 18 21 23 21 14 21 21 21 18 21 16 19 18 21 21 21 21 
13  8  8  8  4 16 11 13 10  7  9 17 10  6  5  9  9  9 13 13  9  9  2  2  5  9  9  9  9  9  9 13 13 13 13 13  9  9 12 13 13 13 13 12 13 13  9 13 13 13 13 13 13 13  5  5  9  9  9 13 13 13  9  9 13 13 13 13 13  6 13 13  5  5 13 13 13 13 13 13  6  9  9  9  9  9  9  9  6  9  6 13 13  9  9 13 13 20  9  9  6 10 13 13 13  4  5  8  6  5  7  9  9  9  9  9  2  9 13 10 17  0  2 13  9  9  6  8 11 18  5 16  5  5  6  7  7 13 11  9  9  9 11 10 12  8 11  5 12  9  9  9  1  6  2  2  2  9  9  9  9 
13 10 10  9  6 18 13 14 12  8  9 19 12  6  7  9  9  9 13 13  9  9  3  2  6  9  9  9  9  9  9 13 13 13 13 13  9  9 12 13 13 13 13 13 13 13  9 13 13 13 13 13 13 13  7  7  9  9  9 13 13 13  9  9 13 13 13 13 13  8 13 13  7  7 13 13 13 13 13 13  8  9  9  9  9  9  9  9  8  9  8 13 13  9  9 13 13 20  9  9  7 11 13 13 13  6  7  9  6  6  9  9  9  9  9  9  4 11 13 12 19  2  0 13  9  9  8 10 12 20  7 18  7  7  8  9  8 14 13  9  9  9 12 11 13 10 12  6 12  9  9  9  1  7  4  1  3  9  9  9  9 
 0  9  9  8  9 14  9 11  6 11 11 19 13 12 11 11 11 11  0  0 11 11 14 13 10 11 11 11 11 11 11  0  0  0  0  0 11 11 10  0  0  0  0  6  0  0 11  0  0  0  0  0  0  0 12 12 11 11 11  0  0  0 11 11  0  0  0  0  0  8  0  0 12 12  0  0  0  0  0  0  8 11 11 11 11 11 11 11  8 11  8  0  0 11 11  0  0 25 11 11  9  5  0  0  0  9 10  8 12 13  8 11 11 11 11 11 15 14  0 13 19 13 13  0 11 11  8  9 11 12  9  8 12 12  8 10 11 11  9 11 11 11  6  7  6  9  8 10 10 11 11 11 14 11 15 13 14 11 11 11 11 
11 10 10  9  7 14  8 11  8  7  0 21  7  8  6  0  0  0 11 11  0  0 10  9  5  0  0  0  0  0  0 11 11 11 11 11  0  0  7 11 11 11 11 10 11 11  0 11 11 11 11 11 11 11  8  8  0  0  0 11 11 11  0  0 11 11 11 11 11  3 11 11  8  8 11 11 11 11 11 11  3  0  0  0  0  0  0  0  3  0  3 11 11  0  0 11 11 24  0  0  4  6 11 11 11  7  7  9  8  7  7  0  0  0  0  0  9  9 11  7 21  9  9 11  0  0  3 10 10 17  4 14  8  8  7  6  7 11  8  0  0  0  9  8 10 10  9  5  7  0  0  0 10  8 10  9 10  0  0  0  0 
11 10 10  9  7 14  8 11  8  7  0 21  7  8  6  0  0  0 11 11  0  0 10  9  5  0  0  0  0  0  0 11 11 11 11 11  0  0  7 11 11 11 11 10 11 11  0 11 11 11 11 11 11 11  8  8  0  0  0 11 11 11  0  0 11 11 11 11 11  3 11 11  8  8 11 11 11 11 11 11  3  0  0  0  0  0  0  0  3  0  3 11 11  0  0 11 11 24  0  0  4  6 11 11 11  7  7  9  8  7  7  0  0  0  0  0  9  9 11  7 21  9  9 11  0  0  3 10 10 17  4 14  8  8  7  6  7 11  8  0  0  0  9  8 10 10  9  5  7  0  0  0 10  8 10  9 10  0  0  0  0 
 8  7  7  6  4 12  8  9  6  4  3 21  7  5  5  3  3  3  8  8  3  3  8  7  2  3  3  3  3  3  3  8  8  8  8  8  3  3  7  8  8  8  8  7  8  8  3  8  8  8  8  8  8  8  5  5  3  3  3  8  8  8  3  3  8  8  8  8  8  0  8  8  5  5  8  8  8  8  8  8  0  3  3  3  3  3  3  3  0  3  0  8  8  3  3  8  8 23  3  3  1  6  8  8  8  4  4  6  5  6  5  3  3  3  3  3  8  9  8  7 21  6  8  8  3  3  0  7 10 15  1 12  5  5  4  4  4  9  8  3  3  3  6  6  7  7  6  2  7  3  3  3  7  5  8  8  8  3  3  3  3 
 9  3  3  4  4 13 13 14 11  8 10 21 11  7  8 10 10 10  9  9 10 10 10 10  5 10 10 10 10 10 10  9  9  9  9  9 10 10 12  9  9  9  9  7  9  9 10  9  9  9  9  9  9  9  7  7 10 10 10  9  9  9 10 10  9  9  9  9  9  7  9  9  7  7  9  9  9  9  9  9  7 10 10 10 10 10 10 10  7 10  7  9  9 10 10  9  9 25 10 10  6  7  9  9  9  4  5  4  7  8  5 10 10 10 10 10 10 11  9 11 21  8 10  9 10 10  7  0 14 16  6 12  7  7  6  7  8 14 13 10 10 10  8  7  7  0 10  5 12 10 10 10  9  7 10 10 10 10 10 10 10 
11 14 14 14 10  9  9  6  9 11 10 16  7 12 12 10 10 10 11 11 10 10 11 12  9 10 10 10 10 10 10 11 11 11 11 11 10 10  5 11 11 11 11 12 11 11 10 11 11 11 11 11 11 11 11 11 10 10 10 11 11 11 10 10 11 11 11 11 11 10 11 11 11 11 11 11 11 11 11 11 10 10 10 10 10 10 10 10 10 10 10 11 11 10 10 11 11 25 10 10 10 11 11 11 11 10 11 14 12 13 13 10 10 10 10 10 11  8 11  7 16 11 12 11 10 10 10 14  0 13 10 13 11 11 13 10 11  6  9 10 10 10 10 10 12 14 11  9  5 10 10 10 11 12 13 12 11 10 10 10 10 
12 17 17 14 14 10 14 16 12 16 17 17 17 17 18 17 17 17 12 12 17 17 20 20 15 17 17 17 17 17 17 12 12 12 12 12 17 17 13 12 12 12 12 14 12 12 17 12 12 12 12 12 12 12 18 18 17 17 17 12 12 12 17 17 12 12 12 12 12 15 12 12 18 18 12 12 12 12 12 12 15 17 17 17 17 17 17 17 15 17 15 12 12 17 17 12 12 31 17 17 14 12 12 12 12 14 15 14 17 18 15 17 17 17 17 17 20 17 12 17 17 18 20 12 17 17 15 16 13  0 15 10 18 18 13 17 16 16 14 17 17 17 15 14 14 16 13 15 13 17 17 17 19 17 20 20 20 17 17 17 17 
 9  6  6  6  3 11  7  9  6  3  4 21  7  4  5  4  4  4  9  9  4  4  7  7  1  4  4  4  4  4  4  9  9  9  9  9  4  4  7  9  9  9  9  7  9  9  4  9  9  9  9  9  9  9  5  5  4  4  4  9  9  9  4  4  9  9  9  9  9  1  9  9  5  5  9  9  9  9  9  9  1  4  4  4  4  4  4  4  1  4  1  9  9  4  4  9  9 22  4  4  1  6  9  9  9  3  3  6  4  5  5  4  4  4  4  4  7  8  9  7 21  5  7  9  4  4  1  6 10 15  0 12  5  5  4  4  3  9  7  4  4  4  6  6  7  6  6  1  7  4  4  4  6  4  7  7  7  4  4  4  4 
 8 13 13 11 13  9 11 12  8 13 14 16 14 15 16 14 14 14  8  8 14 14 18 18 13 14 14 14 14 14 14  8  8  8  8  8 14 14 11  8  8  8  8 11  8  8 14  8  8  8  8  8  8  8 16 16 14 14 14  8  8  8 14 14  8  8  8  8  8 12  8  8 16 16  8  8  8  8  8  8 12 14 14 14 14 14 14 14 12 14 12  8  8 14 14  8  8 29 14 14 12 10  8  8  8 13 14 11 15 17 12 14 14 14 14 14 18 16  8 14 16 16 18  8 14 14 12 12 13 10 12  0 16 16 12 14 13 12 11 14 14 14  8  9 11 12 10 13 11 14 14 14 17 14 18 18 18 14 14 14 14 
12  9  9  8  5 15 12 12 10  7  8 20 11  6  3  8  8  8 12 12  8  8  6  7  5  8  8  8  8  8  8 12 12 12 12 12  8  8 11 12 12 12 12 10 12 12  8 12 12 12 12 12 12 12  0  0  8  8  8 12 12 12  8  8 12 12 12 12 12  5 12 12  0  0 12 12 12 12 12 12  5  8  8  8  8  8  8  8  5  8  5 12 12  8  8 12 12 23  8  8  4  9 12 12 12  5  4  8  6  7  6  8  8  8  8  8  5  6 12 11 20  5  7 12  8  8  5  7 11 18  5 16  0  0  7  4  7 12 12  8  8  8  9  9 10  7  9  5 11  8  8  8  6  6  6  7  6  8  8  8  8 
12  9  9  8  5 15 12 12 10  7  8 20 11  6  3  8  8  8 12 12  8  8  6  7  5  8  8  8  8  8  8 12 12 12 12 12  8  8 11 12 12 12 12 10 12 12  8 12 12 12 12 12 12 12  0  0  8  8  8 12 12 12  8  8 12 12 12 12 12  5 12 12  0  0 12 12 12 12 12 12  5  8  8  8  8  8  8  8  5  8  5 12 12  8  8 12 12 23  8  8  4  9 12 12 12  5  4  8  6  7  6  8  8  8  8  8  5  6 12 11 20  5  7 12  8  8  5  7 11 18  5 16  0  0  7  4  7 12 12  8  8  8  9  9 10  7  9  5 11  8  8  8  6  6  6  7  6  8  8  8  8 
 8  6  6  4  5 12 11 11  7  6  7 20 10  6  6  7  7  7  8  8  7  7  8  8  4  7  7  7  7  7  7  8  8  8  8  8  7  7 10  8  8  8  8  7  8  8  7  8  8  8  8  8  8  8  7  7  7  7  7  8  8  8  7  7  8  8  8  8  8  4  8  8  7  7  8  8  8  8  8  8  4  7  7  7  7  7  7  7  4  7  4  8  8  7  7  8  8 24  7  7  3  5  8  8  8  5  4  4  6  6  5  7  7  7  7  7  8 11  8 10 20  6  8  8  7  7  4  6 13 13  4 12  7  7  0  6  6 11 11  7  7  7  5  5  7  6  7  4 10  7  7  7  7  6  8  8  8  7  7  7  7 
10  7  7  7  3 13  8 10  9  4  6 21  7  6  5  6  6  6 10 10  6  6  9  9  4  6  6  6  6  6  6 10 10 10 10 10  6  6  7 10 10 10 10  8 10 10  6 10 10 10 10 10 10 10  4  4  6  6  6 10 10 10  6  6 10 10 10 10 10  4 10 10  4  4 10 10 10 10 10 10  4  6  6  6  6  6  6  6  4  6  4 10 10  6  6 10 10 23  6  6  3  7 10 10 10  3  3  7  6  7  6  6  6  6  6  6  8  8 10  7 21  7  9 10  6  6  4  7 10 17  4 14  4  4  6  0  4 10  8  6  6  6  7  8  8  7  8  4  7  6  6  6  8  6  7  9  9  6  6  6  6 
11  8  8  8  5 13 10 10  9  0  7 22  9  6  6  7  7  7 11 11  7  7  9  8  4  7  7  7  7  7  7 11 11 11 11 11  7  7  9 11 11 11 11  8 11 11  7 11 11 11 11 11 11 11  7  7  7  7  7 11 11 11  7  7 11 11 11 11 11  4 11 11  7  7 11 11 11 11 11 11  4  7  7  7  7  7  7  7  4  7  4 11 11  7  7 11 11 24  7  7  4  7 11 11 11  5  5  8  6  7  7  7  7  7  7  7  9  9 11  9 22  7  8 11  7  7  4  8 11 16  3 13  7  7  6  4  0 10 10  7  7  7  6  6  8  8  7  4  9  7  7  7  7  5  9  8  9  7  7  7  7 
11 15 15 13 11 10  4  0  7 10 11 18  8 12 12 11 11 11 11 11 11 11 14 14  9 11 11 11 11 11 11 11 11 11 11 11 11 11  4 11 11 11 11 10 11 11 11 11 11 11 11 11 11 11 12 12 11 11 11 11 11 11 11 11 11 11 11 11 11  9 11 11 12 12 11 11 11 11 11 11  9 11 11 11 11 11 11 11  9 11  9 11 11 11 11 11 11 28 11 11  8  9 11 11 11 11 11 13 12 13 13 11 11 11 11 11 13 11 11  8 18 13 14 11 11 11  9 14  6 16  9 12 12 12 11 10 10  0  4 11 11 11 11 11 10 14 13  9  4 11 11 11 13 11 13 13 14 11 11 11 11 
 9 13 13 12 10  9  0  4  7 10  8 18 11 11 11  8  8  8  9  9  8  8 13 13  8  8  8  8  8  8  8  9  9  9  9  9  8  8  7  9  9  9  9 10  9  9  8  9  9  9  9  9  9  9 12 12  8  8  8  9  9  9  8  8  9  9  9  9  9  8  9  9 12 12  9  9  9  9  9  9  8  8  8  8  8  8  8  8  8  8  8  9  9  8  8  9  9 26  8  8  8  9  9  9  9 10 10 12 11 11 11  8  8  8  8  8 13 13  9 11 18 11 13  9  8  8  8 13  9 14  7 11 12 12 11  8 10  4  0  8  8  8 11 11 10 13 13  8  7  8  8  8 12 10 13 13 13  8  8  8  8 
11 10 10  9  7 14  8 11  8  7  0 21  7  8  6  0  0  0 11 11  0  0 10  9  5  0  0  0  0  0  0 11 11 11 11 11  0  0  7 11 11 11 11 10 11 11  0 11 11 11 11 11 11 11  8  8  0  0  0 11 11 11  0  0 11 11 11 11 11  3 11 11  8  8 11 11 11 11 11 11  3  0  0  0  0  0  0  0  3  0  3 11 11  0  0 11 11 24  0  0  4  6 11 11 11  7  7  9  8  7  7  0  0  0  0  0  9  9 11  7 21  9  9 11  0  0  3 10 10 17  4 14  8  8  7  6  7 11  8  0  0  0  9  8 10 10  9  5  7  0  0  0 10  8 10  9 10  0  0  0  0 
11 10 10  9  7 14  8 11  8  7  0 21  7  8  6  0  0  0 11 11  0  0 10  9  5  0  0  0  0  0  0 11 11 11 11 11  0  0  7 11 11 11 11 10 11 11  0 11 11 11 11 11 11 11  8  8  0  0  0 11 11 11  0  0 11 11 11 11 11  3 11 11  8  8 11 11 11 11 11 11  3  0  0  0  0  0  0  0  3  0  3 11 11  0  0 11 11 24  0  0  4  6 11 11 11  7  7  9  8  7  7  0  0  0  0  0  9  9 11  7 21  9  9 11  0  0  3 10 10 17  4 14  8  8  7  6  7 11  8  0  0  0  9  8 10 10  9  5  7  0  0  0 10  8 10  9 10  0  0  0  0 
11 10 10  9  7 14  8 11  8  7  0 21  7  8  6  0  0  0 11 11  0  0 10  9  5  0  0  0  0  0  0 11 11 11 11 11  0  0  7 11 11 11 11 10 11 11  0 11 11 11 11 11 11 11  8  8  0  0  0 11 11 11  0  0 11 11 11 11 11  3 11 11  8  8 11 11 11 11 11 11  3  0  0  0  0  0  0  0  3  0  3 11 11  0  0 11 11 24  0  0  4  6 11 11 11  7  7  9  8  7  7  0  0  0  0  0  9  9 11  7 21  9  9 11  0  0  3 10 10 17  4 14  8  8  7  6  7 11  8  0  0  0  9  8 10 10  9  5  7  0  0  0 10  8 10  9 10  0  0  0  0 
 6  8  8  6  7 13 11 11  6  6  9 21 11  9 10  9  9  9  6  6  9  9 12 12  6  9  9  9  9  9  9  6  6  6  6  6  9  9  7  6  6  6  6  5  6  6  9  6  6  6  6  6  6  6  9  9  9  9  9  6  6  6  9  9  6  6  6  6  6  6  6  6  9  9  6  6  6  6  6  6  6  9  9  9  9  9  9  9  6  9  6  6  6  9  9  6  6 26  9  9  5  6  6  6  6  7  8  6  9 10  7  9  9  9  9  9 11  9  6 11 21 11 12  6  9  9  6  8 10 15  6  8  9  9  5  7  6 11 11  9  9  9  0  4  5  8  3  6  7  9  9  9 11  9 12 12 12  9  9  9  9 
 7  7  7  6  7 11 11 11  8  6  8 20 10  8  9  8  8  8  7  7  8  8 12 11  6  8  8  8  8  8  8  7  7  7  7  7  8  8  7  7  7  7  7  6  7  7  8  7  7  7  7  7  7  7  9  9  8  8  8  7  7  7  8  8  7  7  7  7  7  6  7  7  9  9  7  7  7  7  7  7  6  8  8  8  8  8  8  8  6  8  6  7  7  8  8  7  7 25  8  8  5  2  7  7  7  7  8  6  8  9  7  8  8  8  8  8 11 10  7 10 20 10 11  7  8  8  6  7 10 14  6  9  9  9  5  8  6 11 11  8  8  8  4  0  6  7  6  6  7  8  8  8 10  9 12 11 12  8  8  8  8 
 6  8  8  7  8 12 10 10  9  8 10 18  9 10 11 10 10 10  6  6 10 10 13 13  7 10 10 10 10 10 10  6  6  6  6  6 10 10  9  6  6  6  6  0  6  6 10  6  6  6  6  6  6  6 10 10 10 10 10  6  6  6 10 10  6  6  6  6  6  7  6  6 10 10  6  6  6  6  6  6  7 10 10 10 10 10 10 10  7 10  7  6  6 10 10  6  6 26 10 10  6  5  6  6  6  8  9  7 10 11  7 10 10 10 10 10 13 11  6  9 18 12 13  6 10 10  7  7 12 14  7 11 10 10  7  8  8 10 10 10 10 10  5  6  0  7  5  7  9 10 10 10 12 10 13 13 13 10 10 10 10 
 9  3  3  4  4 13 13 14 11  8 10 21 11  7  8 10 10 10  9  9 10 10 10 10  5 10 10 10 10 10 10  9  9  9  9  9 10 10 12  9  9  9  9  7  9  9 10  9  9  9  9  9  9  9  7  7 10 10 10  9  9  9 10 10  9  9  9  9  9  7  9  9  7  7  9  9  9  9  9  9  7 10 10 10 10 10 10 10  7 10  7  9  9 10 10  9  9 25 10 10  6  7  9  9  9  4  5  4  7  8  5 10 10 10 10 10 10 11  9 11 21  8 10  9 10 10  7  0 14 16  6 12  7  7  6  7  8 14 13 10 10 10  8  7  7  0 10  5 12 10 10 10  9  7 10 10 10 10 10 10 10 
 8 10 10  8  8 13 13 13  8  7  9 23 12  9 10  9  9  9  8  8  9  9 12 12  6  9  9  9  9  9  9  8  8  8  8  8  9  9 10  8  8  8  8  5  8  8  9  8  8  8  8  8  8  8  9  9  9  9  9  8  8  8  9  9  8  8  8  8  8  6  8  8  9  9  8  8  8  8  8  8  6  9  9  9  9  9  9  9  6  9  6  8  8  9  9  8  8 27  9  9  5  4  8  8  8  8  8  8  9 10  9  9  9  9  9  9 12  9  8 12 23 11 12  8  9  9  6 10 11 13  6 10  9  9  7  8  7 13 13  9  9  9  3  6  5 10  0  6 10  9  9  9 11  9 13 12 12  9  9  9  9 
10  6  6  6  3 12  8  9  7  4  5 21  8  3  4  5  5  5 10 10  5  5  6  6  0  5  5  5  5  5  5 10 10 10 10 10  5  5  8 10 10 10 10  7 10 10  5 10 10 10 10 10 10 10  5  5  5  5  5 10 10 10  5  5 10 10 10 10 10  2 10 10  5  5 10 10 10 10 10 10  2  5  5  5  5  5  5  5  2  5  2 10 10  5  5 10 10 22  5  5  1  5 10 10 10  3  2  6  3  4  4  5  5  5  5  5  7  9 10  8 21  5  6 10  5  5  2  5  9 15  1 13  5  5  4  4  4  9  8  5  5  5  6  6  7  5  6  0  8  5  5  5  5  3  7  6  6  5  5  5  5 
10 12 12 11 10  8  7  4  8  9  7 14  4  9 10  7  7  7 10 10  7  7 12 12  8  7  7  7  7  7  7 10 10 10 10 10  7  7  0 10 10 10 10  9 10 10  7 10 10 10 10 10 10 10 11 11  7  7  7 10 10 10  7  7 10 10 10 10 10  7 10 10 11 11 10 10 10 10 10 10  7  7  7  7  7  7  7  7  7  7  7 10 10  7  7 10 10 25  7  7  8  9 10 10 10 10  9 11  9 10 10  7  7  7  7  7 14  8 10  4 14 12 12 10  7  7  7 12  5 13  7 11 11 11 10  7  9  4  7  7  7  7  7  7  9 12 10  8  0  7  7  7 11  9 13 12 12  7  7  7  7 
11 10 10  9  7 14  8 11  8  7  0 21  7  8  6  0  0  0 11 11  0  0 10  9  5  0  0  0  0  0  0 11 11 11 11 11  0  0  7 11 11 11 11 10 11 11  0 11 11 11 11 11 11 11  8  8  0  0  0 11 11 11  0  0 11 11 11 11 11  3 11 11  8  8 11 11 11 11 11 11  3  0  0  0  0  0  0  0  3  0  3 11 11  0  0 11 11 24  0  0  4  6 11 11 11  7  7  9  8  7  7  0  0  0  0  0  9  9 11  7 21  9  9 11  0  0  3 10 10 17  4 14  8  8  7  6  7 11  8  0  0  0  9  8 10 10  9  5  7  0  0  0 10  8 10  9 10  0  0  0  0 
11 10 10  9  7 14  8 11  8  7  0 21  7  8  6  0  0  0 11 11  0  0 10  9  5  0  0  0  0  0  0 11 11 11 11 11  0  0  7 11 11 11 11 10 11 11  0 11 11 11 11 11 11 11  8  8  0  0  0 11 11 11  0  0 11 11 11 11 11  3 11 11  8  8 11 11 11 11 11 11  3  0  0  0  0  0  0  0  3  0  3 11 11  0  0 11 11 24  0  0  4  6 11 11 11  7  7  9  8  7  7  0  0  0  0  0  9  9 11  7 21  9  9 11  0  0  3 10 10 17  4 14  8  8  7  6  7 11  8  0  0  0  9  8 10 10  9  5  7  0  0  0 10  8 10  9 10  0  0  0  0 
11 10 10  9  7 14  8 11  8  7  0 21  7  8  6  0  0  0 11 11  0  0 10  9  5  0  0  0  0  0  0 11 11 11 11 11  0  0  7 11 11 11 11 10 11 11  0 11 11 11 11 11 11 11  8  8  0  0  0 11 11 11  0  0 11 11 11 11 11  3 11 11  8  8 11 11 11 11 11 11  3  0  0  0  0  0  0  0  3  0  3 11 11  0  0 11 11 24  0  0  4  6 11 11 11  7  7  9  8  7  7  0  0  0  0  0  9  9 11  7 21  9  9 11  0  0  3 10 10 17  4 14  8  8  7  6  7 11  8  0  0  0  9  8 10 10  9  5  7  0  0  0 10  8 10  9 10  0  0  0  0 
14  9  9  8  5 17 12 13 11  7 10 18 11  5  6 10 10 10 14 14 10 10  2  1  5 10 10 10 10 10 10 14 14 14 14 14 10 10 11 14 14 14 14 12 14 14 10 14 14 14 14 14 14 14  6  6 10 10 10 14 14 14 10 10 14 14 14 14 14  7 14 14  6  6 14 14 14 14 14 14  7 10 10 10 10 10 10 10  7 10  7 14 14 10 10 14 14 19 10 10  6 10 14 14 14  5  6  8  5  5  8 10 10 10 10 10  3 10 14 11 18  1  1 14 10 10  7  9 11 19  6 17  6  6  7  8  7 13 12 10 10 10 11 10 12  9 11  5 11 10 10 10  0  6  3  1  2 10 10 10 10 
11  7  7  7  3 14 10 11  9  5  8 21  9  2  5  8  8  8 11 11  8  8  7  7  3  8  8  8  8  8  8 11 11 11 11 11  8  8  9 11 11 11 11 10 11 11  8 11 11 11 11 11 11 11  6  6  8  8  8 11 11 11  8  8 11 11 11 11 11  5 11 11  6  6 11 11 11 11 11 11  5  8  8  8  8  8  8  8  5  8  5 11 11  8  8 11 11 22  8  8  4  8 11 11 11  3  4  7  2  4  5  8  8  8  8  8  7 10 11  9 21  6  7 11  8  8  5  7 12 17  4 14  6  6  6  6  5 11 10  8  8  8  9  9 10  7  9  3  9  8  8  8  6  0  8  7  7  8  8  8  8 
15 10 10 10  6 18 13 13 12  9 10 16 12  8  4 10 10 10 15 15 10 10  4  4  7 10 10 10 10 10 10 15 15 15 15 15 10 10 13 15 15 15 15 13 15 15 10 15 15 15 15 15 15 15  6  6 10 10 10 15 15 15 10 10 15 15 15 15 15  8 15 15  6  6 15 15 15 15 15 15  8 10 10 10 10 10 10 10  8 10  8 15 15 10 10 15 15 21 10 10  8 11 15 15 15  6  7 10  8  7  9 10 10 10 10 10  3 10 15 12 16  2  4 15 10 10  8 10 13 20  7 18  6  6  8  7  9 13 13 10 10 10 12 12 13 10 13  7 13 10 10 10  3  8  0  4  4 10 10 10 10 
13 10 10  9  6 18 13 13 12  8  9 19 12  6  6  9  9  9 13 13  9  9  3  2  6  9  9  9  9  9  9 13 13 13 13 13  9  9 12 13 13 13 13 13 13 13  9 13 13 13 13 13 13 13  7  7  9  9  9 13 13 13  9  9 13 13 13 13 13  8 13 13  7  7 13 13 13 13 13 13  8  9  9  9  9  9  9  9  8  9  8 13 13  9  9 13 13 20  9  9  7 11 13 13 13  6  7  9  6  6  9  9  9  9  9  9  3 11 13 12 19  2  1 13  9  9  8 10 12 20  7 18  7  7  8  9  8 13 13  9  9  9 12 11 13 10 12  6 12  9  9  9  1  7  4  0  3  9  9  9  9 
14 10 10 10  6 18 13 14 12  9 10 18 12  6  6 10 10 10 14 14 10 10  0  3  6 10 10 10 10 10 10 14 14 14 14 14 10 10 12 14 14 14 14 13 14 14 10 14 14 14 14 14 14 14  6  6 10 10 10 14 14 14 10 10 14 14 14 14 14  8 14 14  6  6 14 14 14 14 14 14  8 10 10 10 10 10 10 10  8 10  8 14 14 10 10 14 14 20 10 10  7 11 14 14 14  6  7 10  6  7  9 10 10 10 10 10  2 10 14 12 18  2  3 14 10 10  8 10 11 20  7 18  6  6  8  9  9 14 13 10 10 10 12 12 13 10 12  6 12 10 10 10  2  7  4  3  0 10 10 10 10 
11 10 10  9  7 14  8 11  8  7  0 21  7  8  6  0  0  0 11 11  0  0 10  9  5  0  0  0  0  0  0 11 11 11 11 11  0  0  7 11 11 11 11 10 11 11  0 11 11 11 11 11 11 11  8  8  0  0  0 11 11 11  0  0 11 11 11 11 11  3 11 11  8  8 11 11 11 11 11 11  3  0  0  0  0  0  0  0  3  0  3 11 11  0  0 11 11 24  0  0  4  6 11 11 11  7  7  9  8  7  7  0  0  0  0  0  9  9 11  7 21  9  9 11  0  0  3 10 10 17  4 14  8  8  7  6  7 11  8  0  0  0  9  8 10 10  9  5  7  0  0  0 10  8 10  9 10  0  0  0  0 
11 10 10  9  7 14  8 11  8  7  0 21  7  8  6  0  0  0 11 11  0  0 10  9  5  0  0  0  0  0  0 11 11 11 11 11  0  0  7 11 11 11 11 10 11 11  0 11 11 11 11 11 11 11  8  8  0  0  0 11 11 11  0  0 11 11 11 11 11  3 11 11  8  8 11 11 11 11 11 11  3  0  0  0  0  0  0  0  3  0  3 11 11  0  0 11 11 24  0  0  4  6 11 11 11  7  7  9  8  7  7  0  0  0  0  0  9  9 11  7 21  9  9 11  0  0  3 10 10 17  4 14  8  8  7  6  7 11  8  0  0  0  9  8 10 10  9  5  7  0  0  0 10  8 10  9 10  0  0  0  0 
11 10 10  9  7 14  8 11  8  7  0 21  7  8  6  0  0  0 11 11  0  0 10  9  5  0  0  0  0  0  0 11 11 11 11 11  0  0  7 11 11 11 11 10 11 11  0 11 11 11 11 11 11 11  8  8  0  0  0 11 11 11  0  0 11 11 11 11 11  3 11 11  8  8 11 11 11 11 11 11  3  0  0  0  0  0  0  0  3  0  3 11 11  0  0 11 11 24  0  0  4  6 11 11 11  7  7  9  8  7  7  0  0  0  0  0  9  9 11  7 21  9  9 11  0  0  3 10 10 17  4 14  8  8  7  6  7 11  8  0  0  0  9  8 10 10  9  5  7  0  0  0 10  8 10  9 10  0  0  0  0 
11 10 10  9  7 14  8 11  8  7  0 21  7  8  6  0  0  0 11 11  0  0 10  9  5  0  0  0  0  0  0 11 11 11 11 11  0  0  7 11 11 11 11 10 11 11  0 11 11 11 11 11 11 11  8  8  0  0  0 11 11 11  0  0 11 11 11 11 11  3 11 11  8  8 11 11 11 11 11 11  3  0  0  0  0  0  0  0  3  0  3 11 11  0  0 11 11 24  0  0  4  6 11 11 11  7  7  9  8  7  7  0  0  0  0  0  9  9 11  7 21  9  9 11  0  0  3 10 10 17  4 14  8  8  7  6  7 11  8  0  0  0  9  8 10 10  9  5  7  0  0  0 10  8 10  9 10  0  0  0  0 
