Instance Date:215-1

VehicleNumber---RequestNumber---MaxTravelTime---DisinfectionTime
2	10	90	30

VehicleCapacity---VehicleLunchReadyTime---VehicleLunchDueTime---VehicleLunchDuration
9	300	360	60

LocationID---StaffDemand---SeatDemand---ReadyTime---DueTime---ServiceTime
0	0	0.0	0	780	0	
1	2	1.5	30	60	10	
2	2	1.5	30	50	10	
3	2	1.5	40	100	3	
4	2	1.5	80	140	27	
5	2	1.5	151	211	8	
6	2	1.5	30	90	10	
7	2	3.0	30	50	8	
8	2	3.0	207	327	8	
9	2	1.5	203	263	8	
10	2	1.5	200	260	8	
11	2	-1.5	30	90	3	
12	2	-1.5	30	90	3	
13	2	-1.5	60	120	3	
14	2	-1.5	120	180	3	
15	2	-1.5	151	231	10	
16	2	-1.5	60	120	3	
17	2	-3.0	45	135	3	
18	2	-3.0	207	337	3	
19	2	-1.5	203	283	10	
20	2	-1.5	200	290	10

Travel Time Between Locations
0	9	9	11	10	11	7	11	8	11	11	11	11	11	11	9	11	8	11	13	6	
9	0	4	8	6	10	6	10	8	10	10	10	10	10	10	4	10	8	10	8	12	
9	4	0	5	2	7	9	7	4	7	7	7	7	7	7	0	7	4	7	4	13	
11	8	5	0	6	7	10	7	5	7	7	7	7	7	7	5	7	5	7	7	14	
10	6	2	6	0	6	11	6	4	6	6	6	6	6	6	2	6	4	6	5	13	
11	10	7	7	6	0	10	0	3	0	0	0	0	0	0	7	0	3	0	7	14	
7	6	9	10	11	10	0	10	10	10	10	10	10	10	10	9	10	10	10	13	12	
11	10	7	7	6	0	10	0	3	0	0	0	0	0	0	7	0	3	0	7	14	
8	8	4	5	4	3	10	3	0	3	3	3	3	3	3	4	3	0	3	6	12	
11	10	7	7	6	0	10	0	3	0	0	0	0	0	0	7	0	3	0	7	14	
11	10	7	7	6	0	10	0	3	0	0	0	0	0	0	7	0	3	0	7	14	
11	10	7	7	6	0	10	0	3	0	0	0	0	0	0	7	0	3	0	7	14	
11	10	7	7	6	0	10	0	3	0	0	0	0	0	0	7	0	3	0	7	14	
11	10	7	7	6	0	10	0	3	0	0	0	0	0	0	7	0	3	0	7	14	
11	10	7	7	6	0	10	0	3	0	0	0	0	0	0	7	0	3	0	7	14	
9	4	0	5	2	7	9	7	4	7	7	7	7	7	7	0	7	4	7	4	13	
11	10	7	7	6	0	10	0	3	0	0	0	0	0	0	7	0	3	0	7	14	
8	8	4	5	4	3	10	3	0	3	3	3	3	3	3	4	3	0	3	6	12	
11	10	7	7	6	0	10	0	3	0	0	0	0	0	0	7	0	3	0	7	14	
13	8	4	7	5	7	13	7	6	7	7	7	7	7	7	4	7	6	7	0	13	
6	12	13	14	13	14	12	14	12	14	14	14	14	14	14	13	14	12	14	13	0	

cost:133.0
