Instance Date:215-1

VehicleNumber---RequestNumber---MaxTravelTime---DisinfectionTime
2	10	90	30

VehicleCapacity---VehicleLunchReadyTime---VehicleLunchDueTime---VehicleLunchDuration
9	300	360	60

LocationID---StaffDemand---SeatDemand---ReadyTime---DueTime---ServiceTime
0	0	0.0	0	780	0	
1	2	1.5	30	60	10	
2	2	1.5	30	50	10	
3	2	1.5	40	100	3	
4	2	1.5	80	140	27	
5	2	1.5	151	211	8	
6	2	1.5	30	50	10	
7	2	1.5	30	50	10	
8	2	1.5	40	100	10	
9	2	2.5	216	276	8	
10	2	1.0	270	390	8	
11	2	-1.5	30	90	3	
12	2	-1.5	30	90	3	
13	2	-1.5	60	120	3	
14	2	-1.5	120	180	3	
15	2	-1.5	151	231	10	
16	2	-1.5	30	90	3	
17	2	-1.5	30	90	3	
18	2	-1.5	60	120	3	
19	2	-2.5	216	306	10	
20	2	-1.0	270	420	10

Travel Time Between Locations
0	9	9	11	10	11	10	10	8	0	11	11	11	11	11	9	11	11	11	16	17	
9	0	4	8	6	10	6	6	10	9	10	10	10	10	10	4	10	10	10	15	14	
9	4	0	5	2	7	4	4	6	9	7	7	7	7	7	0	7	7	7	12	11	
11	8	5	0	6	7	5	5	10	11	7	7	7	7	7	5	7	7	7	15	14	
10	6	2	6	0	6	3	3	8	10	6	6	6	6	6	2	6	6	6	14	12	
11	10	7	7	6	0	5	5	7	11	0	0	0	0	0	7	0	0	0	16	16	
10	6	4	5	3	5	0	0	7	10	5	5	5	5	5	4	5	5	5	13	11	
10	6	4	5	3	5	0	0	7	10	5	5	5	5	5	4	5	5	5	13	11	
8	10	6	10	8	7	7	7	0	8	7	7	7	7	7	6	7	7	7	16	16	
0	9	9	11	10	11	10	10	8	0	11	11	11	11	11	9	11	11	11	16	17	
11	10	7	7	6	0	5	5	7	11	0	0	0	0	0	7	0	0	0	16	16	
11	10	7	7	6	0	5	5	7	11	0	0	0	0	0	7	0	0	0	16	16	
11	10	7	7	6	0	5	5	7	11	0	0	0	0	0	7	0	0	0	16	16	
11	10	7	7	6	0	5	5	7	11	0	0	0	0	0	7	0	0	0	16	16	
11	10	7	7	6	0	5	5	7	11	0	0	0	0	0	7	0	0	0	16	16	
9	4	0	5	2	7	4	4	6	9	7	7	7	7	7	0	7	7	7	12	11	
11	10	7	7	6	0	5	5	7	11	0	0	0	0	0	7	0	0	0	16	16	
11	10	7	7	6	0	5	5	7	11	0	0	0	0	0	7	0	0	0	16	16	
11	10	7	7	6	0	5	5	7	11	0	0	0	0	0	7	0	0	0	16	16	
16	15	12	15	14	16	13	13	16	16	16	16	16	16	16	12	16	16	16	0	5	
17	14	11	14	12	16	11	11	16	17	16	16	16	16	16	11	16	16	16	5	0	

cost:157.0
