Instance Date:213-4

VehicleNumber---RequestNumber---MaxTravelTime---DisinfectionTime
2	11	90	30

VehicleCapacity---VehicleLunchReadyTime---VehicleLunchDueTime---VehicleLunchDuration
9	240	300	60

LocationID---StaffDemand---SeatDemand---ReadyTime---DueTime---ServiceTime
0	0	0.0	0	780	0	
1	2	3.0	30	300	8	
2	2	1.5	145	235	8	
3	2	4.0	140	200	24	
4	2	1.5	385	445	6	
5	2	1.0	30	750	8	
6	2	1.5	376	436	8	
7	2	1.5	30	60	10	
8	2	1.5	30	50	10	
9	2	1.5	100	160	10	
10	2	3.0	165	255	8	
11	2	1.5	184	244	8	
12	2	-3.0	30	300	3	
13	2	-1.5	165	255	3	
14	2	-4.0	180	240	3	
15	2	-1.5	405	465	3	
16	2	-1.0	30	750	10	
17	2	-1.5	376	456	10	
18	2	-1.5	30	90	3	
19	2	-1.5	30	90	3	
20	2	-1.5	120	180	3	
21	2	-3.0	195	285	3	
22	2	-1.5	184	264	10

Travel Time Between Locations
0	0	11	11	6	11	11	9	12	7	11	11	11	8	0	11	15	13	11	11	11	16	7	
0	0	11	11	6	11	11	9	12	7	11	11	11	8	0	11	15	13	11	11	11	16	7	
11	11	0	8	6	0	0	10	7	7	0	0	0	3	11	0	10	9	0	0	0	16	7	
11	11	8	0	8	8	8	7	3	6	8	8	8	5	11	8	7	7	8	8	8	13	6	
6	6	6	8	0	6	6	8	8	4	6	6	6	6	6	6	11	9	6	6	6	13	4	
11	11	0	8	6	0	0	10	7	7	0	0	0	3	11	0	10	9	0	0	0	16	7	
11	11	0	8	6	0	0	10	7	7	0	0	0	3	11	0	10	9	0	0	0	16	7	
9	9	10	7	8	10	10	0	7	4	10	10	10	7	9	10	12	11	10	10	10	13	4	
12	12	7	3	8	7	7	7	0	6	7	7	7	5	12	7	5	5	7	7	7	11	6	
7	7	7	6	4	7	7	4	6	0	7	7	7	6	7	7	10	10	7	7	7	9	0	
11	11	0	8	6	0	0	10	7	7	0	0	0	3	11	0	10	9	0	0	0	16	7	
11	11	0	8	6	0	0	10	7	7	0	0	0	3	11	0	10	9	0	0	0	16	7	
11	11	0	8	6	0	0	10	7	7	0	0	0	3	11	0	10	9	0	0	0	16	7	
8	8	3	5	6	3	3	7	5	6	3	3	3	0	8	3	8	8	3	3	3	13	6	
0	0	11	11	6	11	11	9	12	7	11	11	11	8	0	11	15	13	11	11	11	16	7	
11	11	0	8	6	0	0	10	7	7	0	0	0	3	11	0	10	9	0	0	0	16	7	
15	15	10	7	11	10	10	12	5	10	10	10	10	8	15	10	0	3	10	10	10	11	10	
13	13	9	7	9	9	9	11	5	10	9	9	9	8	13	9	3	0	9	9	9	13	10	
11	11	0	8	6	0	0	10	7	7	0	0	0	3	11	0	10	9	0	0	0	16	7	
11	11	0	8	6	0	0	10	7	7	0	0	0	3	11	0	10	9	0	0	0	16	7	
11	11	0	8	6	0	0	10	7	7	0	0	0	3	11	0	10	9	0	0	0	16	7	
16	16	16	13	13	16	16	13	11	9	16	16	16	13	16	16	11	13	16	16	16	0	9	
7	7	7	6	4	7	7	4	6	0	7	7	7	6	7	7	10	10	7	7	7	9	0	

cost:148.0
