Instance Date:215-1

VehicleNumber---RequestNumber---MaxTravelTime---DisinfectionTime
2	11	90	30

VehicleCapacity---VehicleLunchReadyTime---VehicleLunchDueTime---VehicleLunchDuration
9	300	360	60

LocationID---StaffDemand---SeatDemand---ReadyTime---DueTime---ServiceTime
0	0	0.0	0	780	0	
1	2	1.5	30	90	10	
2	2	3.0	30	50	8	
3	2	3.0	207	327	8	
4	2	1.5	203	263	8	
5	2	1.5	200	260	8	
6	2	3.0	30	750	8	
7	2	1.0	30	750	8	
8	2	2.5	60	120	10	
9	2	2.5	120	180	10	
10	2	1.5	345	435	8	
11	2	1.5	416	476	8	
12	2	-1.5	60	120	3	
13	2	-3.0	45	135	3	
14	2	-3.0	207	337	3	
15	2	-1.5	203	283	10	
16	2	-1.5	200	290	10	
17	2	-3.0	30	750	3	
18	2	-1.0	30	750	3	
19	2	-2.5	90	150	3	
20	2	-2.5	150	210	3	
21	2	-1.5	375	465	3	
22	2	-1.5	416	506	10

Travel Time Between Locations
0	7	11	8	11	11	0	0	15	12	11	11	11	8	11	13	6	12	12	0	0	19	14	
7	0	10	10	10	10	7	7	13	17	10	10	10	10	10	13	12	12	12	7	7	17	12	
11	10	0	3	0	0	11	11	13	11	0	0	0	3	0	7	14	8	8	11	11	19	14	
8	10	3	0	3	3	8	8	12	11	3	3	3	0	3	6	12	5	5	8	8	18	12	
11	10	0	3	0	0	11	11	13	11	0	0	0	3	0	7	14	8	8	11	11	19	14	
11	10	0	3	0	0	11	11	13	11	0	0	0	3	0	7	14	8	8	11	11	19	14	
0	7	11	8	11	11	0	0	15	12	11	11	11	8	11	13	6	12	12	0	0	19	14	
0	7	11	8	11	11	0	0	15	12	11	11	11	8	11	13	6	12	12	0	0	19	14	
15	13	13	12	13	13	15	15	0	4	13	13	13	12	13	14	17	11	11	15	15	14	14	
12	17	11	11	11	11	12	12	4	0	11	11	11	11	11	14	13	12	12	12	12	10	10	
11	10	0	3	0	0	11	11	13	11	0	0	0	3	0	7	14	8	8	11	11	19	14	
11	10	0	3	0	0	11	11	13	11	0	0	0	3	0	7	14	8	8	11	11	19	14	
11	10	0	3	0	0	11	11	13	11	0	0	0	3	0	7	14	8	8	11	11	19	14	
8	10	3	0	3	3	8	8	12	11	3	3	3	0	3	6	12	5	5	8	8	18	12	
11	10	0	3	0	0	11	11	13	11	0	0	0	3	0	7	14	8	8	11	11	19	14	
13	13	7	6	7	7	13	13	14	14	7	7	7	6	7	0	13	7	7	13	13	16	16	
6	12	14	12	14	14	6	6	17	13	14	14	14	12	14	13	0	16	16	6	6	15	10	
12	12	8	5	8	8	12	12	11	12	8	8	8	5	8	7	16	0	0	12	12	16	15	
12	12	8	5	8	8	12	12	11	12	8	8	8	5	8	7	16	0	0	12	12	16	15	
0	7	11	8	11	11	0	0	15	12	11	11	11	8	11	13	6	12	12	0	0	19	14	
0	7	11	8	11	11	0	0	15	12	11	11	11	8	11	13	6	12	12	0	0	19	14	
19	17	19	18	19	19	19	19	14	10	19	19	19	18	19	16	15	16	16	19	19	0	11	
14	12	14	12	14	14	14	14	14	10	14	14	14	12	14	16	10	15	15	14	14	11	0	

cost:159.0
