Instance Date:215-1

VehicleNumber---RequestNumber---MaxTravelTime---DisinfectionTime
2	11	90	30

VehicleCapacity---VehicleLunchReadyTime---VehicleLunchDueTime---VehicleLunchDuration
9	300	360	60

LocationID---StaffDemand---SeatDemand---ReadyTime---DueTime---ServiceTime
0	0	0.0	0	780	0	
1	2	1.5	30	90	10	
2	2	1.5	40	100	10	
3	2	1.5	30	60	8	
4	2	1.5	120	180	10	
5	2	1.0	30	300	8	
6	2	1.5	200	260	8	
7	2	2.5	45	105	10	
8	2	2.5	30	70	10	
9	2	1.0	30	750	8	
10	3	3.0	130	190	3	
11	3	1.5	180	240	8	
12	2	-1.5	60	120	3	
13	2	-1.5	60	120	3	
14	2	-1.5	45	135	3	
15	2	-1.5	150	210	3	
16	2	-1.0	30	300	10	
17	2	-1.5	200	290	10	
18	2	-2.5	75	135	3	
19	2	-2.5	30	110	3	
20	2	-1.0	30	750	3	
21	3	-3.0	150	210	3	
22	3	-1.5	180	260	27

Travel Time Between Locations
0	7	7	11	6	11	11	19	25	0	8	11	11	11	0	11	9	9	8	0	11	11	10	
7	0	1	9	10	9	9	17	22	7	6	9	9	9	7	9	6	6	6	7	9	9	8	
7	1	0	8	11	8	8	16	22	7	6	8	8	8	7	8	6	6	5	7	8	8	7	
11	9	8	0	14	0	0	15	19	11	10	0	0	0	11	0	10	10	3	11	0	0	6	
6	10	11	14	0	14	14	21	24	6	11	14	14	14	6	14	12	12	12	6	14	14	13	
11	9	8	0	14	0	0	15	19	11	10	0	0	0	11	0	10	10	3	11	0	0	6	
11	9	8	0	14	0	0	15	19	11	10	0	0	0	11	0	10	10	3	11	0	0	6	
19	17	16	15	21	15	15	0	10	19	17	15	15	15	19	15	17	17	13	19	15	15	13	
25	22	22	19	24	19	19	10	0	25	22	19	19	19	25	19	22	22	19	25	19	19	18	
0	7	7	11	6	11	11	19	25	0	8	11	11	11	0	11	9	9	8	0	11	11	10	
8	6	6	10	11	10	10	17	22	8	0	10	10	10	8	10	10	10	8	8	10	10	9	
11	9	8	0	14	0	0	15	19	11	10	0	0	0	11	0	10	10	3	11	0	0	6	
11	9	8	0	14	0	0	15	19	11	10	0	0	0	11	0	10	10	3	11	0	0	6	
11	9	8	0	14	0	0	15	19	11	10	0	0	0	11	0	10	10	3	11	0	0	6	
0	7	7	11	6	11	11	19	25	0	8	11	11	11	0	11	9	9	8	0	11	11	10	
11	9	8	0	14	0	0	15	19	11	10	0	0	0	11	0	10	10	3	11	0	0	6	
9	6	6	10	12	10	10	17	22	9	10	10	10	10	9	10	0	0	8	9	10	10	6	
9	6	6	10	12	10	10	17	22	9	10	10	10	10	9	10	0	0	8	9	10	10	6	
8	6	5	3	12	3	3	13	19	8	8	3	3	3	8	3	8	8	0	8	3	3	4	
0	7	7	11	6	11	11	19	25	0	8	11	11	11	0	11	9	9	8	0	11	11	10	
11	9	8	0	14	0	0	15	19	11	10	0	0	0	11	0	10	10	3	11	0	0	6	
11	9	8	0	14	0	0	15	19	11	10	0	0	0	11	0	10	10	3	11	0	0	6	
10	8	7	6	13	6	6	13	18	10	9	6	6	6	10	6	6	6	4	10	6	6	0	

cost:156.0
