Instance Date:213-1

VehicleNumber---RequestNumber---MaxTravelTime---DisinfectionTime
2	12	90	30

VehicleCapacity---VehicleLunchReadyTime---VehicleLunchDueTime---VehicleLunchDuration
9	240	300	60

LocationID---StaffDemand---SeatDemand---ReadyTime---DueTime---ServiceTime
0	0	0.0	0	780	0	
1	2	1.5	40	100	10	
2	2	1.5	30	60	10	
3	2	3.0	310	460	8	
4	2	1.5	340	400	10	
5	2	1.0	270	390	8	
6	2	3.0	390	540	8	
7	2	1.5	30	60	10	
8	2	1.5	30	50	3	
9	2	1.5	40	100	3	
10	2	3.0	300	750	8	
11	3	1.5	376	436	8	
12	2	1.5	418	478	8	
13	2	-1.5	60	120	3	
14	2	-1.5	30	90	3	
15	2	-3.0	310	490	3	
16	2	-1.5	360	420	3	
17	2	-1.0	270	410	10	
18	2	-3.0	390	560	3	
19	2	-1.5	30	90	3	
20	2	-1.5	30	90	3	
21	2	-1.5	60	120	3	
22	2	-3.0	300	750	10	
23	3	-1.5	376	456	3	
24	2	-1.5	418	498	10

Travel Time Between Locations
0	13	14	0	6	11	11	9	10	12	0	11	11	11	11	11	11	10	12	11	11	11	10	12	9	
13	0	5	13	12	9	9	11	7	9	13	9	9	9	9	9	9	8	6	9	9	9	8	9	12	
14	5	0	14	12	9	9	11	7	8	14	9	9	9	9	9	9	7	7	9	9	9	9	8	12	
0	13	14	0	6	11	11	9	10	12	0	11	11	11	11	11	11	10	12	11	11	11	10	12	9	
6	12	12	6	0	8	8	8	9	6	6	8	8	8	8	8	8	9	10	8	8	8	4	6	4	
11	9	9	11	8	0	0	10	6	7	11	0	0	0	0	0	0	6	8	0	0	0	5	7	7	
11	9	9	11	8	0	0	10	6	7	11	0	0	0	0	0	0	6	8	0	0	0	5	7	7	
9	11	11	9	8	10	10	0	5	8	9	10	10	10	10	10	10	6	7	10	10	10	9	8	8	
10	7	7	10	9	6	6	5	0	4	10	6	6	6	6	6	6	2	2	6	6	6	6	4	9	
12	9	8	12	6	7	7	8	4	0	12	7	7	7	7	7	7	5	6	7	7	7	5	0	5	
0	13	14	0	6	11	11	9	10	12	0	11	11	11	11	11	11	10	12	11	11	11	10	12	9	
11	9	9	11	8	0	0	10	6	7	11	0	0	0	0	0	0	6	8	0	0	0	5	7	7	
11	9	9	11	8	0	0	10	6	7	11	0	0	0	0	0	0	6	8	0	0	0	5	7	7	
11	9	9	11	8	0	0	10	6	7	11	0	0	0	0	0	0	6	8	0	0	0	5	7	7	
11	9	9	11	8	0	0	10	6	7	11	0	0	0	0	0	0	6	8	0	0	0	5	7	7	
11	9	9	11	8	0	0	10	6	7	11	0	0	0	0	0	0	6	8	0	0	0	5	7	7	
11	9	9	11	8	0	0	10	6	7	11	0	0	0	0	0	0	6	8	0	0	0	5	7	7	
10	8	7	10	9	6	6	6	2	5	10	6	6	6	6	6	6	0	4	6	6	6	5	5	9	
12	6	7	12	10	8	8	7	2	6	12	8	8	8	8	8	8	4	0	8	8	8	6	6	10	
11	9	9	11	8	0	0	10	6	7	11	0	0	0	0	0	0	6	8	0	0	0	5	7	7	
11	9	9	11	8	0	0	10	6	7	11	0	0	0	0	0	0	6	8	0	0	0	5	7	7	
11	9	9	11	8	0	0	10	6	7	11	0	0	0	0	0	0	6	8	0	0	0	5	7	7	
10	8	9	10	4	5	5	9	6	5	10	5	5	5	5	5	5	5	6	5	5	5	0	5	7	
12	9	8	12	6	7	7	8	4	0	12	7	7	7	7	7	7	5	6	7	7	7	5	0	5	
9	12	12	9	4	7	7	8	9	5	9	7	7	7	7	7	7	9	10	7	7	7	7	5	0	

cost:146.0
