Instance Date:213-2

VehicleNumber---RequestNumber---MaxTravelTime---DisinfectionTime
2	12	90	30

VehicleCapacity---VehicleLunchReadyTime---VehicleLunchDueTime---VehicleLunchDuration
9	240	300	60

LocationID---StaffDemand---SeatDemand---ReadyTime---DueTime---ServiceTime
0	0	0.0	0	780	0	
1	2	3.0	30	300	8	
2	2	1.5	30	50	10	
3	2	1.0	279	399	8	
4	2	1.5	355	415	10	
5	2	1.5	418	478	8	
6	2	2.5	55	145	8	
7	2	1.0	90	240	8	
8	2	3.0	165	255	8	
9	2	1.5	145	235	8	
10	2	3.0	321	441	8	
11	2	1.0	300	750	8	
12	2	2.5	340	400	10	
13	2	-3.0	30	300	3	
14	2	-1.5	30	90	3	
15	2	-1.0	279	429	10	
16	2	-1.5	375	435	3	
17	2	-1.5	418	498	10	
18	2	-2.5	75	165	3	
19	2	-1.0	90	270	3	
20	2	-3.0	195	285	3	
21	2	-1.5	165	255	3	
22	2	-3.0	321	471	10	
23	2	-1.0	300	750	10	
24	2	-2.5	360	420	3

Travel Time Between Locations
0	0	12	0	12	11	0	0	11	11	0	11	14	11	11	12	11	9	8	11	16	8	14	14	14	
0	0	12	0	12	11	0	0	11	11	0	11	14	11	11	12	11	9	8	11	16	8	14	14	14	
12	12	0	12	5	7	12	12	7	7	12	7	6	7	7	4	7	11	5	7	11	5	7	5	7	
0	0	12	0	12	11	0	0	11	11	0	11	14	11	11	12	11	9	8	11	16	8	14	14	14	
12	12	5	12	0	7	12	12	7	7	12	7	6	7	7	2	7	10	4	7	13	4	7	5	7	
11	11	7	11	7	0	11	11	0	0	11	0	9	0	0	6	0	7	3	0	16	3	10	9	10	
0	0	12	0	12	11	0	0	11	11	0	11	14	11	11	12	11	9	8	11	16	8	14	14	14	
0	0	12	0	12	11	0	0	11	11	0	11	14	11	11	12	11	9	8	11	16	8	14	14	14	
11	11	7	11	7	0	11	11	0	0	11	0	9	0	0	6	0	7	3	0	16	3	10	9	10	
11	11	7	11	7	0	11	11	0	0	11	0	9	0	0	6	0	7	3	0	16	3	10	9	10	
0	0	12	0	12	11	0	0	11	11	0	11	14	11	11	12	11	9	8	11	16	8	14	14	14	
11	11	7	11	7	0	11	11	0	0	11	0	9	0	0	6	0	7	3	0	16	3	10	9	10	
14	14	6	14	6	9	14	14	9	9	14	9	0	9	9	7	9	12	7	9	10	7	2	1	3	
11	11	7	11	7	0	11	11	0	0	11	0	9	0	0	6	0	7	3	0	16	3	10	9	10	
11	11	7	11	7	0	11	11	0	0	11	0	9	0	0	6	0	7	3	0	16	3	10	9	10	
12	12	4	12	2	6	12	12	6	6	12	6	7	6	6	0	6	10	4	6	13	4	8	6	7	
11	11	7	11	7	0	11	11	0	0	11	0	9	0	0	6	0	7	3	0	16	3	10	9	10	
9	9	11	9	10	7	9	9	7	7	9	7	12	7	7	10	7	0	7	7	15	7	13	11	13	
8	8	5	8	4	3	8	8	3	3	8	3	7	3	3	4	3	7	0	3	13	0	8	6	8	
11	11	7	11	7	0	11	11	0	0	11	0	9	0	0	6	0	7	3	0	16	3	10	9	10	
16	16	11	16	13	16	16	16	16	16	16	16	10	16	16	13	16	15	13	16	0	13	11	9	11	
8	8	5	8	4	3	8	8	3	3	8	3	7	3	3	4	3	7	0	3	13	0	8	6	8	
14	14	7	14	7	10	14	14	10	10	14	10	2	10	10	8	10	13	8	10	11	8	0	2	4	
14	14	5	14	5	9	14	14	9	9	14	9	1	9	9	6	9	11	6	9	9	6	2	0	2	
14	14	7	14	7	10	14	14	10	10	14	10	3	10	10	7	10	13	8	10	11	8	4	2	0	

cost:150.0
