Instance Date:213-2

VehicleNumber---RequestNumber---MaxTravelTime---DisinfectionTime
2	12	90	30

VehicleCapacity---VehicleLunchReadyTime---VehicleLunchDueTime---VehicleLunchDuration
9	240	300	60

LocationID---StaffDemand---SeatDemand---ReadyTime---DueTime---ServiceTime
0	0	0.0	0	780	0	
1	2	1.5	40	100	10	
2	2	1.5	30	60	10	
3	2	1.5	340	400	10	
4	2	1.5	340	400	10	
5	2	1.0	270	390	8	
6	2	3.0	270	420	8	
7	2	1.5	30	60	10	
8	2	1.5	30	50	3	
9	2	1.5	40	100	3	
10	3	3.0	241	361	8	
11	3	1.5	376	436	8	
12	2	1.0	270	390	8	
13	2	-1.5	60	120	3	
14	2	-1.5	30	90	3	
15	2	-1.5	360	420	3	
16	2	-1.5	360	420	3	
17	2	-1.0	270	410	10	
18	2	-3.0	270	450	3	
19	2	-1.5	30	90	3	
20	2	-1.5	30	90	3	
21	2	-1.5	60	120	3	
22	3	-3.0	241	381	3	
23	3	-1.5	376	456	3	
24	2	-1.0	270	410	10

Travel Time Between Locations
0	13	14	6	9	11	11	9	10	12	0	11	11	11	11	11	11	10	0	11	11	11	11	12	10	
13	0	5	12	12	9	9	11	7	9	13	9	9	9	9	9	9	8	13	9	9	9	9	9	4	
14	5	0	12	12	9	9	11	7	8	14	9	9	9	9	9	9	7	14	9	9	9	9	8	6	
6	12	12	0	4	8	8	8	9	6	6	8	8	8	8	8	8	9	6	8	8	8	8	6	9	
9	12	12	4	0	7	7	8	9	5	9	7	7	7	7	7	7	9	9	7	7	7	7	5	9	
11	9	9	8	7	0	0	10	6	7	11	0	0	0	0	0	0	6	11	0	0	0	0	7	9	
11	9	9	8	7	0	0	10	6	7	11	0	0	0	0	0	0	6	11	0	0	0	0	7	9	
9	11	11	8	8	10	10	0	5	8	9	10	10	10	10	10	10	6	9	10	10	10	10	8	9	
10	7	7	9	9	6	6	5	0	4	10	6	6	6	6	6	6	2	10	6	6	6	6	4	4	
12	9	8	6	5	7	7	8	4	0	12	7	7	7	7	7	7	5	12	7	7	7	7	0	7	
0	13	14	6	9	11	11	9	10	12	0	11	11	11	11	11	11	10	0	11	11	11	11	12	10	
11	9	9	8	7	0	0	10	6	7	11	0	0	0	0	0	0	6	11	0	0	0	0	7	9	
11	9	9	8	7	0	0	10	6	7	11	0	0	0	0	0	0	6	11	0	0	0	0	7	9	
11	9	9	8	7	0	0	10	6	7	11	0	0	0	0	0	0	6	11	0	0	0	0	7	9	
11	9	9	8	7	0	0	10	6	7	11	0	0	0	0	0	0	6	11	0	0	0	0	7	9	
11	9	9	8	7	0	0	10	6	7	11	0	0	0	0	0	0	6	11	0	0	0	0	7	9	
11	9	9	8	7	0	0	10	6	7	11	0	0	0	0	0	0	6	11	0	0	0	0	7	9	
10	8	7	9	9	6	6	6	2	5	10	6	6	6	6	6	6	0	10	6	6	6	6	5	6	
0	13	14	6	9	11	11	9	10	12	0	11	11	11	11	11	11	10	0	11	11	11	11	12	10	
11	9	9	8	7	0	0	10	6	7	11	0	0	0	0	0	0	6	11	0	0	0	0	7	9	
11	9	9	8	7	0	0	10	6	7	11	0	0	0	0	0	0	6	11	0	0	0	0	7	9	
11	9	9	8	7	0	0	10	6	7	11	0	0	0	0	0	0	6	11	0	0	0	0	7	9	
11	9	9	8	7	0	0	10	6	7	11	0	0	0	0	0	0	6	11	0	0	0	0	7	9	
12	9	8	6	5	7	7	8	4	0	12	7	7	7	7	7	7	5	12	7	7	7	7	0	7	
10	4	6	9	9	9	9	9	4	7	10	9	9	9	9	9	9	6	10	9	9	9	9	7	0	

cost:142.0
