Instance Date:213-3

VehicleNumber---RequestNumber---MaxTravelTime---DisinfectionTime
2	12	90	30

VehicleCapacity---VehicleLunchReadyTime---VehicleLunchDueTime---VehicleLunchDuration
9	240	300	60

LocationID---StaffDemand---SeatDemand---ReadyTime---DueTime---ServiceTime
0	0	0.0	0	780	0	
1	3	3.0	30	750	8	
2	2	1.5	40	100	10	
3	3	3.0	105	195	8	
4	2	1.5	340	400	10	
5	2	1.5	340	400	10	
6	2	1.0	270	390	8	
7	2	1.5	30	60	10	
8	2	1.5	30	50	3	
9	2	1.5	40	100	3	
10	2	2.5	205	295	8	
11	2	1.5	221	341	8	
12	2	3.0	165	255	8	
13	3	-3.0	30	750	10	
14	2	-1.5	60	120	3	
15	3	-3.0	135	225	3	
16	2	-1.5	360	420	3	
17	2	-1.5	360	420	3	
18	2	-1.0	270	410	10	
19	2	-1.5	30	90	3	
20	2	-1.5	30	90	3	
21	2	-1.5	60	120	3	
22	2	-2.5	225	315	3	
23	2	-1.5	221	361	3	
24	2	-3.0	195	285	3

Travel Time Between Locations
0	0	13	11	6	9	11	9	10	12	0	0	11	13	11	0	11	11	10	11	11	11	8	11	16	
0	0	13	11	6	9	11	9	10	12	0	0	11	13	11	0	11	11	10	11	11	11	8	11	16	
13	13	0	9	12	12	9	11	7	9	13	13	9	6	9	13	9	9	8	9	9	9	8	9	13	
11	11	9	0	8	7	0	10	6	7	11	11	0	9	0	11	0	0	6	0	0	0	3	0	16	
6	6	12	8	0	4	8	8	9	6	6	6	8	13	8	6	8	8	9	8	8	8	7	8	14	
9	9	12	7	4	0	7	8	9	5	9	9	7	12	7	9	7	7	9	7	7	7	7	7	15	
11	11	9	0	8	7	0	10	6	7	11	11	0	9	0	11	0	0	6	0	0	0	3	0	16	
9	9	11	10	8	8	10	0	5	8	9	9	10	12	10	9	10	10	6	10	10	10	7	10	13	
10	10	7	6	9	9	6	5	0	4	10	10	6	7	6	10	6	6	2	6	6	6	3	6	13	
12	12	9	7	6	5	7	8	4	0	12	12	7	9	7	12	7	7	5	7	7	7	5	7	14	
0	0	13	11	6	9	11	9	10	12	0	0	11	13	11	0	11	11	10	11	11	11	8	11	16	
0	0	13	11	6	9	11	9	10	12	0	0	11	13	11	0	11	11	10	11	11	11	8	11	16	
11	11	9	0	8	7	0	10	6	7	11	11	0	9	0	11	0	0	6	0	0	0	3	0	16	
13	13	6	9	13	12	9	12	7	9	13	13	9	0	9	13	9	9	8	9	9	9	7	9	11	
11	11	9	0	8	7	0	10	6	7	11	11	0	9	0	11	0	0	6	0	0	0	3	0	16	
0	0	13	11	6	9	11	9	10	12	0	0	11	13	11	0	11	11	10	11	11	11	8	11	16	
11	11	9	0	8	7	0	10	6	7	11	11	0	9	0	11	0	0	6	0	0	0	3	0	16	
11	11	9	0	8	7	0	10	6	7	11	11	0	9	0	11	0	0	6	0	0	0	3	0	16	
10	10	8	6	9	9	6	6	2	5	10	10	6	8	6	10	6	6	0	6	6	6	3	6	14	
11	11	9	0	8	7	0	10	6	7	11	11	0	9	0	11	0	0	6	0	0	0	3	0	16	
11	11	9	0	8	7	0	10	6	7	11	11	0	9	0	11	0	0	6	0	0	0	3	0	16	
11	11	9	0	8	7	0	10	6	7	11	11	0	9	0	11	0	0	6	0	0	0	3	0	16	
8	8	8	3	7	7	3	7	3	5	8	8	3	7	3	8	3	3	3	3	3	3	0	3	13	
11	11	9	0	8	7	0	10	6	7	11	11	0	9	0	11	0	0	6	0	0	0	3	0	16	
16	16	13	16	14	15	16	13	13	14	16	16	16	11	16	16	16	16	14	16	16	16	13	16	0	

cost:151.0
