Instance Date:215-1

VehicleNumber---RequestNumber---MaxTravelTime---DisinfectionTime
2	12	90	30

VehicleCapacity---VehicleLunchReadyTime---VehicleLunchDueTime---VehicleLunchDuration
9	300	360	60

LocationID---StaffDemand---SeatDemand---ReadyTime---DueTime---ServiceTime
0	0	0.0	0	780	0	
1	2	3.0	30	750	8	
2	2	1.0	30	750	8	
3	2	2.5	60	120	10	
4	2	2.5	120	180	10	
5	2	1.5	345	435	8	
6	2	1.5	416	476	8	
7	2	1.5	30	90	10	
8	2	1.5	40	100	10	
9	2	1.5	30	60	8	
10	2	1.5	120	180	10	
11	2	1.0	30	300	8	
12	2	1.5	200	260	8	
13	2	-3.0	30	750	3	
14	2	-1.0	30	750	3	
15	2	-2.5	90	150	3	
16	2	-2.5	150	210	3	
17	2	-1.5	375	465	3	
18	2	-1.5	416	506	10	
19	2	-1.5	60	120	3	
20	2	-1.5	60	120	3	
21	2	-1.5	45	135	3	
22	2	-1.5	150	210	3	
23	2	-1.0	30	300	10	
24	2	-1.5	200	290	10

Travel Time Between Locations
0	0	0	15	12	11	11	7	7	11	6	11	11	12	12	0	0	19	14	11	11	0	11	9	9	
0	0	0	15	12	11	11	7	7	11	6	11	11	12	12	0	0	19	14	11	11	0	11	9	9	
0	0	0	15	12	11	11	7	7	11	6	11	11	12	12	0	0	19	14	11	11	0	11	9	9	
15	15	15	0	4	13	13	13	14	13	17	13	13	11	11	15	15	14	14	13	13	15	13	16	16	
12	12	12	4	0	11	11	15	14	11	13	11	11	12	12	12	12	10	10	11	11	12	11	15	15	
11	11	11	13	11	0	0	9	8	0	14	0	0	8	8	11	11	19	14	0	0	11	0	10	10	
11	11	11	13	11	0	0	9	8	0	14	0	0	8	8	11	11	19	14	0	0	11	0	10	10	
7	7	7	13	15	9	9	0	1	9	10	9	9	9	9	7	7	16	11	9	9	7	9	6	6	
7	7	7	14	14	8	8	1	0	8	11	8	8	9	9	7	7	16	11	8	8	7	8	6	6	
11	11	11	13	11	0	0	9	8	0	14	0	0	8	8	11	11	19	14	0	0	11	0	10	10	
6	6	6	17	13	14	14	10	11	14	0	14	14	16	16	6	6	15	10	14	14	6	14	12	12	
11	11	11	13	11	0	0	9	8	0	14	0	0	8	8	11	11	19	14	0	0	11	0	10	10	
11	11	11	13	11	0	0	9	8	0	14	0	0	8	8	11	11	19	14	0	0	11	0	10	10	
12	12	12	11	12	8	8	9	9	8	16	8	8	0	0	12	12	16	15	8	8	12	8	9	9	
12	12	12	11	12	8	8	9	9	8	16	8	8	0	0	12	12	16	15	8	8	12	8	9	9	
0	0	0	15	12	11	11	7	7	11	6	11	11	12	12	0	0	19	14	11	11	0	11	9	9	
0	0	0	15	12	11	11	7	7	11	6	11	11	12	12	0	0	19	14	11	11	0	11	9	9	
19	19	19	14	10	19	19	16	16	19	15	19	19	16	16	19	19	0	11	19	19	19	19	18	18	
14	14	14	14	10	14	14	11	11	14	10	14	14	15	15	14	14	11	0	14	14	14	14	13	13	
11	11	11	13	11	0	0	9	8	0	14	0	0	8	8	11	11	19	14	0	0	11	0	10	10	
11	11	11	13	11	0	0	9	8	0	14	0	0	8	8	11	11	19	14	0	0	11	0	10	10	
0	0	0	15	12	11	11	7	7	11	6	11	11	12	12	0	0	19	14	11	11	0	11	9	9	
11	11	11	13	11	0	0	9	8	0	14	0	0	8	8	11	11	19	14	0	0	11	0	10	10	
9	9	9	16	15	10	10	6	6	10	12	10	10	9	9	9	9	18	13	10	10	9	10	0	0	
9	9	9	16	15	10	10	6	6	10	12	10	10	9	9	9	9	18	13	10	10	9	10	0	0	

cost:160.0
