Instance Date:213-2

VehicleNumber---RequestNumber---MaxTravelTime---DisinfectionTime
2	13	90	30

VehicleCapacity---VehicleLunchReadyTime---VehicleLunchDueTime---VehicleLunchDuration
9	240	300	60

LocationID---StaffDemand---SeatDemand---ReadyTime---DueTime---ServiceTime
0	0	0.0	0	780	0	
1	2	1.5	40	100	10	
2	2	1.5	30	60	10	
3	2	1.5	340	400	10	
4	2	1.5	340	400	10	
5	2	1.0	270	390	8	
6	2	3.0	270	420	8	
7	2	2.5	55	145	8	
8	2	1.0	90	240	8	
9	2	3.0	165	255	8	
10	2	1.5	145	235	8	
11	2	3.0	321	441	8	
12	2	1.0	300	750	8	
13	2	2.5	340	400	10	
14	2	-1.5	60	120	3	
15	2	-1.5	30	90	3	
16	2	-1.5	360	420	3	
17	2	-1.5	360	420	3	
18	2	-1.0	270	410	10	
19	2	-3.0	270	450	3	
20	2	-2.5	75	165	3	
21	2	-1.0	90	270	3	
22	2	-3.0	195	285	3	
23	2	-1.5	165	255	3	
24	2	-3.0	321	471	10	
25	2	-1.0	300	750	10	
26	2	-2.5	360	420	3

Travel Time Between Locations
0	13	14	6	9	11	11	0	0	11	11	0	11	14	11	11	11	11	10	0	8	11	16	8	14	14	14	
13	0	5	12	12	9	9	13	13	9	9	13	9	5	9	9	9	9	8	13	8	9	13	8	5	4	6	
14	5	0	12	12	9	9	14	14	9	9	14	9	0	9	9	9	9	7	14	7	9	10	7	2	1	3	
6	12	12	0	4	8	8	6	6	8	8	6	8	12	8	8	8	8	9	6	7	8	14	7	13	11	13	
9	12	12	4	0	7	7	9	9	7	7	9	7	12	7	7	7	7	9	9	7	7	15	7	13	11	13	
11	9	9	8	7	0	0	11	11	0	0	11	0	9	0	0	0	0	6	11	3	0	16	3	10	9	10	
11	9	9	8	7	0	0	11	11	0	0	11	0	9	0	0	0	0	6	11	3	0	16	3	10	9	10	
0	13	14	6	9	11	11	0	0	11	11	0	11	14	11	11	11	11	10	0	8	11	16	8	14	14	14	
0	13	14	6	9	11	11	0	0	11	11	0	11	14	11	11	11	11	10	0	8	11	16	8	14	14	14	
11	9	9	8	7	0	0	11	11	0	0	11	0	9	0	0	0	0	6	11	3	0	16	3	10	9	10	
11	9	9	8	7	0	0	11	11	0	0	11	0	9	0	0	0	0	6	11	3	0	16	3	10	9	10	
0	13	14	6	9	11	11	0	0	11	11	0	11	14	11	11	11	11	10	0	8	11	16	8	14	14	14	
11	9	9	8	7	0	0	11	11	0	0	11	0	9	0	0	0	0	6	11	3	0	16	3	10	9	10	
14	5	0	12	12	9	9	14	14	9	9	14	9	0	9	9	9	9	7	14	7	9	10	7	2	1	3	
11	9	9	8	7	0	0	11	11	0	0	11	0	9	0	0	0	0	6	11	3	0	16	3	10	9	10	
11	9	9	8	7	0	0	11	11	0	0	11	0	9	0	0	0	0	6	11	3	0	16	3	10	9	10	
11	9	9	8	7	0	0	11	11	0	0	11	0	9	0	0	0	0	6	11	3	0	16	3	10	9	10	
11	9	9	8	7	0	0	11	11	0	0	11	0	9	0	0	0	0	6	11	3	0	16	3	10	9	10	
10	8	7	9	9	6	6	10	10	6	6	10	6	7	6	6	6	6	0	10	3	6	14	3	8	6	8	
0	13	14	6	9	11	11	0	0	11	11	0	11	14	11	11	11	11	10	0	8	11	16	8	14	14	14	
8	8	7	7	7	3	3	8	8	3	3	8	3	7	3	3	3	3	3	8	0	3	13	0	8	6	8	
11	9	9	8	7	0	0	11	11	0	0	11	0	9	0	0	0	0	6	11	3	0	16	3	10	9	10	
16	13	10	14	15	16	16	16	16	16	16	16	16	10	16	16	16	16	14	16	13	16	0	13	11	9	11	
8	8	7	7	7	3	3	8	8	3	3	8	3	7	3	3	3	3	3	8	0	3	13	0	8	6	8	
14	5	2	13	13	10	10	14	14	10	10	14	10	2	10	10	10	10	8	14	8	10	11	8	0	2	4	
14	4	1	11	11	9	9	14	14	9	9	14	9	1	9	9	9	9	6	14	6	9	9	6	2	0	2	
14	6	3	13	13	10	10	14	14	10	10	14	10	3	10	10	10	10	8	14	8	10	11	8	4	2	0	

cost:155.0
