Instance Date:213-2

VehicleNumber---RequestNumber---MaxTravelTime---DisinfectionTime
2	13	90	30

VehicleCapacity---VehicleLunchReadyTime---VehicleLunchDueTime---VehicleLunchDuration
9	240	300	60

LocationID---StaffDemand---SeatDemand---ReadyTime---DueTime---ServiceTime
0	0	0.0	0	780	0	
1	2	2.5	55	145	8	
2	2	1.0	90	240	8	
3	2	3.0	165	255	8	
4	2	1.5	145	235	8	
5	2	3.0	321	441	8	
6	2	1.0	300	750	8	
7	2	2.5	340	400	10	
8	2	1.5	30	60	10	
9	2	1.5	30	50	3	
10	2	1.5	40	100	3	
11	3	3.0	241	361	8	
12	3	1.5	376	436	8	
13	2	1.0	270	390	8	
14	2	-2.5	75	165	3	
15	2	-1.0	90	270	3	
16	2	-3.0	195	285	3	
17	2	-1.5	165	255	3	
18	2	-3.0	321	471	10	
19	2	-1.0	300	750	10	
20	2	-2.5	360	420	3	
21	2	-1.5	30	90	3	
22	2	-1.5	30	90	3	
23	2	-1.5	60	120	3	
24	3	-3.0	241	381	3	
25	3	-1.5	376	456	3	
26	2	-1.0	270	410	10

Travel Time Between Locations
0	0	0	11	11	0	11	14	9	10	12	0	11	11	8	11	16	8	14	14	14	11	11	11	11	12	10	
0	0	0	11	11	0	11	14	9	10	12	0	11	11	8	11	16	8	14	14	14	11	11	11	11	12	10	
0	0	0	11	11	0	11	14	9	10	12	0	11	11	8	11	16	8	14	14	14	11	11	11	11	12	10	
11	11	11	0	0	11	0	9	10	6	7	11	0	0	3	0	16	3	10	9	10	0	0	0	0	7	9	
11	11	11	0	0	11	0	9	10	6	7	11	0	0	3	0	16	3	10	9	10	0	0	0	0	7	9	
0	0	0	11	11	0	11	14	9	10	12	0	11	11	8	11	16	8	14	14	14	11	11	11	11	12	10	
11	11	11	0	0	11	0	9	10	6	7	11	0	0	3	0	16	3	10	9	10	0	0	0	0	7	9	
14	14	14	9	9	14	9	0	11	7	8	14	9	9	7	9	10	7	2	1	3	9	9	9	9	8	6	
9	9	9	10	10	9	10	11	0	5	8	9	10	10	7	10	13	7	12	10	12	10	10	10	10	8	9	
10	10	10	6	6	10	6	7	5	0	4	10	6	6	3	6	13	3	8	6	8	6	6	6	6	4	4	
12	12	12	7	7	12	7	8	8	4	0	12	7	7	5	7	14	5	9	7	9	7	7	7	7	0	7	
0	0	0	11	11	0	11	14	9	10	12	0	11	11	8	11	16	8	14	14	14	11	11	11	11	12	10	
11	11	11	0	0	11	0	9	10	6	7	11	0	0	3	0	16	3	10	9	10	0	0	0	0	7	9	
11	11	11	0	0	11	0	9	10	6	7	11	0	0	3	0	16	3	10	9	10	0	0	0	0	7	9	
8	8	8	3	3	8	3	7	7	3	5	8	3	3	0	3	13	0	8	6	8	3	3	3	3	5	7	
11	11	11	0	0	11	0	9	10	6	7	11	0	0	3	0	16	3	10	9	10	0	0	0	0	7	9	
16	16	16	16	16	16	16	10	13	13	14	16	16	16	13	16	0	13	11	9	11	16	16	16	16	14	13	
8	8	8	3	3	8	3	7	7	3	5	8	3	3	0	3	13	0	8	6	8	3	3	3	3	5	7	
14	14	14	10	10	14	10	2	12	8	9	14	10	10	8	10	11	8	0	2	4	10	10	10	10	9	7	
14	14	14	9	9	14	9	1	10	6	7	14	9	9	6	9	9	6	2	0	2	9	9	9	9	7	5	
14	14	14	10	10	14	10	3	12	8	9	14	10	10	8	10	11	8	4	2	0	10	10	10	10	9	7	
11	11	11	0	0	11	0	9	10	6	7	11	0	0	3	0	16	3	10	9	10	0	0	0	0	7	9	
11	11	11	0	0	11	0	9	10	6	7	11	0	0	3	0	16	3	10	9	10	0	0	0	0	7	9	
11	11	11	0	0	11	0	9	10	6	7	11	0	0	3	0	16	3	10	9	10	0	0	0	0	7	9	
11	11	11	0	0	11	0	9	10	6	7	11	0	0	3	0	16	3	10	9	10	0	0	0	0	7	9	
12	12	12	7	7	12	7	8	8	4	0	12	7	7	5	7	14	5	9	7	9	7	7	7	7	0	7	
10	10	10	9	9	10	9	6	9	4	7	10	9	9	7	9	13	7	7	5	7	9	9	9	9	7	0	

cost:155.0
