Instance Date:214-4

VehicleNumber---RequestNumber---MaxTravelTime---DisinfectionTime
2	13	90	30

VehicleCapacity---VehicleLunchReadyTime---VehicleLunchDueTime---VehicleLunchDuration
9	225	285	60

LocationID---StaffDemand---SeatDemand---ReadyTime---DueTime---ServiceTime
0	0	0.0	0	780	0	
1	2	1.5	30	50	3	
2	2	1.5	40	100	10	
3	2	2.5	60	120	10	
4	3	2.5	220	280	8	
5	2	2.5	190	250	3	
6	2	4.0	219	279	8	
7	2	3.0	311	431	8	
8	2	1.5	330	390	10	
9	2	1.5	345	435	8	
10	2	2.5	340	400	10	
11	2	1.0	315	465	8	
12	2	1.5	458	578	8	
13	3	3.0	30	750	8	
14	2	-1.5	30	90	3	
15	2	-1.5	60	120	3	
16	2	-2.5	90	150	3	
17	3	-2.5	220	300	3	
18	2	-2.5	210	270	3	
19	2	-4.0	219	299	10	
20	2	-3.0	311	451	10	
21	2	-1.5	360	420	3	
22	2	-1.5	375	465	3	
23	2	-2.5	360	420	3	
24	2	-1.0	315	495	3	
25	2	-1.5	458	598	3	
26	3	-3.0	30	750	10

Travel Time Between Locations
0	7	9	11	0	7	0	0	6	11	5	0	0	11	11	11	0	7	0	7	7	11	0	0	11	11	16	
7	0	2	10	7	10	7	7	10	7	5	7	7	7	7	7	7	10	7	0	10	7	7	7	7	7	13	
9	2	0	11	9	11	9	9	12	8	6	9	9	8	8	8	9	11	9	2	11	8	9	9	8	8	13	
11	10	11	0	11	11	11	11	14	7	6	11	11	7	7	7	11	11	11	10	13	7	11	11	7	7	17	
0	7	9	11	0	7	0	0	6	11	5	0	0	11	11	11	0	7	0	7	7	11	0	0	11	11	16	
7	10	11	11	7	0	7	7	3	11	5	7	7	11	11	11	7	0	7	10	2	11	7	7	11	11	18	
0	7	9	11	0	7	0	0	6	11	5	0	0	11	11	11	0	7	0	7	7	11	0	0	11	11	16	
0	7	9	11	0	7	0	0	6	11	5	0	0	11	11	11	0	7	0	7	7	11	0	0	11	11	16	
6	10	12	14	6	3	6	6	0	14	8	6	6	14	14	14	6	3	6	10	3	14	6	6	14	14	19	
11	7	8	7	11	11	11	11	14	0	6	11	11	0	0	0	11	11	11	7	13	0	11	11	0	0	16	
5	5	6	6	5	5	5	5	8	6	0	5	5	6	6	6	5	5	5	5	7	6	5	5	6	6	16	
0	7	9	11	0	7	0	0	6	11	5	0	0	11	11	11	0	7	0	7	7	11	0	0	11	11	16	
0	7	9	11	0	7	0	0	6	11	5	0	0	11	11	11	0	7	0	7	7	11	0	0	11	11	16	
11	7	8	7	11	11	11	11	14	0	6	11	11	0	0	0	11	11	11	7	13	0	11	11	0	0	16	
11	7	8	7	11	11	11	11	14	0	6	11	11	0	0	0	11	11	11	7	13	0	11	11	0	0	16	
11	7	8	7	11	11	11	11	14	0	6	11	11	0	0	0	11	11	11	7	13	0	11	11	0	0	16	
0	7	9	11	0	7	0	0	6	11	5	0	0	11	11	11	0	7	0	7	7	11	0	0	11	11	16	
7	10	11	11	7	0	7	7	3	11	5	7	7	11	11	11	7	0	7	10	2	11	7	7	11	11	18	
0	7	9	11	0	7	0	0	6	11	5	0	0	11	11	11	0	7	0	7	7	11	0	0	11	11	16	
7	0	2	10	7	10	7	7	10	7	5	7	7	7	7	7	7	10	7	0	10	7	7	7	7	7	13	
7	10	11	13	7	2	7	7	3	13	7	7	7	13	13	13	7	2	7	10	0	13	7	7	13	13	18	
11	7	8	7	11	11	11	11	14	0	6	11	11	0	0	0	11	11	11	7	13	0	11	11	0	0	16	
0	7	9	11	0	7	0	0	6	11	5	0	0	11	11	11	0	7	0	7	7	11	0	0	11	11	16	
0	7	9	11	0	7	0	0	6	11	5	0	0	11	11	11	0	7	0	7	7	11	0	0	11	11	16	
11	7	8	7	11	11	11	11	14	0	6	11	11	0	0	0	11	11	11	7	13	0	11	11	0	0	16	
11	7	8	7	11	11	11	11	14	0	6	11	11	0	0	0	11	11	11	7	13	0	11	11	0	0	16	
16	13	13	17	16	18	16	16	19	16	16	16	16	16	16	16	16	18	16	13	18	16	16	16	16	16	0	

cost:139.0
