Instance Date:218-4

VehicleNumber---RequestNumber---MaxTravelTime---DisinfectionTime
2	14	90	30

VehicleCapacity---VehicleLunchReadyTime---VehicleLunchDueTime---VehicleLunchDuration
9	300	360	60

LocationID---StaffDemand---SeatDemand---ReadyTime---DueTime---ServiceTime
0	0	0.0	0	780	0	
1	2	1.5	30	90	10	
2	2	2.5	55	115	3	
3	3	1.5	50	110	3	
4	2	1.5	90	150	8	
5	2	1.5	340	400	10	
6	2	1.5	367	427	8	
7	2	1.5	422	482	8	
8	2	2.5	396	456	8	
9	2	1.0	334	454	8	
10	2	1.5	390	450	10	
11	2	1.5	30	90	18	
12	2	2.5	95	155	3	
13	2	1.0	30	300	8	
14	2	2.5	130	190	3	
15	2	-1.5	60	120	3	
16	2	-2.5	75	135	3	
17	3	-1.5	60	120	3	
18	2	-1.5	90	170	10	
19	2	-1.5	360	420	3	
20	2	-1.5	367	447	10	
21	2	-1.5	422	502	10	
22	2	-2.5	396	476	10	
23	2	-1.0	334	484	10	
24	2	-1.5	420	480	3	
25	2	-1.5	60	120	3	
26	2	-2.5	105	165	3	
27	2	-1.0	30	300	10	
28	2	-2.5	150	210	3

Travel Time Between Locations
0	7	8	9	11	11	11	11	0	0	15	8	8	11	7	11	8	11	10	11	15	15	10	12	11	11	8	9	0	
7	0	4	8	11	9	11	11	7	7	14	6	5	11	6	11	8	11	11	11	14	14	11	13	11	11	8	8	7	
8	4	0	10	12	10	12	12	8	8	14	7	7	12	6	12	9	12	10	12	14	14	11	11	12	12	9	6	8	
9	8	10	0	5	2	5	5	9	9	11	5	5	5	6	5	4	5	7	5	11	11	4	6	5	5	4	4	9	
11	11	12	5	0	5	0	0	11	11	10	8	8	0	10	0	3	0	6	0	10	10	8	10	0	0	3	7	11	
11	9	10	2	5	0	5	5	11	11	9	7	7	5	8	5	4	5	5	5	9	9	6	8	5	5	4	6	11	
11	11	12	5	0	5	0	0	11	11	10	8	8	0	10	0	3	0	6	0	10	10	8	10	0	0	3	7	11	
11	11	12	5	0	5	0	0	11	11	10	8	8	0	10	0	3	0	6	0	10	10	8	10	0	0	3	7	11	
0	7	8	9	11	11	11	11	0	0	15	8	8	11	7	11	8	11	10	11	15	15	10	12	11	11	8	9	0	
0	7	8	9	11	11	11	11	0	0	15	8	8	11	7	11	8	11	10	11	15	15	10	12	11	11	8	9	0	
15	14	14	11	10	9	10	10	15	15	0	10	11	10	11	10	10	10	8	10	0	0	7	5	10	10	10	8	15	
8	6	7	5	8	7	8	8	8	8	10	0	1	8	5	8	5	8	6	8	10	10	8	9	8	8	5	4	8	
8	5	7	5	8	7	8	8	8	8	11	1	0	8	4	8	6	8	7	8	11	11	7	9	8	8	6	4	8	
11	11	12	5	0	5	0	0	11	11	10	8	8	0	10	0	3	0	6	0	10	10	8	10	0	0	3	7	11	
7	6	6	6	10	8	10	10	7	7	11	5	4	10	0	10	7	10	8	10	11	11	8	9	10	10	7	3	7	
11	11	12	5	0	5	0	0	11	11	10	8	8	0	10	0	3	0	6	0	10	10	8	10	0	0	3	7	11	
8	8	9	4	3	4	3	3	8	8	10	5	6	3	7	3	0	3	7	3	10	10	7	8	3	3	0	4	8	
11	11	12	5	0	5	0	0	11	11	10	8	8	0	10	0	3	0	6	0	10	10	8	10	0	0	3	7	11	
10	11	10	7	6	5	6	6	10	10	8	6	7	6	8	6	7	6	0	6	8	8	3	5	6	6	7	5	10	
11	11	12	5	0	5	0	0	11	11	10	8	8	0	10	0	3	0	6	0	10	10	8	10	0	0	3	7	11	
15	14	14	11	10	9	10	10	15	15	0	10	11	10	11	10	10	10	8	10	0	0	7	5	10	10	10	8	15	
15	14	14	11	10	9	10	10	15	15	0	10	11	10	11	10	10	10	8	10	0	0	7	5	10	10	10	8	15	
10	11	11	4	8	6	8	8	10	10	7	8	7	8	8	8	7	8	3	8	7	7	0	2	8	8	7	5	10	
12	13	11	6	10	8	10	10	12	12	5	9	9	10	9	10	8	10	5	10	5	5	2	0	10	10	8	6	12	
11	11	12	5	0	5	0	0	11	11	10	8	8	0	10	0	3	0	6	0	10	10	8	10	0	0	3	7	11	
11	11	12	5	0	5	0	0	11	11	10	8	8	0	10	0	3	0	6	0	10	10	8	10	0	0	3	7	11	
8	8	9	4	3	4	3	3	8	8	10	5	6	3	7	3	0	3	7	3	10	10	7	8	3	3	0	4	8	
9	8	6	4	7	6	7	7	9	9	8	4	4	7	3	7	4	7	5	7	8	8	5	6	7	7	4	0	9	
0	7	8	9	11	11	11	11	0	0	15	8	8	11	7	11	8	11	10	11	15	15	10	12	11	11	8	9	0	

cost:156.0
