Instance Date:219-4

VehicleNumber---RequestNumber---MaxTravelTime---DisinfectionTime
2	15	90	30

VehicleCapacity---VehicleLunchReadyTime---VehicleLunchDueTime---VehicleLunchDuration
9	240	300	60

LocationID---StaffDemand---SeatDemand---ReadyTime---DueTime---ServiceTime
0	0	0.0	0	780	0	
1	2	1.5	30	60	10	
2	3	1.5	30	50	9	
3	2	1.5	30	60	8	
4	2	1.0	30	750	8	
5	2	3.0	75	165	8	
6	3	2.5	433	493	8	
7	2	2.5	432	492	8	
8	2	1.0	90	240	8	
9	2	1.0	90	240	8	
10	2	1.0	90	240	8	
11	2	3.0	90	240	8	
12	2	2.5	100	160	9	
13	2	2.5	330	390	10	
14	2	1.5	390	450	10	
15	3	1.5	411	471	8	
16	2	-1.5	30	90	3	
17	3	-1.5	30	90	3	
18	2	-1.5	45	135	3	
19	2	-1.0	30	750	3	
20	2	-3.0	105	195	3	
21	3	-2.5	433	523	15	
22	2	-2.5	432	512	10	
23	2	-1.0	90	270	3	
24	2	-1.0	90	270	3	
25	2	-1.0	90	270	3	
26	2	-3.0	90	270	3	
27	2	-2.5	120	180	3	
28	2	-2.5	360	420	3	
29	2	-1.5	420	480	3	
30	3	-1.5	411	491	3	

Travel Time Between Locations
0	5	5	11	11	11	0	8	0	0	0	0	9	14	12	11	11	11	0	0	0	13	14	12	12	12	12	0	8	11	8	
5	0	0	8	8	8	5	6	5	5	5	5	5	9	8	8	8	8	5	5	5	8	9	7	7	7	7	5	6	8	7	
5	0	0	8	8	8	5	6	5	5	5	5	5	9	8	8	8	8	5	5	5	8	9	7	7	7	7	5	6	8	7	
11	8	8	0	0	0	11	3	11	11	11	11	8	12	10	0	0	0	11	11	11	12	12	8	8	8	8	11	3	0	11	
11	8	8	0	0	0	11	3	11	11	11	11	8	12	10	0	0	0	11	11	11	12	12	8	8	8	8	11	3	0	11	
11	8	8	0	0	0	11	3	11	11	11	11	8	12	10	0	0	0	11	11	11	12	12	8	8	8	8	11	3	0	11	
0	5	5	11	11	11	0	8	0	0	0	0	9	14	12	11	11	11	0	0	0	13	14	12	12	12	12	0	8	11	8	
8	6	6	3	3	3	8	0	8	8	8	8	5	11	7	3	3	3	8	8	8	10	11	5	5	5	5	8	0	3	10	
0	5	5	11	11	11	0	8	0	0	0	0	9	14	12	11	11	11	0	0	0	13	14	12	12	12	12	0	8	11	8	
0	5	5	11	11	11	0	8	0	0	0	0	9	14	12	11	11	11	0	0	0	13	14	12	12	12	12	0	8	11	8	
0	5	5	11	11	11	0	8	0	0	0	0	9	14	12	11	11	11	0	0	0	13	14	12	12	12	12	0	8	11	8	
0	5	5	11	11	11	0	8	0	0	0	0	9	14	12	11	11	11	0	0	0	13	14	12	12	12	12	0	8	11	8	
9	5	5	8	8	8	9	5	9	9	9	9	0	10	7	8	8	8	9	9	9	11	10	5	5	5	5	9	5	8	12	
14	9	9	12	12	12	14	11	14	14	14	14	10	0	8	12	12	12	14	14	14	4	0	10	10	10	10	14	11	12	16	
12	8	8	10	10	10	12	7	12	12	12	12	7	8	0	10	10	10	12	12	12	6	8	6	6	6	6	12	7	10	14	
11	8	8	0	0	0	11	3	11	11	11	11	8	12	10	0	0	0	11	11	11	12	12	8	8	8	8	11	3	0	11	
11	8	8	0	0	0	11	3	11	11	11	11	8	12	10	0	0	0	11	11	11	12	12	8	8	8	8	11	3	0	11	
11	8	8	0	0	0	11	3	11	11	11	11	8	12	10	0	0	0	11	11	11	12	12	8	8	8	8	11	3	0	11	
0	5	5	11	11	11	0	8	0	0	0	0	9	14	12	11	11	11	0	0	0	13	14	12	12	12	12	0	8	11	8	
0	5	5	11	11	11	0	8	0	0	0	0	9	14	12	11	11	11	0	0	0	13	14	12	12	12	12	0	8	11	8	
0	5	5	11	11	11	0	8	0	0	0	0	9	14	12	11	11	11	0	0	0	13	14	12	12	12	12	0	8	11	8	
13	8	8	12	12	12	13	10	13	13	13	13	11	4	6	12	12	12	13	13	13	0	4	11	11	11	11	13	10	12	15	
14	9	9	12	12	12	14	11	14	14	14	14	10	0	8	12	12	12	14	14	14	4	0	10	10	10	10	14	11	12	16	
12	7	7	8	8	8	12	5	12	12	12	12	5	10	6	8	8	8	12	12	12	11	10	0	0	0	0	12	5	8	14	
12	7	7	8	8	8	12	5	12	12	12	12	5	10	6	8	8	8	12	12	12	11	10	0	0	0	0	12	5	8	14	
12	7	7	8	8	8	12	5	12	12	12	12	5	10	6	8	8	8	12	12	12	11	10	0	0	0	0	12	5	8	14	
12	7	7	8	8	8	12	5	12	12	12	12	5	10	6	8	8	8	12	12	12	11	10	0	0	0	0	12	5	8	14	
0	5	5	11	11	11	0	8	0	0	0	0	9	14	12	11	11	11	0	0	0	13	14	12	12	12	12	0	8	11	8	
8	6	6	3	3	3	8	0	8	8	8	8	5	11	7	3	3	3	8	8	8	10	11	5	5	5	5	8	0	3	10	
11	8	8	0	0	0	11	3	11	11	11	11	8	12	10	0	0	0	11	11	11	12	12	8	8	8	8	11	3	0	11	
8	7	7	11	11	11	8	10	8	8	8	8	12	16	14	11	11	11	8	8	8	15	16	14	14	14	14	8	10	11	0	

cost:137.0
