Instance Date: 20090503

VehicleTypes---RequestNumber---MaxTravelTime(min)---RestTime(min)
    3              39               90             30

VehicleType---VehicleLunchReadyTime---VehicleLunchDueTime---VehicleLunchDuration---FixedCost--VariableCost--Capacity
    1                    870                    960                     45             100          1         7
    2                    870                    930                     60             150          2         10
    3                    870                    930                     60             200          3         15

LocationID---VhclTypeCons---Weight(kg)---ReadyTime---DueTime---ServiceTime
    0            0              0          450        1230         0
    1            0              8          480        1200         8
    2            0              3          480        1200         8
    3            2              3          480        1200         8
    4            2              3          720         840         8
    5            0              1          480        1200         8
    6            0              1          480        1200         8
    7            0              1          750        1200         8
    8            0              3          480        1200         8
    9            0              1          480         750         8
   10            2              1          480        1200         8
   11            0              3          480        1200         8
   12            0              1          480        1200         8
   13            3             10          720         870         8
   14            0              1          750        1200         8
   15            0              3          750        1200         8
   16            0              3          750        1200         8
   17            0              3          480        1200         8
   18            0              3          893        1043         8
   19            0              1          750        1200         8
   20            0              1          750        1200         8
   21            2              5          480        1200         8
   22            0              3          750        1200         8
   23            0              3          750        1200         8
   24            0              12          480        1200         8
   25            0              3          897        1047         8
   26            0              3          480        1200         8
   27            0              3          480        1200         8
   28            3              8          480        1200         8
   29            0              3          750        1200         8
   30            0              1          750        1200         8
   31            0              3          750        1200         8
   32            0              3          480        1200         8
   33            0              1          480        1200         8
   34            0              1          480        1200         8
   35            0              3          750        1200         8
   36            2              1         1008        1158         8
   37            0              1          750        1200         8
   38            0              1          480        1200         8
   39            0              1          960        1080         8
   40            0             -8          480        1200        10
   41            0             -3          480        1200         3
   42            2             -3          480        1200         9
   43            2             -3          720         860        10
   44            0             -1          480        1200         3
   45            0             -1          480        1200         3
   46            0             -1          750        1200        10
   47            0             -3          480        1200        10
   48            0             -1          480         750         6
   49            2             -1          480        1200        10
   50            0             -3          480        1200        10
   51            0             -1          480        1200         3
   52            3             -10          720         900         3
   53            0             -1          750        1200         3
   54            0             -3          750        1200         3
   55            0             -3          750        1200        10
   56            0             -3          480        1200         3
   57            0             -3          893        1073         3
   58            0             -1          750        1200         3
   59            0             -1          750        1200        12
   60            2             -5          480        1200         3
   61            0             -3          750        1200        10
   62            0             -3          750        1200         3
   63            0             -12          480        1200         3
   64            0             -3          897        1077         3
   65            0             -3          480        1200         3
   66            0             -3          480        1200         3
   67            3             -8          480        1200        10
   68            0             -3          750        1200        10
   69            0             -1          750        1200         3
   70            0             -3          750        1200         3
   71            0             -3          480        1200         3
   72            0             -1          480        1200        10
   73            0             -1          480        1200         3
   74            0             -3          750        1200         3
   75            2             -1         1008        1188         3
   76            0             -1          750        1200        10
   77            0             -1          480        1200        10
   78            0             -1          960        1100        10

Travel Time Between Locations
0	8	8	8	8	8	8	8	8	8	8	8	8	8	8	8	8	8	8	8	8	8	8	8	8	8	8	8	8	8	8	8	8	8	8	8	8	8	8	8	7	10	11	9	7	7	7	7	5	8	8	10	10	10	10	10	8	10	10	10	11	7	12	10	10	10	10	10	1	7	7	10	10	7	10	10	10	7	10
8	0	0	0	0	0	0	0	0	0	0	0	0	0	0	0	0	0	0	0	0	0	0	0	0	0	0	0	0	0	0	0	0	0	0	0	0	0	0	0	12	15	15	8	10	12	12	7	5	11	11	13	12	12	12	12	9	12	12	12	17	12	15	12	12	12	12	12	7	9	12	12	12	6	12	12	12	5	15
8	0	0	0	0	0	0	0	0	0	0	0	0	0	0	0	0	0	0	0	0	0	0	0	0	0	0	0	0	0	0	0	0	0	0	0	0	0	0	0	12	15	15	8	10	12	12	7	5	11	11	13	12	12	12	12	9	12	12	12	17	12	15	12	12	12	12	12	7	9	12	12	12	6	12	12	12	5	15
8	0	0	0	0	0	0	0	0	0	0	0	0	0	0	0	0	0	0	0	0	0	0	0	0	0	0	0	0	0	0	0	0	0	0	0	0	0	0	0	12	15	15	8	10	12	12	7	5	11	11	13	12	12	12	12	9	12	12	12	17	12	15	12	12	12	12	12	7	9	12	12	12	6	12	12	12	5	15
8	0	0	0	0	0	0	0	0	0	0	0	0	0	0	0	0	0	0	0	0	0	0	0	0	0	0	0	0	0	0	0	0	0	0	0	0	0	0	0	12	15	15	8	10	12	12	7	5	11	11	13	12	12	12	12	9	12	12	12	17	12	15	12	12	12	12	12	7	9	12	12	12	6	12	12	12	5	15
8	0	0	0	0	0	0	0	0	0	0	0	0	0	0	0	0	0	0	0	0	0	0	0	0	0	0	0	0	0	0	0	0	0	0	0	0	0	0	0	12	15	15	8	10	12	12	7	5	11	11	13	12	12	12	12	9	12	12	12	17	12	15	12	12	12	12	12	7	9	12	12	12	6	12	12	12	5	15
8	0	0	0	0	0	0	0	0	0	0	0	0	0	0	0	0	0	0	0	0	0	0	0	0	0	0	0	0	0	0	0	0	0	0	0	0	0	0	0	12	15	15	8	10	12	12	7	5	11	11	13	12	12	12	12	9	12	12	12	17	12	15	12	12	12	12	12	7	9	12	12	12	6	12	12	12	5	15
8	0	0	0	0	0	0	0	0	0	0	0	0	0	0	0	0	0	0	0	0	0	0	0	0	0	0	0	0	0	0	0	0	0	0	0	0	0	0	0	12	15	15	8	10	12	12	7	5	11	11	13	12	12	12	12	9	12	12	12	17	12	15	12	12	12	12	12	7	9	12	12	12	6	12	12	12	5	15
8	0	0	0	0	0	0	0	0	0	0	0	0	0	0	0	0	0	0	0	0	0	0	0	0	0	0	0	0	0	0	0	0	0	0	0	0	0	0	0	12	15	15	8	10	12	12	7	5	11	11	13	12	12	12	12	9	12	12	12	17	12	15	12	12	12	12	12	7	9	12	12	12	6	12	12	12	5	15
8	0	0	0	0	0	0	0	0	0	0	0	0	0	0	0	0	0	0	0	0	0	0	0	0	0	0	0	0	0	0	0	0	0	0	0	0	0	0	0	12	15	15	8	10	12	12	7	5	11	11	13	12	12	12	12	9	12	12	12	17	12	15	12	12	12	12	12	7	9	12	12	12	6	12	12	12	5	15
8	0	0	0	0	0	0	0	0	0	0	0	0	0	0	0	0	0	0	0	0	0	0	0	0	0	0	0	0	0	0	0	0	0	0	0	0	0	0	0	12	15	15	8	10	12	12	7	5	11	11	13	12	12	12	12	9	12	12	12	17	12	15	12	12	12	12	12	7	9	12	12	12	6	12	12	12	5	15
8	0	0	0	0	0	0	0	0	0	0	0	0	0	0	0	0	0	0	0	0	0	0	0	0	0	0	0	0	0	0	0	0	0	0	0	0	0	0	0	12	15	15	8	10	12	12	7	5	11	11	13	12	12	12	12	9	12	12	12	17	12	15	12	12	12	12	12	7	9	12	12	12	6	12	12	12	5	15
8	0	0	0	0	0	0	0	0	0	0	0	0	0	0	0	0	0	0	0	0	0	0	0	0	0	0	0	0	0	0	0	0	0	0	0	0	0	0	0	12	15	15	8	10	12	12	7	5	11	11	13	12	12	12	12	9	12	12	12	17	12	15	12	12	12	12	12	7	9	12	12	12	6	12	12	12	5	15
8	0	0	0	0	0	0	0	0	0	0	0	0	0	0	0	0	0	0	0	0	0	0	0	0	0	0	0	0	0	0	0	0	0	0	0	0	0	0	0	12	15	15	8	10	12	12	7	5	11	11	13	12	12	12	12	9	12	12	12	17	12	15	12	12	12	12	12	7	9	12	12	12	6	12	12	12	5	15
8	0	0	0	0	0	0	0	0	0	0	0	0	0	0	0	0	0	0	0	0	0	0	0	0	0	0	0	0	0	0	0	0	0	0	0	0	0	0	0	12	15	15	8	10	12	12	7	5	11	11	13	12	12	12	12	9	12	12	12	17	12	15	12	12	12	12	12	7	9	12	12	12	6	12	12	12	5	15
8	0	0	0	0	0	0	0	0	0	0	0	0	0	0	0	0	0	0	0	0	0	0	0	0	0	0	0	0	0	0	0	0	0	0	0	0	0	0	0	12	15	15	8	10	12	12	7	5	11	11	13	12	12	12	12	9	12	12	12	17	12	15	12	12	12	12	12	7	9	12	12	12	6	12	12	12	5	15
8	0	0	0	0	0	0	0	0	0	0	0	0	0	0	0	0	0	0	0	0	0	0	0	0	0	0	0	0	0	0	0	0	0	0	0	0	0	0	0	12	15	15	8	10	12	12	7	5	11	11	13	12	12	12	12	9	12	12	12	17	12	15	12	12	12	12	12	7	9	12	12	12	6	12	12	12	5	15
8	0	0	0	0	0	0	0	0	0	0	0	0	0	0	0	0	0	0	0	0	0	0	0	0	0	0	0	0	0	0	0	0	0	0	0	0	0	0	0	12	15	15	8	10	12	12	7	5	11	11	13	12	12	12	12	9	12	12	12	17	12	15	12	12	12	12	12	7	9	12	12	12	6	12	12	12	5	15
8	0	0	0	0	0	0	0	0	0	0	0	0	0	0	0	0	0	0	0	0	0	0	0	0	0	0	0	0	0	0	0	0	0	0	0	0	0	0	0	12	15	15	8	10	12	12	7	5	11	11	13	12	12	12	12	9	12	12	12	17	12	15	12	12	12	12	12	7	9	12	12	12	6	12	12	12	5	15
8	0	0	0	0	0	0	0	0	0	0	0	0	0	0	0	0	0	0	0	0	0	0	0	0	0	0	0	0	0	0	0	0	0	0	0	0	0	0	0	12	15	15	8	10	12	12	7	5	11	11	13	12	12	12	12	9	12	12	12	17	12	15	12	12	12	12	12	7	9	12	12	12	6	12	12	12	5	15
8	0	0	0	0	0	0	0	0	0	0	0	0	0	0	0	0	0	0	0	0	0	0	0	0	0	0	0	0	0	0	0	0	0	0	0	0	0	0	0	12	15	15	8	10	12	12	7	5	11	11	13	12	12	12	12	9	12	12	12	17	12	15	12	12	12	12	12	7	9	12	12	12	6	12	12	12	5	15
8	0	0	0	0	0	0	0	0	0	0	0	0	0	0	0	0	0	0	0	0	0	0	0	0	0	0	0	0	0	0	0	0	0	0	0	0	0	0	0	12	15	15	8	10	12	12	7	5	11	11	13	12	12	12	12	9	12	12	12	17	12	15	12	12	12	12	12	7	9	12	12	12	6	12	12	12	5	15
8	0	0	0	0	0	0	0	0	0	0	0	0	0	0	0	0	0	0	0	0	0	0	0	0	0	0	0	0	0	0	0	0	0	0	0	0	0	0	0	12	15	15	8	10	12	12	7	5	11	11	13	12	12	12	12	9	12	12	12	17	12	15	12	12	12	12	12	7	9	12	12	12	6	12	12	12	5	15
8	0	0	0	0	0	0	0	0	0	0	0	0	0	0	0	0	0	0	0	0	0	0	0	0	0	0	0	0	0	0	0	0	0	0	0	0	0	0	0	12	15	15	8	10	12	12	7	5	11	11	13	12	12	12	12	9	12	12	12	17	12	15	12	12	12	12	12	7	9	12	12	12	6	12	12	12	5	15
8	0	0	0	0	0	0	0	0	0	0	0	0	0	0	0	0	0	0	0	0	0	0	0	0	0	0	0	0	0	0	0	0	0	0	0	0	0	0	0	12	15	15	8	10	12	12	7	5	11	11	13	12	12	12	12	9	12	12	12	17	12	15	12	12	12	12	12	7	9	12	12	12	6	12	12	12	5	15
8	0	0	0	0	0	0	0	0	0	0	0	0	0	0	0	0	0	0	0	0	0	0	0	0	0	0	0	0	0	0	0	0	0	0	0	0	0	0	0	12	15	15	8	10	12	12	7	5	11	11	13	12	12	12	12	9	12	12	12	17	12	15	12	12	12	12	12	7	9	12	12	12	6	12	12	12	5	15
8	0	0	0	0	0	0	0	0	0	0	0	0	0	0	0	0	0	0	0	0	0	0	0	0	0	0	0	0	0	0	0	0	0	0	0	0	0	0	0	12	15	15	8	10	12	12	7	5	11	11	13	12	12	12	12	9	12	12	12	17	12	15	12	12	12	12	12	7	9	12	12	12	6	12	12	12	5	15
8	0	0	0	0	0	0	0	0	0	0	0	0	0	0	0	0	0	0	0	0	0	0	0	0	0	0	0	0	0	0	0	0	0	0	0	0	0	0	0	12	15	15	8	10	12	12	7	5	11	11	13	12	12	12	12	9	12	12	12	17	12	15	12	12	12	12	12	7	9	12	12	12	6	12	12	12	5	15
8	0	0	0	0	0	0	0	0	0	0	0	0	0	0	0	0	0	0	0	0	0	0	0	0	0	0	0	0	0	0	0	0	0	0	0	0	0	0	0	12	15	15	8	10	12	12	7	5	11	11	13	12	12	12	12	9	12	12	12	17	12	15	12	12	12	12	12	7	9	12	12	12	6	12	12	12	5	15
8	0	0	0	0	0	0	0	0	0	0	0	0	0	0	0	0	0	0	0	0	0	0	0	0	0	0	0	0	0	0	0	0	0	0	0	0	0	0	0	12	15	15	8	10	12	12	7	5	11	11	13	12	12	12	12	9	12	12	12	17	12	15	12	12	12	12	12	7	9	12	12	12	6	12	12	12	5	15
8	0	0	0	0	0	0	0	0	0	0	0	0	0	0	0	0	0	0	0	0	0	0	0	0	0	0	0	0	0	0	0	0	0	0	0	0	0	0	0	12	15	15	8	10	12	12	7	5	11	11	13	12	12	12	12	9	12	12	12	17	12	15	12	12	12	12	12	7	9	12	12	12	6	12	12	12	5	15
8	0	0	0	0	0	0	0	0	0	0	0	0	0	0	0	0	0	0	0	0	0	0	0	0	0	0	0	0	0	0	0	0	0	0	0	0	0	0	0	12	15	15	8	10	12	12	7	5	11	11	13	12	12	12	12	9	12	12	12	17	12	15	12	12	12	12	12	7	9	12	12	12	6	12	12	12	5	15
8	0	0	0	0	0	0	0	0	0	0	0	0	0	0	0	0	0	0	0	0	0	0	0	0	0	0	0	0	0	0	0	0	0	0	0	0	0	0	0	12	15	15	8	10	12	12	7	5	11	11	13	12	12	12	12	9	12	12	12	17	12	15	12	12	12	12	12	7	9	12	12	12	6	12	12	12	5	15
8	0	0	0	0	0	0	0	0	0	0	0	0	0	0	0	0	0	0	0	0	0	0	0	0	0	0	0	0	0	0	0	0	0	0	0	0	0	0	0	12	15	15	8	10	12	12	7	5	11	11	13	12	12	12	12	9	12	12	12	17	12	15	12	12	12	12	12	7	9	12	12	12	6	12	12	12	5	15
8	0	0	0	0	0	0	0	0	0	0	0	0	0	0	0	0	0	0	0	0	0	0	0	0	0	0	0	0	0	0	0	0	0	0	0	0	0	0	0	12	15	15	8	10	12	12	7	5	11	11	13	12	12	12	12	9	12	12	12	17	12	15	12	12	12	12	12	7	9	12	12	12	6	12	12	12	5	15
8	0	0	0	0	0	0	0	0	0	0	0	0	0	0	0	0	0	0	0	0	0	0	0	0	0	0	0	0	0	0	0	0	0	0	0	0	0	0	0	12	15	15	8	10	12	12	7	5	11	11	13	12	12	12	12	9	12	12	12	17	12	15	12	12	12	12	12	7	9	12	12	12	6	12	12	12	5	15
8	0	0	0	0	0	0	0	0	0	0	0	0	0	0	0	0	0	0	0	0	0	0	0	0	0	0	0	0	0	0	0	0	0	0	0	0	0	0	0	12	15	15	8	10	12	12	7	5	11	11	13	12	12	12	12	9	12	12	12	17	12	15	12	12	12	12	12	7	9	12	12	12	6	12	12	12	5	15
8	0	0	0	0	0	0	0	0	0	0	0	0	0	0	0	0	0	0	0	0	0	0	0	0	0	0	0	0	0	0	0	0	0	0	0	0	0	0	0	12	15	15	8	10	12	12	7	5	11	11	13	12	12	12	12	9	12	12	12	17	12	15	12	12	12	12	12	7	9	12	12	12	6	12	12	12	5	15
8	0	0	0	0	0	0	0	0	0	0	0	0	0	0	0	0	0	0	0	0	0	0	0	0	0	0	0	0	0	0	0	0	0	0	0	0	0	0	0	12	15	15	8	10	12	12	7	5	11	11	13	12	12	12	12	9	12	12	12	17	12	15	12	12	12	12	12	7	9	12	12	12	6	12	12	12	5	15
8	0	0	0	0	0	0	0	0	0	0	0	0	0	0	0	0	0	0	0	0	0	0	0	0	0	0	0	0	0	0	0	0	0	0	0	0	0	0	0	12	15	15	8	10	12	12	7	5	11	11	13	12	12	12	12	9	12	12	12	17	12	15	12	12	12	12	12	7	9	12	12	12	6	12	12	12	5	15
7	12	12	12	12	12	12	12	12	12	12	12	12	12	12	12	12	12	12	12	12	12	12	12	12	12	12	12	12	12	12	12	12	12	12	12	12	12	12	12	0	6	7	6	4	0	0	8	10	6	6	7	8	8	8	8	6	8	8	8	10	0	5	8	8	8	8	8	7	5	0	8	8	9	8	8	8	13	7
10	15	15	15	15	15	15	15	15	15	15	15	15	15	15	15	15	15	15	15	15	15	15	15	15	15	15	15	15	15	15	15	15	15	15	15	15	15	15	15	6	0	1	9	9	6	6	11	12	7	7	2	10	10	10	10	10	10	10	10	9	6	3	10	10	10	10	10	10	8	6	10	10	11	10	10	10	15	3
11	15	15	15	15	15	15	15	15	15	15	15	15	15	15	15	15	15	15	15	15	15	15	15	15	15	15	15	15	15	15	15	15	15	15	15	15	15	15	15	7	1	0	9	9	7	7	11	13	7	7	2	10	10	10	10	9	10	10	10	9	7	3	10	10	10	10	10	11	8	7	10	10	12	10	10	10	14	3
9	8	8	8	8	8	8	8	8	8	8	8	8	8	8	8	8	8	8	8	8	8	8	8	8	8	8	8	8	8	8	8	8	8	8	8	8	8	8	8	6	9	9	0	2	6	6	4	6	7	7	9	6	6	6	6	1	6	6	6	13	6	8	6	6	6	6	6	8	5	6	6	6	7	6	6	6	9	10
7	10	10	10	10	10	10	10	10	10	10	10	10	10	10	10	10	10	10	10	10	10	10	10	10	10	10	10	10	10	10	10	10	10	10	10	10	10	10	10	4	9	9	2	0	4	4	6	8	6	6	9	6	6	6	6	3	6	6	6	12	4	6	6	6	6	6	6	7	4	4	6	6	7	6	6	6	11	10
7	12	12	12	12	12	12	12	12	12	12	12	12	12	12	12	12	12	12	12	12	12	12	12	12	12	12	12	12	12	12	12	12	12	12	12	12	12	12	12	0	6	7	6	4	0	0	8	10	6	6	7	8	8	8	8	6	8	8	8	10	0	5	8	8	8	8	8	7	5	0	8	8	9	8	8	8	13	7
7	12	12	12	12	12	12	12	12	12	12	12	12	12	12	12	12	12	12	12	12	12	12	12	12	12	12	12	12	12	12	12	12	12	12	12	12	12	12	12	0	6	7	6	4	0	0	8	10	6	6	7	8	8	8	8	6	8	8	8	10	0	5	8	8	8	8	8	7	5	0	8	8	9	8	8	8	13	7
7	7	7	7	7	7	7	7	7	7	7	7	7	7	7	7	7	7	7	7	7	7	7	7	7	7	7	7	7	7	7	7	7	7	7	7	7	7	7	7	8	11	11	4	6	8	8	0	2	9	9	13	8	8	8	8	3	8	8	8	16	8	10	8	8	8	8	8	6	8	8	8	8	8	8	8	8	5	13
5	5	5	5	5	5	5	5	5	5	5	5	5	5	5	5	5	5	5	5	5	5	5	5	5	5	5	5	5	5	5	5	5	5	5	5	5	5	5	5	10	12	13	6	8	10	10	2	0	9	9	11	9	9	9	9	5	9	9	9	14	10	12	9	9	9	9	9	4	7	10	9	9	8	9	9	9	3	12
8	11	11	11	11	11	11	11	11	11	11	11	11	11	11	11	11	11	11	11	11	11	11	11	11	11	11	11	11	11	11	11	11	11	11	11	11	11	11	11	6	7	7	7	6	6	6	9	9	0	0	7	8	8	8	8	6	8	8	8	10	6	9	8	8	8	8	8	7	6	6	8	8	8	8	8	8	12	7
8	11	11	11	11	11	11	11	11	11	11	11	11	11	11	11	11	11	11	11	11	11	11	11	11	11	11	11	11	11	11	11	11	11	11	11	11	11	11	11	6	7	7	7	6	6	6	9	9	0	0	7	8	8	8	8	6	8	8	8	10	6	9	8	8	8	8	8	7	6	6	8	8	8	8	8	8	12	7
10	13	13	13	13	13	13	13	13	13	13	13	13	13	13	13	13	13	13	13	13	13	13	13	13	13	13	13	13	13	13	13	13	13	13	13	13	13	13	13	7	2	2	9	9	7	7	13	11	7	7	0	8	8	8	8	10	8	8	8	11	7	5	8	8	8	8	8	11	6	7	8	8	11	8	8	8	14	3
10	12	12	12	12	12	12	12	12	12	12	12	12	12	12	12	12	12	12	12	12	12	12	12	12	12	12	12	12	12	12	12	12	12	12	12	12	12	12	12	8	10	10	6	6	8	8	8	9	8	8	8	0	0	0	0	5	0	0	0	12	8	10	0	0	0	0	0	10	8	8	0	0	7	0	0	0	11	9
10	12	12	12	12	12	12	12	12	12	12	12	12	12	12	12	12	12	12	12	12	12	12	12	12	12	12	12	12	12	12	12	12	12	12	12	12	12	12	12	8	10	10	6	6	8	8	8	9	8	8	8	0	0	0	0	5	0	0	0	12	8	10	0	0	0	0	0	10	8	8	0	0	7	0	0	0	11	9
10	12	12	12	12	12	12	12	12	12	12	12	12	12	12	12	12	12	12	12	12	12	12	12	12	12	12	12	12	12	12	12	12	12	12	12	12	12	12	12	8	10	10	6	6	8	8	8	9	8	8	8	0	0	0	0	5	0	0	0	12	8	10	0	0	0	0	0	10	8	8	0	0	7	0	0	0	11	9
10	12	12	12	12	12	12	12	12	12	12	12	12	12	12	12	12	12	12	12	12	12	12	12	12	12	12	12	12	12	12	12	12	12	12	12	12	12	12	12	8	10	10	6	6	8	8	8	9	8	8	8	0	0	0	0	5	0	0	0	12	8	10	0	0	0	0	0	10	8	8	0	0	7	0	0	0	11	9
8	9	9	9	9	9	9	9	9	9	9	9	9	9	9	9	9	9	9	9	9	9	9	9	9	9	9	9	9	9	9	9	9	9	9	9	9	9	9	9	6	10	9	1	3	6	6	3	5	6	6	10	5	5	5	5	0	5	5	5	13	6	7	5	5	5	5	5	8	5	6	5	5	6	5	5	5	8	10
10	12	12	12	12	12	12	12	12	12	12	12	12	12	12	12	12	12	12	12	12	12	12	12	12	12	12	12	12	12	12	12	12	12	12	12	12	12	12	12	8	10	10	6	6	8	8	8	9	8	8	8	0	0	0	0	5	0	0	0	12	8	10	0	0	0	0	0	10	8	8	0	0	7	0	0	0	11	9
10	12	12	12	12	12	12	12	12	12	12	12	12	12	12	12	12	12	12	12	12	12	12	12	12	12	12	12	12	12	12	12	12	12	12	12	12	12	12	12	8	10	10	6	6	8	8	8	9	8	8	8	0	0	0	0	5	0	0	0	12	8	10	0	0	0	0	0	10	8	8	0	0	7	0	0	0	11	9
10	12	12	12	12	12	12	12	12	12	12	12	12	12	12	12	12	12	12	12	12	12	12	12	12	12	12	12	12	12	12	12	12	12	12	12	12	12	12	12	8	10	10	6	6	8	8	8	9	8	8	8	0	0	0	0	5	0	0	0	12	8	10	0	0	0	0	0	10	8	8	0	0	7	0	0	0	11	9
11	17	17	17	17	17	17	17	17	17	17	17	17	17	17	17	17	17	17	17	17	17	17	17	17	17	17	17	17	17	17	17	17	17	17	17	17	17	17	17	10	9	9	13	12	10	10	16	14	10	10	11	12	12	12	12	13	12	12	12	0	10	10	12	12	12	12	12	10	9	10	12	12	14	12	12	12	17	8
7	12	12	12	12	12	12	12	12	12	12	12	12	12	12	12	12	12	12	12	12	12	12	12	12	12	12	12	12	12	12	12	12	12	12	12	12	12	12	12	0	6	7	6	4	0	0	8	10	6	6	7	8	8	8	8	6	8	8	8	10	0	5	8	8	8	8	8	7	5	0	8	8	9	8	8	8	13	7
12	15	15	15	15	15	15	15	15	15	15	15	15	15	15	15	15	15	15	15	15	15	15	15	15	15	15	15	15	15	15	15	15	15	15	15	15	15	15	15	5	3	3	8	6	5	5	10	12	9	9	5	10	10	10	10	7	10	10	10	10	5	0	10	10	10	10	10	12	6	5	10	10	11	10	10	10	15	5
10	12	12	12	12	12	12	12	12	12	12	12	12	12	12	12	12	12	12	12	12	12	12	12	12	12	12	12	12	12	12	12	12	12	12	12	12	12	12	12	8	10	10	6	6	8	8	8	9	8	8	8	0	0	0	0	5	0	0	0	12	8	10	0	0	0	0	0	10	8	8	0	0	7	0	0	0	11	9
10	12	12	12	12	12	12	12	12	12	12	12	12	12	12	12	12	12	12	12	12	12	12	12	12	12	12	12	12	12	12	12	12	12	12	12	12	12	12	12	8	10	10	6	6	8	8	8	9	8	8	8	0	0	0	0	5	0	0	0	12	8	10	0	0	0	0	0	10	8	8	0	0	7	0	0	0	11	9
10	12	12	12	12	12	12	12	12	12	12	12	12	12	12	12	12	12	12	12	12	12	12	12	12	12	12	12	12	12	12	12	12	12	12	12	12	12	12	12	8	10	10	6	6	8	8	8	9	8	8	8	0	0	0	0	5	0	0	0	12	8	10	0	0	0	0	0	10	8	8	0	0	7	0	0	0	11	9
10	12	12	12	12	12	12	12	12	12	12	12	12	12	12	12	12	12	12	12	12	12	12	12	12	12	12	12	12	12	12	12	12	12	12	12	12	12	12	12	8	10	10	6	6	8	8	8	9	8	8	8	0	0	0	0	5	0	0	0	12	8	10	0	0	0	0	0	10	8	8	0	0	7	0	0	0	11	9
10	12	12	12	12	12	12	12	12	12	12	12	12	12	12	12	12	12	12	12	12	12	12	12	12	12	12	12	12	12	12	12	12	12	12	12	12	12	12	12	8	10	10	6	6	8	8	8	9	8	8	8	0	0	0	0	5	0	0	0	12	8	10	0	0	0	0	0	10	8	8	0	0	7	0	0	0	11	9
1	7	7	7	7	7	7	7	7	7	7	7	7	7	7	7	7	7	7	7	7	7	7	7	7	7	7	7	7	7	7	7	7	7	7	7	7	7	7	7	7	10	11	8	7	7	7	6	4	7	7	11	10	10	10	10	8	10	10	10	10	7	12	10	10	10	10	10	0	7	7	10	10	8	10	10	10	7	10
7	9	9	9	9	9	9	9	9	9	9	9	9	9	9	9	9	9	9	9	9	9	9	9	9	9	9	9	9	9	9	9	9	9	9	9	9	9	9	9	5	8	8	5	4	5	5	8	7	6	6	6	8	8	8	8	5	8	8	8	9	5	6	8	8	8	8	8	7	0	5	8	8	6	8	8	8	10	6
7	12	12	12	12	12	12	12	12	12	12	12	12	12	12	12	12	12	12	12	12	12	12	12	12	12	12	12	12	12	12	12	12	12	12	12	12	12	12	12	0	6	7	6	4	0	0	8	10	6	6	7	8	8	8	8	6	8	8	8	10	0	5	8	8	8	8	8	7	5	0	8	8	9	8	8	8	13	7
10	12	12	12	12	12	12	12	12	12	12	12	12	12	12	12	12	12	12	12	12	12	12	12	12	12	12	12	12	12	12	12	12	12	12	12	12	12	12	12	8	10	10	6	6	8	8	8	9	8	8	8	0	0	0	0	5	0	0	0	12	8	10	0	0	0	0	0	10	8	8	0	0	7	0	0	0	11	9
10	12	12	12	12	12	12	12	12	12	12	12	12	12	12	12	12	12	12	12	12	12	12	12	12	12	12	12	12	12	12	12	12	12	12	12	12	12	12	12	8	10	10	6	6	8	8	8	9	8	8	8	0	0	0	0	5	0	0	0	12	8	10	0	0	0	0	0	10	8	8	0	0	7	0	0	0	11	9
7	6	6	6	6	6	6	6	6	6	6	6	6	6	6	6	6	6	6	6	6	6	6	6	6	6	6	6	6	6	6	6	6	6	6	6	6	6	6	6	9	11	12	7	7	9	9	8	8	8	8	11	7	7	7	7	6	7	7	7	14	9	11	7	7	7	7	7	8	6	9	7	7	0	7	7	7	8	12
10	12	12	12	12	12	12	12	12	12	12	12	12	12	12	12	12	12	12	12	12	12	12	12	12	12	12	12	12	12	12	12	12	12	12	12	12	12	12	12	8	10	10	6	6	8	8	8	9	8	8	8	0	0	0	0	5	0	0	0	12	8	10	0	0	0	0	0	10	8	8	0	0	7	0	0	0	11	9
10	12	12	12	12	12	12	12	12	12	12	12	12	12	12	12	12	12	12	12	12	12	12	12	12	12	12	12	12	12	12	12	12	12	12	12	12	12	12	12	8	10	10	6	6	8	8	8	9	8	8	8	0	0	0	0	5	0	0	0	12	8	10	0	0	0	0	0	10	8	8	0	0	7	0	0	0	11	9
10	12	12	12	12	12	12	12	12	12	12	12	12	12	12	12	12	12	12	12	12	12	12	12	12	12	12	12	12	12	12	12	12	12	12	12	12	12	12	12	8	10	10	6	6	8	8	8	9	8	8	8	0	0	0	0	5	0	0	0	12	8	10	0	0	0	0	0	10	8	8	0	0	7	0	0	0	11	9
7	5	5	5	5	5	5	5	5	5	5	5	5	5	5	5	5	5	5	5	5	5	5	5	5	5	5	5	5	5	5	5	5	5	5	5	5	5	5	5	13	15	14	9	11	13	13	5	3	12	12	14	11	11	11	11	8	11	11	11	17	13	15	11	11	11	11	11	7	10	13	11	11	8	11	11	11	0	14
10	15	15	15	15	15	15	15	15	15	15	15	15	15	15	15	15	15	15	15	15	15	15	15	15	15	15	15	15	15	15	15	15	15	15	15	15	15	15	15	7	3	3	10	10	7	7	13	12	7	7	3	9	9	9	9	10	9	9	9	8	7	5	9	9	9	9	9	10	6	7	9	9	12	9	9	9	14	0
 


