Instance Date: 20090118

VehicleNumber---RequestNumber---MaxTravelTime---DisinfectionTime
    2              46               90             30

VehicleCapacity---VehicleLunchReadyTime---VehicleLunchDueTime---VehicleLunchDuration
    8                    870                    930                     60

LocationID---StaffDemand---SeatDemand---ReadyTime---DueTime---ServiceTime
    0            0              0          450        1230         0
    1            2              3          480         750         8
    2            2              3          699         849         8
    3            2              1          690         840         8
    4            2              1          480        1200         8
    5            3              1          480         750         8
    6            2              1          480         750         8
    7            2              1          480         750         8
    8            2              1          750        1200         8
    9            2              1          600         750         8
   10            2              1          750        1200         8
   11            2              1          480        1200         8
   12            2              1          480         750         8
   13            3              1          480        1200         8
   14            2              3          750        1200         8
   15            2              1          805         955         8
   16            2              1          806         956         8
   17            2              1          732         882         8
   18            2              1          480        1200         8
   19            3              3          480        1200         8
   20            2              3          480        1200         8
   21            2              1          870        1020         8
   22            2              3          480        1200         8
   23            2              3          700         850         8
   24            2              3          480         750         8
   25            2              1          780         930         8
   26            2              1          480        1200         8
   27            2              3          750        1200         8
   28            3              3          480        1200         8
   29            3              3          480        1200         8
   30            2              3          750        1200         8
   31            2              3          750        1200         8
   32            2              3          750        1200         8
   33            2              3          480        1200         8
   34            2              1          480        1200         8
   35            2              3          750        1200         8
   36            2              1          750        1200         8
   37            2              1          750        1200         8
   38            2              3          840         990         8
   39            2              3          480        1200         8
   40            2              1          781         901         8
   41            3              3          750        1200         8
   42            3              3          750        1200         8
   43            2              3          480        1200         8
   44            2              3          860        1010         8
   45            2              1          480        1200         8
   46            2              1          750        1200         8
   47            2             -3          480         750         3
   48            2             -3          699         879         3
   49            2             -1          690         870         3
   50            2             -1          480        1200         3
   51            3             -1          480         750         3
   52            2             -1          480         750        10
   53            2             -1          480         750        10
   54            2             -1          750        1200        10
   55            2             -1          600         780         3
   56            2             -1          750        1200        10
   57            2             -1          480        1200        10
   58            2             -1          480         750        10
   59            3             -1          480        1200         3
   60            2             -3          750        1200         3
   61            2             -1          805         985         3
   62            2             -1          806         986         3
   63            2             -1          732         912         3
   64            2             -1          480        1200         3
   65            3             -3          480        1200         3
   66            2             -3          480        1200         3
   67            2             -1          870        1050         3
   68            2             -3          480        1200         3
   69            2             -3          700         880         3
   70            2             -3          480         750         3
   71            2             -1          780         960         3
   72            2             -1          480        1200        10
   73            2             -3          750        1200         3
   74            3             -3          480        1200        10
   75            3             -3          480        1200         3
   76            2             -3          750        1200         3
   77            2             -3          750        1200         3
   78            2             -3          750        1200         3
   79            2             -3          480        1200         3
   80            2             -1          480        1200         3
   81            2             -3          750        1200        10
   82            2             -1          750        1200        10
   83            2             -1          750        1200         3
   84            2             -3          840        1020         3
   85            2             -3          480        1200         3
   86            2             -1          781         921        10
   87            3             -3          750        1200         3
   88            3             -3          750        1200         3
   89            2             -3          480        1200         3
   90            2             -3          860        1040         3
   91            2             -1          480        1200         3
   92            2             -1          750        1200        10

Travel Time Between Locations
 0  0  0  0  0 12  0  0  0  0  0  0  0  0  0  0  0  0 12  0  0  0  0  0  0  0  0  0  0  0  0  0  0  0  0  0  0  0  0  0  0  0  0  0  0  0  0 12 12 12 12 11 14 17 17 16  6  7  7  7 12 12 12 12  0 12 12 12 12 12 12 12 16 12 17 12 12 12 12 12 12  7  9 12 12 12  7  8 11 12 12 12  6 
 0  0  0  0  0 12  0  0  0  0  0  0  0  0  0  0  0  0 12  0  0  0  0  0  0  0  0  0  0  0  0  0  0  0  0  0  0  0  0  0  0  0  0  0  0  0  0 12 12 12 12 11 14 17 17 16  6  7  7  7 12 12 12 12  0 12 12 12 12 12 12 12 16 12 17 12 12 12 12 12 12  7  9 12 12 12  7  8 11 12 12 12  6 
 0  0  0  0  0 12  0  0  0  0  0  0  0  0  0  0  0  0 12  0  0  0  0  0  0  0  0  0  0  0  0  0  0  0  0  0  0  0  0  0  0  0  0  0  0  0  0 12 12 12 12 11 14 17 17 16  6  7  7  7 12 12 12 12  0 12 12 12 12 12 12 12 16 12 17 12 12 12 12 12 12  7  9 12 12 12  7  8 11 12 12 12  6 
 0  0  0  0  0 12  0  0  0  0  0  0  0  0  0  0  0  0 12  0  0  0  0  0  0  0  0  0  0  0  0  0  0  0  0  0  0  0  0  0  0  0  0  0  0  0  0 12 12 12 12 11 14 17 17 16  6  7  7  7 12 12 12 12  0 12 12 12 12 12 12 12 16 12 17 12 12 12 12 12 12  7  9 12 12 12  7  8 11 12 12 12  6 
 0  0  0  0  0 12  0  0  0  0  0  0  0  0  0  0  0  0 12  0  0  0  0  0  0  0  0  0  0  0  0  0  0  0  0  0  0  0  0  0  0  0  0  0  0  0  0 12 12 12 12 11 14 17 17 16  6  7  7  7 12 12 12 12  0 12 12 12 12 12 12 12 16 12 17 12 12 12 12 12 12  7  9 12 12 12  7  8 11 12 12 12  6 
12 12 12 12 12  0 12 12 12 12 12 12 12 12 12 12 12 12  8 12 12 12 12 12 12 12 12 12 12 12 12 12 12 12 12 12 12 12 12 12 12 12 12 12 12 12 12  0  0  0  0  6  5  7  7 12 10 10 10 15  8  8  8  8 12  0  0  0  0  0  0  0  4  0  7  0  8  8  8  8  8  9 10  8  8  8  7  7  6  8  8  8 11 
 0  0  0  0  0 12  0  0  0  0  0  0  0  0  0  0  0  0 12  0  0  0  0  0  0  0  0  0  0  0  0  0  0  0  0  0  0  0  0  0  0  0  0  0  0  0  0 12 12 12 12 11 14 17 17 16  6  7  7  7 12 12 12 12  0 12 12 12 12 12 12 12 16 12 17 12 12 12 12 12 12  7  9 12 12 12  7  8 11 12 12 12  6 
 0  0  0  0  0 12  0  0  0  0  0  0  0  0  0  0  0  0 12  0  0  0  0  0  0  0  0  0  0  0  0  0  0  0  0  0  0  0  0  0  0  0  0  0  0  0  0 12 12 12 12 11 14 17 17 16  6  7  7  7 12 12 12 12  0 12 12 12 12 12 12 12 16 12 17 12 12 12 12 12 12  7  9 12 12 12  7  8 11 12 12 12  6 
 0  0  0  0  0 12  0  0  0  0  0  0  0  0  0  0  0  0 12  0  0  0  0  0  0  0  0  0  0  0  0  0  0  0  0  0  0  0  0  0  0  0  0  0  0  0  0 12 12 12 12 11 14 17 17 16  6  7  7  7 12 12 12 12  0 12 12 12 12 12 12 12 16 12 17 12 12 12 12 12 12  7  9 12 12 12  7  8 11 12 12 12  6 
 0  0  0  0  0 12  0  0  0  0  0  0  0  0  0  0  0  0 12  0  0  0  0  0  0  0  0  0  0  0  0  0  0  0  0  0  0  0  0  0  0  0  0  0  0  0  0 12 12 12 12 11 14 17 17 16  6  7  7  7 12 12 12 12  0 12 12 12 12 12 12 12 16 12 17 12 12 12 12 12 12  7  9 12 12 12  7  8 11 12 12 12  6 
 0  0  0  0  0 12  0  0  0  0  0  0  0  0  0  0  0  0 12  0  0  0  0  0  0  0  0  0  0  0  0  0  0  0  0  0  0  0  0  0  0  0  0  0  0  0  0 12 12 12 12 11 14 17 17 16  6  7  7  7 12 12 12 12  0 12 12 12 12 12 12 12 16 12 17 12 12 12 12 12 12  7  9 12 12 12  7  8 11 12 12 12  6 
 0  0  0  0  0 12  0  0  0  0  0  0  0  0  0  0  0  0 12  0  0  0  0  0  0  0  0  0  0  0  0  0  0  0  0  0  0  0  0  0  0  0  0  0  0  0  0 12 12 12 12 11 14 17 17 16  6  7  7  7 12 12 12 12  0 12 12 12 12 12 12 12 16 12 17 12 12 12 12 12 12  7  9 12 12 12  7  8 11 12 12 12  6 
 0  0  0  0  0 12  0  0  0  0  0  0  0  0  0  0  0  0 12  0  0  0  0  0  0  0  0  0  0  0  0  0  0  0  0  0  0  0  0  0  0  0  0  0  0  0  0 12 12 12 12 11 14 17 17 16  6  7  7  7 12 12 12 12  0 12 12 12 12 12 12 12 16 12 17 12 12 12 12 12 12  7  9 12 12 12  7  8 11 12 12 12  6 
 0  0  0  0  0 12  0  0  0  0  0  0  0  0  0  0  0  0 12  0  0  0  0  0  0  0  0  0  0  0  0  0  0  0  0  0  0  0  0  0  0  0  0  0  0  0  0 12 12 12 12 11 14 17 17 16  6  7  7  7 12 12 12 12  0 12 12 12 12 12 12 12 16 12 17 12 12 12 12 12 12  7  9 12 12 12  7  8 11 12 12 12  6 
 0  0  0  0  0 12  0  0  0  0  0  0  0  0  0  0  0  0 12  0  0  0  0  0  0  0  0  0  0  0  0  0  0  0  0  0  0  0  0  0  0  0  0  0  0  0  0 12 12 12 12 11 14 17 17 16  6  7  7  7 12 12 12 12  0 12 12 12 12 12 12 12 16 12 17 12 12 12 12 12 12  7  9 12 12 12  7  8 11 12 12 12  6 
 0  0  0  0  0 12  0  0  0  0  0  0  0  0  0  0  0  0 12  0  0  0  0  0  0  0  0  0  0  0  0  0  0  0  0  0  0  0  0  0  0  0  0  0  0  0  0 12 12 12 12 11 14 17 17 16  6  7  7  7 12 12 12 12  0 12 12 12 12 12 12 12 16 12 17 12 12 12 12 12 12  7  9 12 12 12  7  8 11 12 12 12  6 
 0  0  0  0  0 12  0  0  0  0  0  0  0  0  0  0  0  0 12  0  0  0  0  0  0  0  0  0  0  0  0  0  0  0  0  0  0  0  0  0  0  0  0  0  0  0  0 12 12 12 12 11 14 17 17 16  6  7  7  7 12 12 12 12  0 12 12 12 12 12 12 12 16 12 17 12 12 12 12 12 12  7  9 12 12 12  7  8 11 12 12 12  6 
 0  0  0  0  0 12  0  0  0  0  0  0  0  0  0  0  0  0 12  0  0  0  0  0  0  0  0  0  0  0  0  0  0  0  0  0  0  0  0  0  0  0  0  0  0  0  0 12 12 12 12 11 14 17 17 16  6  7  7  7 12 12 12 12  0 12 12 12 12 12 12 12 16 12 17 12 12 12 12 12 12  7  9 12 12 12  7  8 11 12 12 12  6 
12 12 12 12 12  8 12 12 12 12 12 12 12 12 12 12 12 12  0 12 12 12 12 12 12 12 12 12 12 12 12 12 12 12 12 12 12 12 12 12 12 12 12 12 12 12 12  8  8  8  8  8 11 10 10 17 10 10 10 14  0  0  0  0 12  8  8  8  8  8  8  8 11  8  9  8  0  0  0  0  0 10  8  0  0  0  7  8  8  0  0  0  8 
 0  0  0  0  0 12  0  0  0  0  0  0  0  0  0  0  0  0 12  0  0  0  0  0  0  0  0  0  0  0  0  0  0  0  0  0  0  0  0  0  0  0  0  0  0  0  0 12 12 12 12 11 14 17 17 16  6  7  7  7 12 12 12 12  0 12 12 12 12 12 12 12 16 12 17 12 12 12 12 12 12  7  9 12 12 12  7  8 11 12 12 12  6 
 0  0  0  0  0 12  0  0  0  0  0  0  0  0  0  0  0  0 12  0  0  0  0  0  0  0  0  0  0  0  0  0  0  0  0  0  0  0  0  0  0  0  0  0  0  0  0 12 12 12 12 11 14 17 17 16  6  7  7  7 12 12 12 12  0 12 12 12 12 12 12 12 16 12 17 12 12 12 12 12 12  7  9 12 12 12  7  8 11 12 12 12  6 
 0  0  0  0  0 12  0  0  0  0  0  0  0  0  0  0  0  0 12  0  0  0  0  0  0  0  0  0  0  0  0  0  0  0  0  0  0  0  0  0  0  0  0  0  0  0  0 12 12 12 12 11 14 17 17 16  6  7  7  7 12 12 12 12  0 12 12 12 12 12 12 12 16 12 17 12 12 12 12 12 12  7  9 12 12 12  7  8 11 12 12 12  6 
 0  0  0  0  0 12  0  0  0  0  0  0  0  0  0  0  0  0 12  0  0  0  0  0  0  0  0  0  0  0  0  0  0  0  0  0  0  0  0  0  0  0  0  0  0  0  0 12 12 12 12 11 14 17 17 16  6  7  7  7 12 12 12 12  0 12 12 12 12 12 12 12 16 12 17 12 12 12 12 12 12  7  9 12 12 12  7  8 11 12 12 12  6 
 0  0  0  0  0 12  0  0  0  0  0  0  0  0  0  0  0  0 12  0  0  0  0  0  0  0  0  0  0  0  0  0  0  0  0  0  0  0  0  0  0  0  0  0  0  0  0 12 12 12 12 11 14 17 17 16  6  7  7  7 12 12 12 12  0 12 12 12 12 12 12 12 16 12 17 12 12 12 12 12 12  7  9 12 12 12  7  8 11 12 12 12  6 
 0  0  0  0  0 12  0  0  0  0  0  0  0  0  0  0  0  0 12  0  0  0  0  0  0  0  0  0  0  0  0  0  0  0  0  0  0  0  0  0  0  0  0  0  0  0  0 12 12 12 12 11 14 17 17 16  6  7  7  7 12 12 12 12  0 12 12 12 12 12 12 12 16 12 17 12 12 12 12 12 12  7  9 12 12 12  7  8 11 12 12 12  6 
 0  0  0  0  0 12  0  0  0  0  0  0  0  0  0  0  0  0 12  0  0  0  0  0  0  0  0  0  0  0  0  0  0  0  0  0  0  0  0  0  0  0  0  0  0  0  0 12 12 12 12 11 14 17 17 16  6  7  7  7 12 12 12 12  0 12 12 12 12 12 12 12 16 12 17 12 12 12 12 12 12  7  9 12 12 12  7  8 11 12 12 12  6 
 0  0  0  0  0 12  0  0  0  0  0  0  0  0  0  0  0  0 12  0  0  0  0  0  0  0  0  0  0  0  0  0  0  0  0  0  0  0  0  0  0  0  0  0  0  0  0 12 12 12 12 11 14 17 17 16  6  7  7  7 12 12 12 12  0 12 12 12 12 12 12 12 16 12 17 12 12 12 12 12 12  7  9 12 12 12  7  8 11 12 12 12  6 
 0  0  0  0  0 12  0  0  0  0  0  0  0  0  0  0  0  0 12  0  0  0  0  0  0  0  0  0  0  0  0  0  0  0  0  0  0  0  0  0  0  0  0  0  0  0  0 12 12 12 12 11 14 17 17 16  6  7  7  7 12 12 12 12  0 12 12 12 12 12 12 12 16 12 17 12 12 12 12 12 12  7  9 12 12 12  7  8 11 12 12 12  6 
 0  0  0  0  0 12  0  0  0  0  0  0  0  0  0  0  0  0 12  0  0  0  0  0  0  0  0  0  0  0  0  0  0  0  0  0  0  0  0  0  0  0  0  0  0  0  0 12 12 12 12 11 14 17 17 16  6  7  7  7 12 12 12 12  0 12 12 12 12 12 12 12 16 12 17 12 12 12 12 12 12  7  9 12 12 12  7  8 11 12 12 12  6 
 0  0  0  0  0 12  0  0  0  0  0  0  0  0  0  0  0  0 12  0  0  0  0  0  0  0  0  0  0  0  0  0  0  0  0  0  0  0  0  0  0  0  0  0  0  0  0 12 12 12 12 11 14 17 17 16  6  7  7  7 12 12 12 12  0 12 12 12 12 12 12 12 16 12 17 12 12 12 12 12 12  7  9 12 12 12  7  8 11 12 12 12  6 
 0  0  0  0  0 12  0  0  0  0  0  0  0  0  0  0  0  0 12  0  0  0  0  0  0  0  0  0  0  0  0  0  0  0  0  0  0  0  0  0  0  0  0  0  0  0  0 12 12 12 12 11 14 17 17 16  6  7  7  7 12 12 12 12  0 12 12 12 12 12 12 12 16 12 17 12 12 12 12 12 12  7  9 12 12 12  7  8 11 12 12 12  6 
 0  0  0  0  0 12  0  0  0  0  0  0  0  0  0  0  0  0 12  0  0  0  0  0  0  0  0  0  0  0  0  0  0  0  0  0  0  0  0  0  0  0  0  0  0  0  0 12 12 12 12 11 14 17 17 16  6  7  7  7 12 12 12 12  0 12 12 12 12 12 12 12 16 12 17 12 12 12 12 12 12  7  9 12 12 12  7  8 11 12 12 12  6 
 0  0  0  0  0 12  0  0  0  0  0  0  0  0  0  0  0  0 12  0  0  0  0  0  0  0  0  0  0  0  0  0  0  0  0  0  0  0  0  0  0  0  0  0  0  0  0 12 12 12 12 11 14 17 17 16  6  7  7  7 12 12 12 12  0 12 12 12 12 12 12 12 16 12 17 12 12 12 12 12 12  7  9 12 12 12  7  8 11 12 12 12  6 
 0  0  0  0  0 12  0  0  0  0  0  0  0  0  0  0  0  0 12  0  0  0  0  0  0  0  0  0  0  0  0  0  0  0  0  0  0  0  0  0  0  0  0  0  0  0  0 12 12 12 12 11 14 17 17 16  6  7  7  7 12 12 12 12  0 12 12 12 12 12 12 12 16 12 17 12 12 12 12 12 12  7  9 12 12 12  7  8 11 12 12 12  6 
 0  0  0  0  0 12  0  0  0  0  0  0  0  0  0  0  0  0 12  0  0  0  0  0  0  0  0  0  0  0  0  0  0  0  0  0  0  0  0  0  0  0  0  0  0  0  0 12 12 12 12 11 14 17 17 16  6  7  7  7 12 12 12 12  0 12 12 12 12 12 12 12 16 12 17 12 12 12 12 12 12  7  9 12 12 12  7  8 11 12 12 12  6 
 0  0  0  0  0 12  0  0  0  0  0  0  0  0  0  0  0  0 12  0  0  0  0  0  0  0  0  0  0  0  0  0  0  0  0  0  0  0  0  0  0  0  0  0  0  0  0 12 12 12 12 11 14 17 17 16  6  7  7  7 12 12 12 12  0 12 12 12 12 12 12 12 16 12 17 12 12 12 12 12 12  7  9 12 12 12  7  8 11 12 12 12  6 
 0  0  0  0  0 12  0  0  0  0  0  0  0  0  0  0  0  0 12  0  0  0  0  0  0  0  0  0  0  0  0  0  0  0  0  0  0  0  0  0  0  0  0  0  0  0  0 12 12 12 12 11 14 17 17 16  6  7  7  7 12 12 12 12  0 12 12 12 12 12 12 12 16 12 17 12 12 12 12 12 12  7  9 12 12 12  7  8 11 12 12 12  6 
 0  0  0  0  0 12  0  0  0  0  0  0  0  0  0  0  0  0 12  0  0  0  0  0  0  0  0  0  0  0  0  0  0  0  0  0  0  0  0  0  0  0  0  0  0  0  0 12 12 12 12 11 14 17 17 16  6  7  7  7 12 12 12 12  0 12 12 12 12 12 12 12 16 12 17 12 12 12 12 12 12  7  9 12 12 12  7  8 11 12 12 12  6 
 0  0  0  0  0 12  0  0  0  0  0  0  0  0  0  0  0  0 12  0  0  0  0  0  0  0  0  0  0  0  0  0  0  0  0  0  0  0  0  0  0  0  0  0  0  0  0 12 12 12 12 11 14 17 17 16  6  7  7  7 12 12 12 12  0 12 12 12 12 12 12 12 16 12 17 12 12 12 12 12 12  7  9 12 12 12  7  8 11 12 12 12  6 
 0  0  0  0  0 12  0  0  0  0  0  0  0  0  0  0  0  0 12  0  0  0  0  0  0  0  0  0  0  0  0  0  0  0  0  0  0  0  0  0  0  0  0  0  0  0  0 12 12 12 12 11 14 17 17 16  6  7  7  7 12 12 12 12  0 12 12 12 12 12 12 12 16 12 17 12 12 12 12 12 12  7  9 12 12 12  7  8 11 12 12 12  6 
 0  0  0  0  0 12  0  0  0  0  0  0  0  0  0  0  0  0 12  0  0  0  0  0  0  0  0  0  0  0  0  0  0  0  0  0  0  0  0  0  0  0  0  0  0  0  0 12 12 12 12 11 14 17 17 16  6  7  7  7 12 12 12 12  0 12 12 12 12 12 12 12 16 12 17 12 12 12 12 12 12  7  9 12 12 12  7  8 11 12 12 12  6 
 0  0  0  0  0 12  0  0  0  0  0  0  0  0  0  0  0  0 12  0  0  0  0  0  0  0  0  0  0  0  0  0  0  0  0  0  0  0  0  0  0  0  0  0  0  0  0 12 12 12 12 11 14 17 17 16  6  7  7  7 12 12 12 12  0 12 12 12 12 12 12 12 16 12 17 12 12 12 12 12 12  7  9 12 12 12  7  8 11 12 12 12  6 
 0  0  0  0  0 12  0  0  0  0  0  0  0  0  0  0  0  0 12  0  0  0  0  0  0  0  0  0  0  0  0  0  0  0  0  0  0  0  0  0  0  0  0  0  0  0  0 12 12 12 12 11 14 17 17 16  6  7  7  7 12 12 12 12  0 12 12 12 12 12 12 12 16 12 17 12 12 12 12 12 12  7  9 12 12 12  7  8 11 12 12 12  6 
 0  0  0  0  0 12  0  0  0  0  0  0  0  0  0  0  0  0 12  0  0  0  0  0  0  0  0  0  0  0  0  0  0  0  0  0  0  0  0  0  0  0  0  0  0  0  0 12 12 12 12 11 14 17 17 16  6  7  7  7 12 12 12 12  0 12 12 12 12 12 12 12 16 12 17 12 12 12 12 12 12  7  9 12 12 12  7  8 11 12 12 12  6 
 0  0  0  0  0 12  0  0  0  0  0  0  0  0  0  0  0  0 12  0  0  0  0  0  0  0  0  0  0  0  0  0  0  0  0  0  0  0  0  0  0  0  0  0  0  0  0 12 12 12 12 11 14 17 17 16  6  7  7  7 12 12 12 12  0 12 12 12 12 12 12 12 16 12 17 12 12 12 12 12 12  7  9 12 12 12  7  8 11 12 12 12  6 
 0  0  0  0  0 12  0  0  0  0  0  0  0  0  0  0  0  0 12  0  0  0  0  0  0  0  0  0  0  0  0  0  0  0  0  0  0  0  0  0  0  0  0  0  0  0  0 12 12 12 12 11 14 17 17 16  6  7  7  7 12 12 12 12  0 12 12 12 12 12 12 12 16 12 17 12 12 12 12 12 12  7  9 12 12 12  7  8 11 12 12 12  6 
 0  0  0  0  0 12  0  0  0  0  0  0  0  0  0  0  0  0 12  0  0  0  0  0  0  0  0  0  0  0  0  0  0  0  0  0  0  0  0  0  0  0  0  0  0  0  0 12 12 12 12 11 14 17 17 16  6  7  7  7 12 12 12 12  0 12 12 12 12 12 12 12 16 12 17 12 12 12 12 12 12  7  9 12 12 12  7  8 11 12 12 12  6 
12 12 12 12 12  0 12 12 12 12 12 12 12 12 12 12 12 12  8 12 12 12 12 12 12 12 12 12 12 12 12 12 12 12 12 12 12 12 12 12 12 12 12 12 12 12 12  0  0  0  0  6  5  7  7 12 10 10 10 15  8  8  8  8 12  0  0  0  0  0  0  0  4  0  7  0  8  8  8  8  8  9 10  8  8  8  7  7  6  8  8  8 11 
12 12 12 12 12  0 12 12 12 12 12 12 12 12 12 12 12 12  8 12 12 12 12 12 12 12 12 12 12 12 12 12 12 12 12 12 12 12 12 12 12 12 12 12 12 12 12  0  0  0  0  6  5  7  7 12 10 10 10 15  8  8  8  8 12  0  0  0  0  0  0  0  4  0  7  0  8  8  8  8  8  9 10  8  8  8  7  7  6  8  8  8 11 
12 12 12 12 12  0 12 12 12 12 12 12 12 12 12 12 12 12  8 12 12 12 12 12 12 12 12 12 12 12 12 12 12 12 12 12 12 12 12 12 12 12 12 12 12 12 12  0  0  0  0  6  5  7  7 12 10 10 10 15  8  8  8  8 12  0  0  0  0  0  0  0  4  0  7  0  8  8  8  8  8  9 10  8  8  8  7  7  6  8  8  8 11 
12 12 12 12 12  0 12 12 12 12 12 12 12 12 12 12 12 12  8 12 12 12 12 12 12 12 12 12 12 12 12 12 12 12 12 12 12 12 12 12 12 12 12 12 12 12 12  0  0  0  0  6  5  7  7 12 10 10 10 15  8  8  8  8 12  0  0  0  0  0  0  0  4  0  7  0  8  8  8  8  8  9 10  8  8  8  7  7  6  8  8  8 11 
11 11 11 11 11  6 11 11 11 11 11 11 11 11 11 11 11 11  8 11 11 11 11 11 11 11 11 11 11 11 11 11 11 11 11 11 11 11 11 11 11 11 11 11 11 11 11  6  6  6  6  0  6  7  7 13  9  8  8 14  8  8  8  8 11  6  6  6  6  6  6  6  8  6  7  6  8  8  8  8  8 10  9  8  8  8  6  7  0  8  8  8 10 
14 14 14 14 14  5 14 14 14 14 14 14 14 14 14 14 14 14 11 14 14 14 14 14 14 14 14 14 14 14 14 14 14 14 14 14 14 14 14 14 14 14 14 14 14 14 14  5  5  5  5  6  0  5  5  9 11 11 11 16 11 11 11 11 14  5  5  5  5  5  5  5  2  5  4  5 11 11 11 11 11 11 12 11 11 11 10 10  6 11 11 11 12 
17 17 17 17 17  7 17 17 17 17 17 17 17 17 17 17 17 17 10 17 17 17 17 17 17 17 17 17 17 17 17 17 17 17 17 17 17 17 17 17 17 17 17 17 17 17 17  7  7  7  7  7  5  0  0 12 11 10 10 17 10 10 10 10 17  7  7  7  7  7  7  7  3  7  1  7 10 10 10 10 10 12 14 10 10 10 11 11  7 10 10 10 12 
17 17 17 17 17  7 17 17 17 17 17 17 17 17 17 17 17 17 10 17 17 17 17 17 17 17 17 17 17 17 17 17 17 17 17 17 17 17 17 17 17 17 17 17 17 17 17  7  7  7  7  7  5  0  0 12 11 10 10 17 10 10 10 10 17  7  7  7  7  7  7  7  3  7  1  7 10 10 10 10 10 12 14 10 10 10 11 11  7 10 10 10 12 
16 16 16 16 16 12 16 16 16 16 16 16 16 16 16 16 16 16 17 16 16 16 16 16 16 16 16 16 16 16 16 16 16 16 16 16 16 16 16 16 16 16 16 16 16 16 16 12 12 12 12 13  9 12 12  0 12 14 14 20 17 17 17 17 16 12 12 12 12 12 12 12 11 12 13 12 17 17 17 17 17 16 16 17 17 17 11 12 13 17 17 17 15 
 6  6  6  6  6 10  6  6  6  6  6  6  6  6  6  6  6  6 10  6  6  6  6  6  6  6  6  6  6  6  6  6  6  6  6  6  6  6  6  6  6  6  6  6  6  6  6 10 10 10 10  9 11 11 11 12  0  7  7  9 10 10 10 10  6 10 10 10 10 10 10 10 11 10 11 10 10 10 10 10 10  5  6 10 10 10  5  5  9 10 10 10  3 
 7  7  7  7  7 10  7  7  7  7  7  7  7  7  7  7  7  7 10  7  7  7  7  7  7  7  7  7  7  7  7  7  7  7  7  7  7  7  7  7  7  7  7  7  7  7  7 10 10 10 10  8 11 10 10 14  7  0  0 10 10 10 10 10  7 10 10 10 10 10 10 10 11 10 11 10 10 10 10 10 10  7  7 10 10 10  3  3  8 10 10 10  6 
 7  7  7  7  7 10  7  7  7  7  7  7  7  7  7  7  7  7 10  7  7  7  7  7  7  7  7  7  7  7  7  7  7  7  7  7  7  7  7  7  7  7  7  7  7  7  7 10 10 10 10  8 11 10 10 14  7  0  0 10 10 10 10 10  7 10 10 10 10 10 10 10 11 10 11 10 10 10 10 10 10  7  7 10 10 10  3  3  8 10 10 10  6 
 7  7  7  7  7 15  7  7  7  7  7  7  7  7  7  7  7  7 14  7  7  7  7  7  7  7  7  7  7  7  7  7  7  7  7  7  7  7  7  7  7  7  7  7  7  7  7 15 15 15 15 14 16 17 17 20  9 10 10  0 14 14 14 14  7 15 15 15 15 15 15 15 17 15 16 15 14 14 14 14 14  9  9 14 14 14 10 11 14 14 14 14  7 
12 12 12 12 12  8 12 12 12 12 12 12 12 12 12 12 12 12  0 12 12 12 12 12 12 12 12 12 12 12 12 12 12 12 12 12 12 12 12 12 12 12 12 12 12 12 12  8  8  8  8  8 11 10 10 17 10 10 10 14  0  0  0  0 12  8  8  8  8  8  8  8 11  8  9  8  0  0  0  0  0 10  8  0  0  0  7  8  8  0  0  0  8 
12 12 12 12 12  8 12 12 12 12 12 12 12 12 12 12 12 12  0 12 12 12 12 12 12 12 12 12 12 12 12 12 12 12 12 12 12 12 12 12 12 12 12 12 12 12 12  8  8  8  8  8 11 10 10 17 10 10 10 14  0  0  0  0 12  8  8  8  8  8  8  8 11  8  9  8  0  0  0  0  0 10  8  0  0  0  7  8  8  0  0  0  8 
12 12 12 12 12  8 12 12 12 12 12 12 12 12 12 12 12 12  0 12 12 12 12 12 12 12 12 12 12 12 12 12 12 12 12 12 12 12 12 12 12 12 12 12 12 12 12  8  8  8  8  8 11 10 10 17 10 10 10 14  0  0  0  0 12  8  8  8  8  8  8  8 11  8  9  8  0  0  0  0  0 10  8  0  0  0  7  8  8  0  0  0  8 
12 12 12 12 12  8 12 12 12 12 12 12 12 12 12 12 12 12  0 12 12 12 12 12 12 12 12 12 12 12 12 12 12 12 12 12 12 12 12 12 12 12 12 12 12 12 12  8  8  8  8  8 11 10 10 17 10 10 10 14  0  0  0  0 12  8  8  8  8  8  8  8 11  8  9  8  0  0  0  0  0 10  8  0  0  0  7  8  8  0  0  0  8 
 0  0  0  0  0 12  0  0  0  0  0  0  0  0  0  0  0  0 12  0  0  0  0  0  0  0  0  0  0  0  0  0  0  0  0  0  0  0  0  0  0  0  0  0  0  0  0 12 12 12 12 11 14 17 17 16  6  7  7  7 12 12 12 12  0 12 12 12 12 12 12 12 16 12 17 12 12 12 12 12 12  7  9 12 12 12  7  8 11 12 12 12  6 
12 12 12 12 12  0 12 12 12 12 12 12 12 12 12 12 12 12  8 12 12 12 12 12 12 12 12 12 12 12 12 12 12 12 12 12 12 12 12 12 12 12 12 12 12 12 12  0  0  0  0  6  5  7  7 12 10 10 10 15  8  8  8  8 12  0  0  0  0  0  0  0  4  0  7  0  8  8  8  8  8  9 10  8  8  8  7  7  6  8  8  8 11 
12 12 12 12 12  0 12 12 12 12 12 12 12 12 12 12 12 12  8 12 12 12 12 12 12 12 12 12 12 12 12 12 12 12 12 12 12 12 12 12 12 12 12 12 12 12 12  0  0  0  0  6  5  7  7 12 10 10 10 15  8  8  8  8 12  0  0  0  0  0  0  0  4  0  7  0  8  8  8  8  8  9 10  8  8  8  7  7  6  8  8  8 11 
12 12 12 12 12  0 12 12 12 12 12 12 12 12 12 12 12 12  8 12 12 12 12 12 12 12 12 12 12 12 12 12 12 12 12 12 12 12 12 12 12 12 12 12 12 12 12  0  0  0  0  6  5  7  7 12 10 10 10 15  8  8  8  8 12  0  0  0  0  0  0  0  4  0  7  0  8  8  8  8  8  9 10  8  8  8  7  7  6  8  8  8 11 
12 12 12 12 12  0 12 12 12 12 12 12 12 12 12 12 12 12  8 12 12 12 12 12 12 12 12 12 12 12 12 12 12 12 12 12 12 12 12 12 12 12 12 12 12 12 12  0  0  0  0  6  5  7  7 12 10 10 10 15  8  8  8  8 12  0  0  0  0  0  0  0  4  0  7  0  8  8  8  8  8  9 10  8  8  8  7  7  6  8  8  8 11 
12 12 12 12 12  0 12 12 12 12 12 12 12 12 12 12 12 12  8 12 12 12 12 12 12 12 12 12 12 12 12 12 12 12 12 12 12 12 12 12 12 12 12 12 12 12 12  0  0  0  0  6  5  7  7 12 10 10 10 15  8  8  8  8 12  0  0  0  0  0  0  0  4  0  7  0  8  8  8  8  8  9 10  8  8  8  7  7  6  8  8  8 11 
12 12 12 12 12  0 12 12 12 12 12 12 12 12 12 12 12 12  8 12 12 12 12 12 12 12 12 12 12 12 12 12 12 12 12 12 12 12 12 12 12 12 12 12 12 12 12  0  0  0  0  6  5  7  7 12 10 10 10 15  8  8  8  8 12  0  0  0  0  0  0  0  4  0  7  0  8  8  8  8  8  9 10  8  8  8  7  7  6  8  8  8 11 
12 12 12 12 12  0 12 12 12 12 12 12 12 12 12 12 12 12  8 12 12 12 12 12 12 12 12 12 12 12 12 12 12 12 12 12 12 12 12 12 12 12 12 12 12 12 12  0  0  0  0  6  5  7  7 12 10 10 10 15  8  8  8  8 12  0  0  0  0  0  0  0  4  0  7  0  8  8  8  8  8  9 10  8  8  8  7  7  6  8  8  8 11 
16 16 16 16 16  4 16 16 16 16 16 16 16 16 16 16 16 16 11 16 16 16 16 16 16 16 16 16 16 16 16 16 16 16 16 16 16 16 16 16 16 16 16 16 16 16 16  4  4  4  4  8  2  3  3 11 11 11 11 17 11 11 11 11 16  4  4  4  4  4  4  4  0  4  4  4 11 11 11 11 11 11 14 11 11 11 11 10  8 11 11 11 11 
12 12 12 12 12  0 12 12 12 12 12 12 12 12 12 12 12 12  8 12 12 12 12 12 12 12 12 12 12 12 12 12 12 12 12 12 12 12 12 12 12 12 12 12 12 12 12  0  0  0  0  6  5  7  7 12 10 10 10 15  8  8  8  8 12  0  0  0  0  0  0  0  4  0  7  0  8  8  8  8  8  9 10  8  8  8  7  7  6  8  8  8 11 
17 17 17 17 17  7 17 17 17 17 17 17 17 17 17 17 17 17  9 17 17 17 17 17 17 17 17 17 17 17 17 17 17 17 17 17 17 17 17 17 17 17 17 17 17 17 17  7  7  7  7  7  4  1  1 13 11 11 11 16  9  9  9  9 17  7  7  7  7  7  7  7  4  7  0  7  9  9  9  9  9 11 14  9  9  9 10 10  7  9  9  9 13 
12 12 12 12 12  0 12 12 12 12 12 12 12 12 12 12 12 12  8 12 12 12 12 12 12 12 12 12 12 12 12 12 12 12 12 12 12 12 12 12 12 12 12 12 12 12 12  0  0  0  0  6  5  7  7 12 10 10 10 15  8  8  8  8 12  0  0  0  0  0  0  0  4  0  7  0  8  8  8  8  8  9 10  8  8  8  7  7  6  8  8  8 11 
12 12 12 12 12  8 12 12 12 12 12 12 12 12 12 12 12 12  0 12 12 12 12 12 12 12 12 12 12 12 12 12 12 12 12 12 12 12 12 12 12 12 12 12 12 12 12  8  8  8  8  8 11 10 10 17 10 10 10 14  0  0  0  0 12  8  8  8  8  8  8  8 11  8  9  8  0  0  0  0  0 10  8  0  0  0  7  8  8  0  0  0  8 
12 12 12 12 12  8 12 12 12 12 12 12 12 12 12 12 12 12  0 12 12 12 12 12 12 12 12 12 12 12 12 12 12 12 12 12 12 12 12 12 12 12 12 12 12 12 12  8  8  8  8  8 11 10 10 17 10 10 10 14  0  0  0  0 12  8  8  8  8  8  8  8 11  8  9  8  0  0  0  0  0 10  8  0  0  0  7  8  8  0  0  0  8 
12 12 12 12 12  8 12 12 12 12 12 12 12 12 12 12 12 12  0 12 12 12 12 12 12 12 12 12 12 12 12 12 12 12 12 12 12 12 12 12 12 12 12 12 12 12 12  8  8  8  8  8 11 10 10 17 10 10 10 14  0  0  0  0 12  8  8  8  8  8  8  8 11  8  9  8  0  0  0  0  0 10  8  0  0  0  7  8  8  0  0  0  8 
12 12 12 12 12  8 12 12 12 12 12 12 12 12 12 12 12 12  0 12 12 12 12 12 12 12 12 12 12 12 12 12 12 12 12 12 12 12 12 12 12 12 12 12 12 12 12  8  8  8  8  8 11 10 10 17 10 10 10 14  0  0  0  0 12  8  8  8  8  8  8  8 11  8  9  8  0  0  0  0  0 10  8  0  0  0  7  8  8  0  0  0  8 
12 12 12 12 12  8 12 12 12 12 12 12 12 12 12 12 12 12  0 12 12 12 12 12 12 12 12 12 12 12 12 12 12 12 12 12 12 12 12 12 12 12 12 12 12 12 12  8  8  8  8  8 11 10 10 17 10 10 10 14  0  0  0  0 12  8  8  8  8  8  8  8 11  8  9  8  0  0  0  0  0 10  8  0  0  0  7  8  8  0  0  0  8 
 7  7  7  7  7  9  7  7  7  7  7  7  7  7  7  7  7  7 10  7  7  7  7  7  7  7  7  7  7  7  7  7  7  7  7  7  7  7  7  7  7  7  7  7  7  7  7  9  9  9  9 10 11 12 12 16  5  7  7  9 10 10 10 10  7  9  9  9  9  9  9  9 11  9 11  9 10 10 10 10 10  0  5 10 10 10  5  5 10 10 10 10  3 
 9  9  9  9  9 10  9  9  9  9  9  9  9  9  9  9  9  9  8  9  9  9  9  9  9  9  9  9  9  9  9  9  9  9  9  9  9  9  9  9  9  9  9  9  9  9  9 10 10 10 10  9 12 14 14 16  6  7  7  9  8  8  8  8  9 10 10 10 10 10 10 10 14 10 14 10  8  8  8  8  8  5  0  8  8  8  7  8  9  8  8  8  4 
12 12 12 12 12  8 12 12 12 12 12 12 12 12 12 12 12 12  0 12 12 12 12 12 12 12 12 12 12 12 12 12 12 12 12 12 12 12 12 12 12 12 12 12 12 12 12  8  8  8  8  8 11 10 10 17 10 10 10 14  0  0  0  0 12  8  8  8  8  8  8  8 11  8  9  8  0  0  0  0  0 10  8  0  0  0  7  8  8  0  0  0  8 
12 12 12 12 12  8 12 12 12 12 12 12 12 12 12 12 12 12  0 12 12 12 12 12 12 12 12 12 12 12 12 12 12 12 12 12 12 12 12 12 12 12 12 12 12 12 12  8  8  8  8  8 11 10 10 17 10 10 10 14  0  0  0  0 12  8  8  8  8  8  8  8 11  8  9  8  0  0  0  0  0 10  8  0  0  0  7  8  8  0  0  0  8 
12 12 12 12 12  8 12 12 12 12 12 12 12 12 12 12 12 12  0 12 12 12 12 12 12 12 12 12 12 12 12 12 12 12 12 12 12 12 12 12 12 12 12 12 12 12 12  8  8  8  8  8 11 10 10 17 10 10 10 14  0  0  0  0 12  8  8  8  8  8  8  8 11  8  9  8  0  0  0  0  0 10  8  0  0  0  7  8  8  0  0  0  8 
 7  7  7  7  7  7  7  7  7  7  7  7  7  7  7  7  7  7  7  7  7  7  7  7  7  7  7  7  7  7  7  7  7  7  7  7  7  7  7  7  7  7  7  7  7  7  7  7  7  7  7  6 10 11 11 11  5  3  3 10  7  7  7  7  7  7  7  7  7  7  7  7 11  7 10  7  7  7  7  7  7  5  7  7  7  7  0  1  6  7  7  7  6 
 8  8  8  8  8  7  8  8  8  8  8  8  8  8  8  8  8  8  8  8  8  8  8  8  8  8  8  8  8  8  8  8  8  8  8  8  8  8  8  8  8  8  8  8  8  8  8  7  7  7  7  7 10 11 11 12  5  3  3 11  8  8  8  8  8  7  7  7  7  7  7  7 10  7 10  7  8  8  8  8  8  5  8  8  8  8  1  0  7  8  8  8  6 
11 11 11 11 11  6 11 11 11 11 11 11 11 11 11 11 11 11  8 11 11 11 11 11 11 11 11 11 11 11 11 11 11 11 11 11 11 11 11 11 11 11 11 11 11 11 11  6  6  6  6  0  6  7  7 13  9  8  8 14  8  8  8  8 11  6  6  6  6  6  6  6  8  6  7  6  8  8  8  8  8 10  9  8  8  8  6  7  0  8  8  8 10 
12 12 12 12 12  8 12 12 12 12 12 12 12 12 12 12 12 12  0 12 12 12 12 12 12 12 12 12 12 12 12 12 12 12 12 12 12 12 12 12 12 12 12 12 12 12 12  8  8  8  8  8 11 10 10 17 10 10 10 14  0  0  0  0 12  8  8  8  8  8  8  8 11  8  9  8  0  0  0  0  0 10  8  0  0  0  7  8  8  0  0  0  8 
12 12 12 12 12  8 12 12 12 12 12 12 12 12 12 12 12 12  0 12 12 12 12 12 12 12 12 12 12 12 12 12 12 12 12 12 12 12 12 12 12 12 12 12 12 12 12  8  8  8  8  8 11 10 10 17 10 10 10 14  0  0  0  0 12  8  8  8  8  8  8  8 11  8  9  8  0  0  0  0  0 10  8  0  0  0  7  8  8  0  0  0  8 
12 12 12 12 12  8 12 12 12 12 12 12 12 12 12 12 12 12  0 12 12 12 12 12 12 12 12 12 12 12 12 12 12 12 12 12 12 12 12 12 12 12 12 12 12 12 12  8  8  8  8  8 11 10 10 17 10 10 10 14  0  0  0  0 12  8  8  8  8  8  8  8 11  8  9  8  0  0  0  0  0 10  8  0  0  0  7  8  8  0  0  0  8 
 6  6  6  6  6 11  6  6  6  6  6  6  6  6  6  6  6  6  8  6  6  6  6  6  6  6  6  6  6  6  6  6  6  6  6  6  6  6  6  6  6  6  6  6  6  6  6 11 11 11 11 10 12 12 12 15  3  6  6  7  8  8  8  8  6 11 11 11 11 11 11 11 11 11 13 11  8  8  8  8  8  3  4  8  8  8  6  6 10  8  8  8  0 
