Instance Date: 20090208

VehicleNumber---RequestNumber---MaxTravelTime---DisinfectionTime
    3              50               90             30

VehicleCapacity---VehicleLunchReadyTime---VehicleLunchDueTime---VehicleLunchDuration
    9                    870                    930                     60

LocationID---StaffDemand---SeatDemand---ReadyTime---DueTime---ServiceTime
    0            0              0          450        1230         0
    1            2              3          480        1200         8
    2            2              1          660         810         8
    3            2              3          480        1200         8
    4            2              1          480        1200         8
    5            2              1          480        1200         8
    6            2              1          480         750         8
    7            2              1          480         750         8
    8            2              3          480         750         8
    9            2              1          480         750         8
   10            2              1          750        1200         8
   11            2              3          480        1200         8
   12            2              3          480        1200         8
   13            2              1          480         750         8
   14            2              1          480         750         8
   15            2              3          480        1200         8
   16            2              1          480        1200         8
   17            2              1          480        1200         8
   18            2              3          750        1200         8
   19            2              3          480         750         8
   20            2              3          781         931         8
   21            2              3          750        1200         8
   22            2              1          817         967         8
   23            2              1          750        1200         8
   24            2              3          750        1200         8
   25            2              3          480        1200         8
   26            2              3          750        1200         8
   27            2              1          480        1200         8
   28            2              1          480         750         8
   29            2              3          480        1200         8
   30            2              3          750        1200         8
   31            2              1          750        1200         8
   32            2              3          480         750         8
   33            2              1          480        1200         8
   34            2              1          788         938         8
   35            2              3          480        1200         8
   36            2              3          480        1200         8
   37            2              3          480        1200         8
   38            2              1          480        1200         8
   39            2              1          480        1200         8
   40            3              3          480        1200         8
   41            2              3          750        1200         8
   42            2              1          750        1200         8
   43            2              1          480        1200         8
   44            2              3          750        1200         8
   45            2              1          814         934         8
   46            2              3          750        1200         8
   47            2              1          480        1200         8
   48            2              1          750        1200         8
   49            2              1          780         900         8
   50            3              3          750        1200         8
   51            2             -3          480        1200         3
   52            2             -1          660         840         3
   53            2             -3          480        1200         3
   54            2             -1          480        1200         3
   55            2             -1          480        1200        10
   56            2             -1          480         750        10
   57            2             -1          480         750         3
   58            2             -3          480         750        10
   59            2             -1          480         750        10
   60            2             -1          750        1200        10
   61            2             -3          480        1200         3
   62            2             -3          480        1200         3
   63            2             -1          480         750        10
   64            2             -1          480         750        10
   65            2             -3          480        1200         3
   66            2             -1          480        1200         3
   67            2             -1          480        1200         3
   68            2             -3          750        1200         3
   69            2             -3          480         750         3
   70            2             -3          781         961         3
   71            2             -3          750        1200         3
   72            2             -1          817         997         3
   73            2             -1          750        1200         3
   74            2             -3          750        1200         3
   75            2             -3          480        1200         3
   76            2             -3          750        1200         3
   77            2             -1          480        1200         3
   78            2             -1          480         750         3
   79            2             -3          480        1200         3
   80            2             -3          750        1200         3
   81            2             -1          750        1200         3
   82            2             -3          480         750        10
   83            2             -1          480        1200        10
   84            2             -1          788         968         3
   85            2             -3          480        1200         3
   86            2             -3          480        1200         3
   87            2             -3          480        1200         3
   88            2             -1          480        1200         3
   89            2             -1          480        1200        10
   90            3             -3          480        1200         6
   91            2             -3          750        1200        10
   92            2             -1          750        1200        10
   93            2             -1          480        1200        10
   94            2             -3          750        1200        10
   95            2             -1          814         954        10
   96            2             -3          750        1200         3
   97            2             -1          480        1200        10
   98            2             -1          750        1200        10
   99            2             -1          780         920        10
  100            3             -3          750        1200         3

Travel Time Between Locations
 0  0  0  0  0 12  0  0  0  0  0  0  0  0  0  0  0  0  0  0  0  0  0  0  0  0  0  0 11  0  0  0  0 12  0  0  0  0  0  0  0  0  0  0  0  0  0  0  0  0  0 12 12 12 12 10  7  5 10 10 13 12 12 16 16 12 12 12 12 11 11 11 11 11 11 11 11 11  0 12 12 12 13 10 11 11 11 11 11 11 11 11 13 10 10 10 11  5  8  7  8 
 0  0  0  0  0 12  0  0  0  0  0  0  0  0  0  0  0  0  0  0  0  0  0  0  0  0  0  0 11  0  0  0  0 12  0  0  0  0  0  0  0  0  0  0  0  0  0  0  0  0  0 12 12 12 12 10  7  5 10 10 13 12 12 16 16 12 12 12 12 11 11 11 11 11 11 11 11 11  0 12 12 12 13 10 11 11 11 11 11 11 11 11 13 10 10 10 11  5  8  7  8 
 0  0  0  0  0 12  0  0  0  0  0  0  0  0  0  0  0  0  0  0  0  0  0  0  0  0  0  0 11  0  0  0  0 12  0  0  0  0  0  0  0  0  0  0  0  0  0  0  0  0  0 12 12 12 12 10  7  5 10 10 13 12 12 16 16 12 12 12 12 11 11 11 11 11 11 11 11 11  0 12 12 12 13 10 11 11 11 11 11 11 11 11 13 10 10 10 11  5  8  7  8 
 0  0  0  0  0 12  0  0  0  0  0  0  0  0  0  0  0  0  0  0  0  0  0  0  0  0  0  0 11  0  0  0  0 12  0  0  0  0  0  0  0  0  0  0  0  0  0  0  0  0  0 12 12 12 12 10  7  5 10 10 13 12 12 16 16 12 12 12 12 11 11 11 11 11 11 11 11 11  0 12 12 12 13 10 11 11 11 11 11 11 11 11 13 10 10 10 11  5  8  7  8 
 0  0  0  0  0 12  0  0  0  0  0  0  0  0  0  0  0  0  0  0  0  0  0  0  0  0  0  0 11  0  0  0  0 12  0  0  0  0  0  0  0  0  0  0  0  0  0  0  0  0  0 12 12 12 12 10  7  5 10 10 13 12 12 16 16 12 12 12 12 11 11 11 11 11 11 11 11 11  0 12 12 12 13 10 11 11 11 11 11 11 11 11 13 10 10 10 11  5  8  7  8 
12 12 12 12 12  0 12 12 12 12 12 12 12 12 12 12 12 12 12 12 12 12 12 12 12 12 12 12  8 12 12 12 12  0 12 12 12 12 12 12 12 12 12 12 12 12 12 12 12 12 12  0  0  0  0  4 14 11  3  3  6  0  0  5  8  0  0  0  0  8  8  8  8  8  8  8  8  8 12  0  0  0  6  6  8  8  8  8  8  6  6  6  6  4  7  4  8  9  7 11  9 
 0  0  0  0  0 12  0  0  0  0  0  0  0  0  0  0  0  0  0  0  0  0  0  0  0  0  0  0 11  0  0  0  0 12  0  0  0  0  0  0  0  0  0  0  0  0  0  0  0  0  0 12 12 12 12 10  7  5 10 10 13 12 12 16 16 12 12 12 12 11 11 11 11 11 11 11 11 11  0 12 12 12 13 10 11 11 11 11 11 11 11 11 13 10 10 10 11  5  8  7  8 
 0  0  0  0  0 12  0  0  0  0  0  0  0  0  0  0  0  0  0  0  0  0  0  0  0  0  0  0 11  0  0  0  0 12  0  0  0  0  0  0  0  0  0  0  0  0  0  0  0  0  0 12 12 12 12 10  7  5 10 10 13 12 12 16 16 12 12 12 12 11 11 11 11 11 11 11 11 11  0 12 12 12 13 10 11 11 11 11 11 11 11 11 13 10 10 10 11  5  8  7  8 
 0  0  0  0  0 12  0  0  0  0  0  0  0  0  0  0  0  0  0  0  0  0  0  0  0  0  0  0 11  0  0  0  0 12  0  0  0  0  0  0  0  0  0  0  0  0  0  0  0  0  0 12 12 12 12 10  7  5 10 10 13 12 12 16 16 12 12 12 12 11 11 11 11 11 11 11 11 11  0 12 12 12 13 10 11 11 11 11 11 11 11 11 13 10 10 10 11  5  8  7  8 
 0  0  0  0  0 12  0  0  0  0  0  0  0  0  0  0  0  0  0  0  0  0  0  0  0  0  0  0 11  0  0  0  0 12  0  0  0  0  0  0  0  0  0  0  0  0  0  0  0  0  0 12 12 12 12 10  7  5 10 10 13 12 12 16 16 12 12 12 12 11 11 11 11 11 11 11 11 11  0 12 12 12 13 10 11 11 11 11 11 11 11 11 13 10 10 10 11  5  8  7  8 
 0  0  0  0  0 12  0  0  0  0  0  0  0  0  0  0  0  0  0  0  0  0  0  0  0  0  0  0 11  0  0  0  0 12  0  0  0  0  0  0  0  0  0  0  0  0  0  0  0  0  0 12 12 12 12 10  7  5 10 10 13 12 12 16 16 12 12 12 12 11 11 11 11 11 11 11 11 11  0 12 12 12 13 10 11 11 11 11 11 11 11 11 13 10 10 10 11  5  8  7  8 
 0  0  0  0  0 12  0  0  0  0  0  0  0  0  0  0  0  0  0  0  0  0  0  0  0  0  0  0 11  0  0  0  0 12  0  0  0  0  0  0  0  0  0  0  0  0  0  0  0  0  0 12 12 12 12 10  7  5 10 10 13 12 12 16 16 12 12 12 12 11 11 11 11 11 11 11 11 11  0 12 12 12 13 10 11 11 11 11 11 11 11 11 13 10 10 10 11  5  8  7  8 
 0  0  0  0  0 12  0  0  0  0  0  0  0  0  0  0  0  0  0  0  0  0  0  0  0  0  0  0 11  0  0  0  0 12  0  0  0  0  0  0  0  0  0  0  0  0  0  0  0  0  0 12 12 12 12 10  7  5 10 10 13 12 12 16 16 12 12 12 12 11 11 11 11 11 11 11 11 11  0 12 12 12 13 10 11 11 11 11 11 11 11 11 13 10 10 10 11  5  8  7  8 
 0  0  0  0  0 12  0  0  0  0  0  0  0  0  0  0  0  0  0  0  0  0  0  0  0  0  0  0 11  0  0  0  0 12  0  0  0  0  0  0  0  0  0  0  0  0  0  0  0  0  0 12 12 12 12 10  7  5 10 10 13 12 12 16 16 12 12 12 12 11 11 11 11 11 11 11 11 11  0 12 12 12 13 10 11 11 11 11 11 11 11 11 13 10 10 10 11  5  8  7  8 
 0  0  0  0  0 12  0  0  0  0  0  0  0  0  0  0  0  0  0  0  0  0  0  0  0  0  0  0 11  0  0  0  0 12  0  0  0  0  0  0  0  0  0  0  0  0  0  0  0  0  0 12 12 12 12 10  7  5 10 10 13 12 12 16 16 12 12 12 12 11 11 11 11 11 11 11 11 11  0 12 12 12 13 10 11 11 11 11 11 11 11 11 13 10 10 10 11  5  8  7  8 
 0  0  0  0  0 12  0  0  0  0  0  0  0  0  0  0  0  0  0  0  0  0  0  0  0  0  0  0 11  0  0  0  0 12  0  0  0  0  0  0  0  0  0  0  0  0  0  0  0  0  0 12 12 12 12 10  7  5 10 10 13 12 12 16 16 12 12 12 12 11 11 11 11 11 11 11 11 11  0 12 12 12 13 10 11 11 11 11 11 11 11 11 13 10 10 10 11  5  8  7  8 
 0  0  0  0  0 12  0  0  0  0  0  0  0  0  0  0  0  0  0  0  0  0  0  0  0  0  0  0 11  0  0  0  0 12  0  0  0  0  0  0  0  0  0  0  0  0  0  0  0  0  0 12 12 12 12 10  7  5 10 10 13 12 12 16 16 12 12 12 12 11 11 11 11 11 11 11 11 11  0 12 12 12 13 10 11 11 11 11 11 11 11 11 13 10 10 10 11  5  8  7  8 
 0  0  0  0  0 12  0  0  0  0  0  0  0  0  0  0  0  0  0  0  0  0  0  0  0  0  0  0 11  0  0  0  0 12  0  0  0  0  0  0  0  0  0  0  0  0  0  0  0  0  0 12 12 12 12 10  7  5 10 10 13 12 12 16 16 12 12 12 12 11 11 11 11 11 11 11 11 11  0 12 12 12 13 10 11 11 11 11 11 11 11 11 13 10 10 10 11  5  8  7  8 
 0  0  0  0  0 12  0  0  0  0  0  0  0  0  0  0  0  0  0  0  0  0  0  0  0  0  0  0 11  0  0  0  0 12  0  0  0  0  0  0  0  0  0  0  0  0  0  0  0  0  0 12 12 12 12 10  7  5 10 10 13 12 12 16 16 12 12 12 12 11 11 11 11 11 11 11 11 11  0 12 12 12 13 10 11 11 11 11 11 11 11 11 13 10 10 10 11  5  8  7  8 
 0  0  0  0  0 12  0  0  0  0  0  0  0  0  0  0  0  0  0  0  0  0  0  0  0  0  0  0 11  0  0  0  0 12  0  0  0  0  0  0  0  0  0  0  0  0  0  0  0  0  0 12 12 12 12 10  7  5 10 10 13 12 12 16 16 12 12 12 12 11 11 11 11 11 11 11 11 11  0 12 12 12 13 10 11 11 11 11 11 11 11 11 13 10 10 10 11  5  8  7  8 
 0  0  0  0  0 12  0  0  0  0  0  0  0  0  0  0  0  0  0  0  0  0  0  0  0  0  0  0 11  0  0  0  0 12  0  0  0  0  0  0  0  0  0  0  0  0  0  0  0  0  0 12 12 12 12 10  7  5 10 10 13 12 12 16 16 12 12 12 12 11 11 11 11 11 11 11 11 11  0 12 12 12 13 10 11 11 11 11 11 11 11 11 13 10 10 10 11  5  8  7  8 
 0  0  0  0  0 12  0  0  0  0  0  0  0  0  0  0  0  0  0  0  0  0  0  0  0  0  0  0 11  0  0  0  0 12  0  0  0  0  0  0  0  0  0  0  0  0  0  0  0  0  0 12 12 12 12 10  7  5 10 10 13 12 12 16 16 12 12 12 12 11 11 11 11 11 11 11 11 11  0 12 12 12 13 10 11 11 11 11 11 11 11 11 13 10 10 10 11  5  8  7  8 
 0  0  0  0  0 12  0  0  0  0  0  0  0  0  0  0  0  0  0  0  0  0  0  0  0  0  0  0 11  0  0  0  0 12  0  0  0  0  0  0  0  0  0  0  0  0  0  0  0  0  0 12 12 12 12 10  7  5 10 10 13 12 12 16 16 12 12 12 12 11 11 11 11 11 11 11 11 11  0 12 12 12 13 10 11 11 11 11 11 11 11 11 13 10 10 10 11  5  8  7  8 
 0  0  0  0  0 12  0  0  0  0  0  0  0  0  0  0  0  0  0  0  0  0  0  0  0  0  0  0 11  0  0  0  0 12  0  0  0  0  0  0  0  0  0  0  0  0  0  0  0  0  0 12 12 12 12 10  7  5 10 10 13 12 12 16 16 12 12 12 12 11 11 11 11 11 11 11 11 11  0 12 12 12 13 10 11 11 11 11 11 11 11 11 13 10 10 10 11  5  8  7  8 
 0  0  0  0  0 12  0  0  0  0  0  0  0  0  0  0  0  0  0  0  0  0  0  0  0  0  0  0 11  0  0  0  0 12  0  0  0  0  0  0  0  0  0  0  0  0  0  0  0  0  0 12 12 12 12 10  7  5 10 10 13 12 12 16 16 12 12 12 12 11 11 11 11 11 11 11 11 11  0 12 12 12 13 10 11 11 11 11 11 11 11 11 13 10 10 10 11  5  8  7  8 
 0  0  0  0  0 12  0  0  0  0  0  0  0  0  0  0  0  0  0  0  0  0  0  0  0  0  0  0 11  0  0  0  0 12  0  0  0  0  0  0  0  0  0  0  0  0  0  0  0  0  0 12 12 12 12 10  7  5 10 10 13 12 12 16 16 12 12 12 12 11 11 11 11 11 11 11 11 11  0 12 12 12 13 10 11 11 11 11 11 11 11 11 13 10 10 10 11  5  8  7  8 
 0  0  0  0  0 12  0  0  0  0  0  0  0  0  0  0  0  0  0  0  0  0  0  0  0  0  0  0 11  0  0  0  0 12  0  0  0  0  0  0  0  0  0  0  0  0  0  0  0  0  0 12 12 12 12 10  7  5 10 10 13 12 12 16 16 12 12 12 12 11 11 11 11 11 11 11 11 11  0 12 12 12 13 10 11 11 11 11 11 11 11 11 13 10 10 10 11  5  8  7  8 
 0  0  0  0  0 12  0  0  0  0  0  0  0  0  0  0  0  0  0  0  0  0  0  0  0  0  0  0 11  0  0  0  0 12  0  0  0  0  0  0  0  0  0  0  0  0  0  0  0  0  0 12 12 12 12 10  7  5 10 10 13 12 12 16 16 12 12 12 12 11 11 11 11 11 11 11 11 11  0 12 12 12 13 10 11 11 11 11 11 11 11 11 13 10 10 10 11  5  8  7  8 
11 11 11 11 11  8 11 11 11 11 11 11 11 11 11 11 11 11 11 11 11 11 11 11 11 11 11 11  0 11 11 11 11  8 11 11 11 11 11 11 11 11 11 11 11 11 11 11 11 11 11  8  8  8  8  8 12  7  6  6  9  8  8 11 10  8  8  8  8  0  0  0  0  0  0  0  0  0 11  8  8  8  9  5  0  0  0  0  0  6  6  6 10  6  8  6  0  6  7 10 10 
 0  0  0  0  0 12  0  0  0  0  0  0  0  0  0  0  0  0  0  0  0  0  0  0  0  0  0  0 11  0  0  0  0 12  0  0  0  0  0  0  0  0  0  0  0  0  0  0  0  0  0 12 12 12 12 10  7  5 10 10 13 12 12 16 16 12 12 12 12 11 11 11 11 11 11 11 11 11  0 12 12 12 13 10 11 11 11 11 11 11 11 11 13 10 10 10 11  5  8  7  8 
 0  0  0  0  0 12  0  0  0  0  0  0  0  0  0  0  0  0  0  0  0  0  0  0  0  0  0  0 11  0  0  0  0 12  0  0  0  0  0  0  0  0  0  0  0  0  0  0  0  0  0 12 12 12 12 10  7  5 10 10 13 12 12 16 16 12 12 12 12 11 11 11 11 11 11 11 11 11  0 12 12 12 13 10 11 11 11 11 11 11 11 11 13 10 10 10 11  5  8  7  8 
 0  0  0  0  0 12  0  0  0  0  0  0  0  0  0  0  0  0  0  0  0  0  0  0  0  0  0  0 11  0  0  0  0 12  0  0  0  0  0  0  0  0  0  0  0  0  0  0  0  0  0 12 12 12 12 10  7  5 10 10 13 12 12 16 16 12 12 12 12 11 11 11 11 11 11 11 11 11  0 12 12 12 13 10 11 11 11 11 11 11 11 11 13 10 10 10 11  5  8  7  8 
 0  0  0  0  0 12  0  0  0  0  0  0  0  0  0  0  0  0  0  0  0  0  0  0  0  0  0  0 11  0  0  0  0 12  0  0  0  0  0  0  0  0  0  0  0  0  0  0  0  0  0 12 12 12 12 10  7  5 10 10 13 12 12 16 16 12 12 12 12 11 11 11 11 11 11 11 11 11  0 12 12 12 13 10 11 11 11 11 11 11 11 11 13 10 10 10 11  5  8  7  8 
12 12 12 12 12  0 12 12 12 12 12 12 12 12 12 12 12 12 12 12 12 12 12 12 12 12 12 12  8 12 12 12 12  0 12 12 12 12 12 12 12 12 12 12 12 12 12 12 12 12 12  0  0  0  0  4 14 11  3  3  6  0  0  5  8  0  0  0  0  8  8  8  8  8  8  8  8  8 12  0  0  0  6  6  8  8  8  8  8  6  6  6  6  4  7  4  8  9  7 11  9 
 0  0  0  0  0 12  0  0  0  0  0  0  0  0  0  0  0  0  0  0  0  0  0  0  0  0  0  0 11  0  0  0  0 12  0  0  0  0  0  0  0  0  0  0  0  0  0  0  0  0  0 12 12 12 12 10  7  5 10 10 13 12 12 16 16 12 12 12 12 11 11 11 11 11 11 11 11 11  0 12 12 12 13 10 11 11 11 11 11 11 11 11 13 10 10 10 11  5  8  7  8 
 0  0  0  0  0 12  0  0  0  0  0  0  0  0  0  0  0  0  0  0  0  0  0  0  0  0  0  0 11  0  0  0  0 12  0  0  0  0  0  0  0  0  0  0  0  0  0  0  0  0  0 12 12 12 12 10  7  5 10 10 13 12 12 16 16 12 12 12 12 11 11 11 11 11 11 11 11 11  0 12 12 12 13 10 11 11 11 11 11 11 11 11 13 10 10 10 11  5  8  7  8 
 0  0  0  0  0 12  0  0  0  0  0  0  0  0  0  0  0  0  0  0  0  0  0  0  0  0  0  0 11  0  0  0  0 12  0  0  0  0  0  0  0  0  0  0  0  0  0  0  0  0  0 12 12 12 12 10  7  5 10 10 13 12 12 16 16 12 12 12 12 11 11 11 11 11 11 11 11 11  0 12 12 12 13 10 11 11 11 11 11 11 11 11 13 10 10 10 11  5  8  7  8 
 0  0  0  0  0 12  0  0  0  0  0  0  0  0  0  0  0  0  0  0  0  0  0  0  0  0  0  0 11  0  0  0  0 12  0  0  0  0  0  0  0  0  0  0  0  0  0  0  0  0  0 12 12 12 12 10  7  5 10 10 13 12 12 16 16 12 12 12 12 11 11 11 11 11 11 11 11 11  0 12 12 12 13 10 11 11 11 11 11 11 11 11 13 10 10 10 11  5  8  7  8 
 0  0  0  0  0 12  0  0  0  0  0  0  0  0  0  0  0  0  0  0  0  0  0  0  0  0  0  0 11  0  0  0  0 12  0  0  0  0  0  0  0  0  0  0  0  0  0  0  0  0  0 12 12 12 12 10  7  5 10 10 13 12 12 16 16 12 12 12 12 11 11 11 11 11 11 11 11 11  0 12 12 12 13 10 11 11 11 11 11 11 11 11 13 10 10 10 11  5  8  7  8 
 0  0  0  0  0 12  0  0  0  0  0  0  0  0  0  0  0  0  0  0  0  0  0  0  0  0  0  0 11  0  0  0  0 12  0  0  0  0  0  0  0  0  0  0  0  0  0  0  0  0  0 12 12 12 12 10  7  5 10 10 13 12 12 16 16 12 12 12 12 11 11 11 11 11 11 11 11 11  0 12 12 12 13 10 11 11 11 11 11 11 11 11 13 10 10 10 11  5  8  7  8 
 0  0  0  0  0 12  0  0  0  0  0  0  0  0  0  0  0  0  0  0  0  0  0  0  0  0  0  0 11  0  0  0  0 12  0  0  0  0  0  0  0  0  0  0  0  0  0  0  0  0  0 12 12 12 12 10  7  5 10 10 13 12 12 16 16 12 12 12 12 11 11 11 11 11 11 11 11 11  0 12 12 12 13 10 11 11 11 11 11 11 11 11 13 10 10 10 11  5  8  7  8 
 0  0  0  0  0 12  0  0  0  0  0  0  0  0  0  0  0  0  0  0  0  0  0  0  0  0  0  0 11  0  0  0  0 12  0  0  0  0  0  0  0  0  0  0  0  0  0  0  0  0  0 12 12 12 12 10  7  5 10 10 13 12 12 16 16 12 12 12 12 11 11 11 11 11 11 11 11 11  0 12 12 12 13 10 11 11 11 11 11 11 11 11 13 10 10 10 11  5  8  7  8 
 0  0  0  0  0 12  0  0  0  0  0  0  0  0  0  0  0  0  0  0  0  0  0  0  0  0  0  0 11  0  0  0  0 12  0  0  0  0  0  0  0  0  0  0  0  0  0  0  0  0  0 12 12 12 12 10  7  5 10 10 13 12 12 16 16 12 12 12 12 11 11 11 11 11 11 11 11 11  0 12 12 12 13 10 11 11 11 11 11 11 11 11 13 10 10 10 11  5  8  7  8 
 0  0  0  0  0 12  0  0  0  0  0  0  0  0  0  0  0  0  0  0  0  0  0  0  0  0  0  0 11  0  0  0  0 12  0  0  0  0  0  0  0  0  0  0  0  0  0  0  0  0  0 12 12 12 12 10  7  5 10 10 13 12 12 16 16 12 12 12 12 11 11 11 11 11 11 11 11 11  0 12 12 12 13 10 11 11 11 11 11 11 11 11 13 10 10 10 11  5  8  7  8 
 0  0  0  0  0 12  0  0  0  0  0  0  0  0  0  0  0  0  0  0  0  0  0  0  0  0  0  0 11  0  0  0  0 12  0  0  0  0  0  0  0  0  0  0  0  0  0  0  0  0  0 12 12 12 12 10  7  5 10 10 13 12 12 16 16 12 12 12 12 11 11 11 11 11 11 11 11 11  0 12 12 12 13 10 11 11 11 11 11 11 11 11 13 10 10 10 11  5  8  7  8 
 0  0  0  0  0 12  0  0  0  0  0  0  0  0  0  0  0  0  0  0  0  0  0  0  0  0  0  0 11  0  0  0  0 12  0  0  0  0  0  0  0  0  0  0  0  0  0  0  0  0  0 12 12 12 12 10  7  5 10 10 13 12 12 16 16 12 12 12 12 11 11 11 11 11 11 11 11 11  0 12 12 12 13 10 11 11 11 11 11 11 11 11 13 10 10 10 11  5  8  7  8 
 0  0  0  0  0 12  0  0  0  0  0  0  0  0  0  0  0  0  0  0  0  0  0  0  0  0  0  0 11  0  0  0  0 12  0  0  0  0  0  0  0  0  0  0  0  0  0  0  0  0  0 12 12 12 12 10  7  5 10 10 13 12 12 16 16 12 12 12 12 11 11 11 11 11 11 11 11 11  0 12 12 12 13 10 11 11 11 11 11 11 11 11 13 10 10 10 11  5  8  7  8 
 0  0  0  0  0 12  0  0  0  0  0  0  0  0  0  0  0  0  0  0  0  0  0  0  0  0  0  0 11  0  0  0  0 12  0  0  0  0  0  0  0  0  0  0  0  0  0  0  0  0  0 12 12 12 12 10  7  5 10 10 13 12 12 16 16 12 12 12 12 11 11 11 11 11 11 11 11 11  0 12 12 12 13 10 11 11 11 11 11 11 11 11 13 10 10 10 11  5  8  7  8 
 0  0  0  0  0 12  0  0  0  0  0  0  0  0  0  0  0  0  0  0  0  0  0  0  0  0  0  0 11  0  0  0  0 12  0  0  0  0  0  0  0  0  0  0  0  0  0  0  0  0  0 12 12 12 12 10  7  5 10 10 13 12 12 16 16 12 12 12 12 11 11 11 11 11 11 11 11 11  0 12 12 12 13 10 11 11 11 11 11 11 11 11 13 10 10 10 11  5  8  7  8 
 0  0  0  0  0 12  0  0  0  0  0  0  0  0  0  0  0  0  0  0  0  0  0  0  0  0  0  0 11  0  0  0  0 12  0  0  0  0  0  0  0  0  0  0  0  0  0  0  0  0  0 12 12 12 12 10  7  5 10 10 13 12 12 16 16 12 12 12 12 11 11 11 11 11 11 11 11 11  0 12 12 12 13 10 11 11 11 11 11 11 11 11 13 10 10 10 11  5  8  7  8 
 0  0  0  0  0 12  0  0  0  0  0  0  0  0  0  0  0  0  0  0  0  0  0  0  0  0  0  0 11  0  0  0  0 12  0  0  0  0  0  0  0  0  0  0  0  0  0  0  0  0  0 12 12 12 12 10  7  5 10 10 13 12 12 16 16 12 12 12 12 11 11 11 11 11 11 11 11 11  0 12 12 12 13 10 11 11 11 11 11 11 11 11 13 10 10 10 11  5  8  7  8 
12 12 12 12 12  0 12 12 12 12 12 12 12 12 12 12 12 12 12 12 12 12 12 12 12 12 12 12  8 12 12 12 12  0 12 12 12 12 12 12 12 12 12 12 12 12 12 12 12 12 12  0  0  0  0  4 14 11  3  3  6  0  0  5  8  0  0  0  0  8  8  8  8  8  8  8  8  8 12  0  0  0  6  6  8  8  8  8  8  6  6  6  6  4  7  4  8  9  7 11  9 
12 12 12 12 12  0 12 12 12 12 12 12 12 12 12 12 12 12 12 12 12 12 12 12 12 12 12 12  8 12 12 12 12  0 12 12 12 12 12 12 12 12 12 12 12 12 12 12 12 12 12  0  0  0  0  4 14 11  3  3  6  0  0  5  8  0  0  0  0  8  8  8  8  8  8  8  8  8 12  0  0  0  6  6  8  8  8  8  8  6  6  6  6  4  7  4  8  9  7 11  9 
12 12 12 12 12  0 12 12 12 12 12 12 12 12 12 12 12 12 12 12 12 12 12 12 12 12 12 12  8 12 12 12 12  0 12 12 12 12 12 12 12 12 12 12 12 12 12 12 12 12 12  0  0  0  0  4 14 11  3  3  6  0  0  5  8  0  0  0  0  8  8  8  8  8  8  8  8  8 12  0  0  0  6  6  8  8  8  8  8  6  6  6  6  4  7  4  8  9  7 11  9 
12 12 12 12 12  0 12 12 12 12 12 12 12 12 12 12 12 12 12 12 12 12 12 12 12 12 12 12  8 12 12 12 12  0 12 12 12 12 12 12 12 12 12 12 12 12 12 12 12 12 12  0  0  0  0  4 14 11  3  3  6  0  0  5  8  0  0  0  0  8  8  8  8  8  8  8  8  8 12  0  0  0  6  6  8  8  8  8  8  6  6  6  6  4  7  4  8  9  7 11  9 
10 10 10 10 10  4 10 10 10 10 10 10 10 10 10 10 10 10 10 10 10 10 10 10 10 10 10 10  8 10 10 10 10  4 10 10 10 10 10 10 10 10 10 10 10 10 10 10 10 10 10  4  4  4  4  0 12  7  5  5  6  4  4  7 10  4  4  4  4  8  8  8  8  8  8  8  8  8 10  4  4  4  6  5  8  8  8  8  8  4  4  4  8  3  5  3  8  8  6 10  6 
 7  7  7  7  7 14  7  7  7  7  7  7  7  7  7  7  7  7  7  7  7  7  7  7  7  7  7  7 12  7  7  7  7 14  7  7  7  7  7  7  7  7  7  7  7  7  7  7  7  7  7 14 14 14 14 12  0  5 12 12 15 14 14 16 16 14 14 14 14 12 12 12 12 12 12 12 12 12  7 14 14 14 15 11 12 12 12 12 12 13 13 13 12 12  9 12 12  9  8  8 11 
 5  5  5  5  5 11  5  5  5  5  5  5  5  5  5  5  5  5  5  5  5  5  5  5  5  5  5  5  7  5  5  5  5 11  5  5  5  5  5  5  5  5  5  5  5  5  5  5  5  5  5 11 11 11 11  7  5  0  9  9 12 11 11 14 13 11 11 11 11  7  7  7  7  7  7  7  7  7  5 11 11 11 12 10  7  7  7  7  7  8  8  8  9  9  8  9  7  4  5  8  8 
10 10 10 10 10  3 10 10 10 10 10 10 10 10 10 10 10 10 10 10 10 10 10 10 10 10 10 10  6 10 10 10 10  3 10 10 10 10 10 10 10 10 10 10 10 10 10 10 10 10 10  3  3  3  3  5 12  9  0  0  6  3  3  8  8  3  3  3  3  6  6  6  6  6  6  6  6  6 10  3  3  3  6  7  6  6  6  6  6  6  6  6  8  6  8  6  6 11  9 13  9 
10 10 10 10 10  3 10 10 10 10 10 10 10 10 10 10 10 10 10 10 10 10 10 10 10 10 10 10  6 10 10 10 10  3 10 10 10 10 10 10 10 10 10 10 10 10 10 10 10 10 10  3  3  3  3  5 12  9  0  0  6  3  3  8  8  3  3  3  3  6  6  6  6  6  6  6  6  6 10  3  3  3  6  7  6  6  6  6  6  6  6  6  8  6  8  6  6 11  9 13  9 
13 13 13 13 13  6 13 13 13 13 13 13 13 13 13 13 13 13 13 13 13 13 13 13 13 13 13 13  9 13 13 13 13  6 13 13 13 13 13 13 13 13 13 13 13 13 13 13 13 13 13  6  6  6  6  6 15 12  6  6  0  6  6  3  6  6  6  6  6  9  9  9  9  9  9  9  9  9 13  6  6  6  0  8  9  9  9  9  9  7  7  7  7  7  9  7  9 11  9 13 11 
12 12 12 12 12  0 12 12 12 12 12 12 12 12 12 12 12 12 12 12 12 12 12 12 12 12 12 12  8 12 12 12 12  0 12 12 12 12 12 12 12 12 12 12 12 12 12 12 12 12 12  0  0  0  0  4 14 11  3  3  6  0  0  5  8  0  0  0  0  8  8  8  8  8  8  8  8  8 12  0  0  0  6  6  8  8  8  8  8  6  6  6  6  4  7  4  8  9  7 11  9 
12 12 12 12 12  0 12 12 12 12 12 12 12 12 12 12 12 12 12 12 12 12 12 12 12 12 12 12  8 12 12 12 12  0 12 12 12 12 12 12 12 12 12 12 12 12 12 12 12 12 12  0  0  0  0  4 14 11  3  3  6  0  0  5  8  0  0  0  0  8  8  8  8  8  8  8  8  8 12  0  0  0  6  6  8  8  8  8  8  6  6  6  6  4  7  4  8  9  7 11  9 
16 16 16 16 16  5 16 16 16 16 16 16 16 16 16 16 16 16 16 16 16 16 16 16 16 16 16 16 11 16 16 16 16  5 16 16 16 16 16 16 16 16 16 16 16 16 16 16 16 16 16  5  5  5  5  7 16 14  8  8  3  5  5  0  5  5  5  5  5 11 11 11 11 11 11 11 11 11 16  5  5  5  3  7 11 11 11 11 11  9  9  9  9  8 10  8 11 12 11 13 10 
16 16 16 16 16  8 16 16 16 16 16 16 16 16 16 16 16 16 16 16 16 16 16 16 16 16 16 16 10 16 16 16 16  8 16 16 16 16 16 16 16 16 16 16 16 16 16 16 16 16 16  8  8  8  8 10 16 13  8  8  6  8  8  5  0  8  8  8  8 10 10 10 10 10 10 10 10 10 16  8  8  8  6 10 10 10 10 10 10  9  9  9  8 11 12 11 10 13 13 16 11 
12 12 12 12 12  0 12 12 12 12 12 12 12 12 12 12 12 12 12 12 12 12 12 12 12 12 12 12  8 12 12 12 12  0 12 12 12 12 12 12 12 12 12 12 12 12 12 12 12 12 12  0  0  0  0  4 14 11  3  3  6  0  0  5  8  0  0  0  0  8  8  8  8  8  8  8  8  8 12  0  0  0  6  6  8  8  8  8  8  6  6  6  6  4  7  4  8  9  7 11  9 
12 12 12 12 12  0 12 12 12 12 12 12 12 12 12 12 12 12 12 12 12 12 12 12 12 12 12 12  8 12 12 12 12  0 12 12 12 12 12 12 12 12 12 12 12 12 12 12 12 12 12  0  0  0  0  4 14 11  3  3  6  0  0  5  8  0  0  0  0  8  8  8  8  8  8  8  8  8 12  0  0  0  6  6  8  8  8  8  8  6  6  6  6  4  7  4  8  9  7 11  9 
12 12 12 12 12  0 12 12 12 12 12 12 12 12 12 12 12 12 12 12 12 12 12 12 12 12 12 12  8 12 12 12 12  0 12 12 12 12 12 12 12 12 12 12 12 12 12 12 12 12 12  0  0  0  0  4 14 11  3  3  6  0  0  5  8  0  0  0  0  8  8  8  8  8  8  8  8  8 12  0  0  0  6  6  8  8  8  8  8  6  6  6  6  4  7  4  8  9  7 11  9 
12 12 12 12 12  0 12 12 12 12 12 12 12 12 12 12 12 12 12 12 12 12 12 12 12 12 12 12  8 12 12 12 12  0 12 12 12 12 12 12 12 12 12 12 12 12 12 12 12 12 12  0  0  0  0  4 14 11  3  3  6  0  0  5  8  0  0  0  0  8  8  8  8  8  8  8  8  8 12  0  0  0  6  6  8  8  8  8  8  6  6  6  6  4  7  4  8  9  7 11  9 
11 11 11 11 11  8 11 11 11 11 11 11 11 11 11 11 11 11 11 11 11 11 11 11 11 11 11 11  0 11 11 11 11  8 11 11 11 11 11 11 11 11 11 11 11 11 11 11 11 11 11  8  8  8  8  8 12  7  6  6  9  8  8 11 10  8  8  8  8  0  0  0  0  0  0  0  0  0 11  8  8  8  9  5  0  0  0  0  0  6  6  6 10  6  8  6  0  6  7 10 10 
11 11 11 11 11  8 11 11 11 11 11 11 11 11 11 11 11 11 11 11 11 11 11 11 11 11 11 11  0 11 11 11 11  8 11 11 11 11 11 11 11 11 11 11 11 11 11 11 11 11 11  8  8  8  8  8 12  7  6  6  9  8  8 11 10  8  8  8  8  0  0  0  0  0  0  0  0  0 11  8  8  8  9  5  0  0  0  0  0  6  6  6 10  6  8  6  0  6  7 10 10 
11 11 11 11 11  8 11 11 11 11 11 11 11 11 11 11 11 11 11 11 11 11 11 11 11 11 11 11  0 11 11 11 11  8 11 11 11 11 11 11 11 11 11 11 11 11 11 11 11 11 11  8  8  8  8  8 12  7  6  6  9  8  8 11 10  8  8  8  8  0  0  0  0  0  0  0  0  0 11  8  8  8  9  5  0  0  0  0  0  6  6  6 10  6  8  6  0  6  7 10 10 
11 11 11 11 11  8 11 11 11 11 11 11 11 11 11 11 11 11 11 11 11 11 11 11 11 11 11 11  0 11 11 11 11  8 11 11 11 11 11 11 11 11 11 11 11 11 11 11 11 11 11  8  8  8  8  8 12  7  6  6  9  8  8 11 10  8  8  8  8  0  0  0  0  0  0  0  0  0 11  8  8  8  9  5  0  0  0  0  0  6  6  6 10  6  8  6  0  6  7 10 10 
11 11 11 11 11  8 11 11 11 11 11 11 11 11 11 11 11 11 11 11 11 11 11 11 11 11 11 11  0 11 11 11 11  8 11 11 11 11 11 11 11 11 11 11 11 11 11 11 11 11 11  8  8  8  8  8 12  7  6  6  9  8  8 11 10  8  8  8  8  0  0  0  0  0  0  0  0  0 11  8  8  8  9  5  0  0  0  0  0  6  6  6 10  6  8  6  0  6  7 10 10 
11 11 11 11 11  8 11 11 11 11 11 11 11 11 11 11 11 11 11 11 11 11 11 11 11 11 11 11  0 11 11 11 11  8 11 11 11 11 11 11 11 11 11 11 11 11 11 11 11 11 11  8  8  8  8  8 12  7  6  6  9  8  8 11 10  8  8  8  8  0  0  0  0  0  0  0  0  0 11  8  8  8  9  5  0  0  0  0  0  6  6  6 10  6  8  6  0  6  7 10 10 
11 11 11 11 11  8 11 11 11 11 11 11 11 11 11 11 11 11 11 11 11 11 11 11 11 11 11 11  0 11 11 11 11  8 11 11 11 11 11 11 11 11 11 11 11 11 11 11 11 11 11  8  8  8  8  8 12  7  6  6  9  8  8 11 10  8  8  8  8  0  0  0  0  0  0  0  0  0 11  8  8  8  9  5  0  0  0  0  0  6  6  6 10  6  8  6  0  6  7 10 10 
11 11 11 11 11  8 11 11 11 11 11 11 11 11 11 11 11 11 11 11 11 11 11 11 11 11 11 11  0 11 11 11 11  8 11 11 11 11 11 11 11 11 11 11 11 11 11 11 11 11 11  8  8  8  8  8 12  7  6  6  9  8  8 11 10  8  8  8  8  0  0  0  0  0  0  0  0  0 11  8  8  8  9  5  0  0  0  0  0  6  6  6 10  6  8  6  0  6  7 10 10 
11 11 11 11 11  8 11 11 11 11 11 11 11 11 11 11 11 11 11 11 11 11 11 11 11 11 11 11  0 11 11 11 11  8 11 11 11 11 11 11 11 11 11 11 11 11 11 11 11 11 11  8  8  8  8  8 12  7  6  6  9  8  8 11 10  8  8  8  8  0  0  0  0  0  0  0  0  0 11  8  8  8  9  5  0  0  0  0  0  6  6  6 10  6  8  6  0  6  7 10 10 
 0  0  0  0  0 12  0  0  0  0  0  0  0  0  0  0  0  0  0  0  0  0  0  0  0  0  0  0 11  0  0  0  0 12  0  0  0  0  0  0  0  0  0  0  0  0  0  0  0  0  0 12 12 12 12 10  7  5 10 10 13 12 12 16 16 12 12 12 12 11 11 11 11 11 11 11 11 11  0 12 12 12 13 10 11 11 11 11 11 11 11 11 13 10 10 10 11  5  8  7  8 
12 12 12 12 12  0 12 12 12 12 12 12 12 12 12 12 12 12 12 12 12 12 12 12 12 12 12 12  8 12 12 12 12  0 12 12 12 12 12 12 12 12 12 12 12 12 12 12 12 12 12  0  0  0  0  4 14 11  3  3  6  0  0  5  8  0  0  0  0  8  8  8  8  8  8  8  8  8 12  0  0  0  6  6  8  8  8  8  8  6  6  6  6  4  7  4  8  9  7 11  9 
12 12 12 12 12  0 12 12 12 12 12 12 12 12 12 12 12 12 12 12 12 12 12 12 12 12 12 12  8 12 12 12 12  0 12 12 12 12 12 12 12 12 12 12 12 12 12 12 12 12 12  0  0  0  0  4 14 11  3  3  6  0  0  5  8  0  0  0  0  8  8  8  8  8  8  8  8  8 12  0  0  0  6  6  8  8  8  8  8  6  6  6  6  4  7  4  8  9  7 11  9 
12 12 12 12 12  0 12 12 12 12 12 12 12 12 12 12 12 12 12 12 12 12 12 12 12 12 12 12  8 12 12 12 12  0 12 12 12 12 12 12 12 12 12 12 12 12 12 12 12 12 12  0  0  0  0  4 14 11  3  3  6  0  0  5  8  0  0  0  0  8  8  8  8  8  8  8  8  8 12  0  0  0  6  6  8  8  8  8  8  6  6  6  6  4  7  4  8  9  7 11  9 
13 13 13 13 13  6 13 13 13 13 13 13 13 13 13 13 13 13 13 13 13 13 13 13 13 13 13 13  9 13 13 13 13  6 13 13 13 13 13 13 13 13 13 13 13 13 13 13 13 13 13  6  6  6  6  6 15 12  6  6  0  6  6  3  6  6  6  6  6  9  9  9  9  9  9  9  9  9 13  6  6  6  0  8  9  9  9  9  9  7  7  7  7  7  9  7  9 11  9 13 11 
10 10 10 10 10  6 10 10 10 10 10 10 10 10 10 10 10 10 10 10 10 10 10 10 10 10 10 10  5 10 10 10 10  6 10 10 10 10 10 10 10 10 10 10 10 10 10 10 10 10 10  6  6  6  6  5 11 10  7  7  8  6  6  7 10  6  6  6  6  5  5  5  5  5  5  5  5  5 10  6  6  6  8  0  5  5  5  5  5  6  6  6  9  3  8  3  5  6  5  7  8 
11 11 11 11 11  8 11 11 11 11 11 11 11 11 11 11 11 11 11 11 11 11 11 11 11 11 11 11  0 11 11 11 11  8 11 11 11 11 11 11 11 11 11 11 11 11 11 11 11 11 11  8  8  8  8  8 12  7  6  6  9  8  8 11 10  8  8  8  8  0  0  0  0  0  0  0  0  0 11  8  8  8  9  5  0  0  0  0  0  6  6  6 10  6  8  6  0  6  7 10 10 
11 11 11 11 11  8 11 11 11 11 11 11 11 11 11 11 11 11 11 11 11 11 11 11 11 11 11 11  0 11 11 11 11  8 11 11 11 11 11 11 11 11 11 11 11 11 11 11 11 11 11  8  8  8  8  8 12  7  6  6  9  8  8 11 10  8  8  8  8  0  0  0  0  0  0  0  0  0 11  8  8  8  9  5  0  0  0  0  0  6  6  6 10  6  8  6  0  6  7 10 10 
11 11 11 11 11  8 11 11 11 11 11 11 11 11 11 11 11 11 11 11 11 11 11 11 11 11 11 11  0 11 11 11 11  8 11 11 11 11 11 11 11 11 11 11 11 11 11 11 11 11 11  8  8  8  8  8 12  7  6  6  9  8  8 11 10  8  8  8  8  0  0  0  0  0  0  0  0  0 11  8  8  8  9  5  0  0  0  0  0  6  6  6 10  6  8  6  0  6  7 10 10 
11 11 11 11 11  8 11 11 11 11 11 11 11 11 11 11 11 11 11 11 11 11 11 11 11 11 11 11  0 11 11 11 11  8 11 11 11 11 11 11 11 11 11 11 11 11 11 11 11 11 11  8  8  8  8  8 12  7  6  6  9  8  8 11 10  8  8  8  8  0  0  0  0  0  0  0  0  0 11  8  8  8  9  5  0  0  0  0  0  6  6  6 10  6  8  6  0  6  7 10 10 
11 11 11 11 11  8 11 11 11 11 11 11 11 11 11 11 11 11 11 11 11 11 11 11 11 11 11 11  0 11 11 11 11  8 11 11 11 11 11 11 11 11 11 11 11 11 11 11 11 11 11  8  8  8  8  8 12  7  6  6  9  8  8 11 10  8  8  8  8  0  0  0  0  0  0  0  0  0 11  8  8  8  9  5  0  0  0  0  0  6  6  6 10  6  8  6  0  6  7 10 10 
11 11 11 11 11  6 11 11 11 11 11 11 11 11 11 11 11 11 11 11 11 11 11 11 11 11 11 11  6 11 11 11 11  6 11 11 11 11 11 11 11 11 11 11 11 11 11 11 11 11 11  6  6  6  6  4 13  8  6  6  7  6  6  9  9  6  6  6  6  6  6  6  6  6  6  6  6  6 11  6  6  6  7  6  6  6  6  6  6  0  0  0  4  6  7  6  6  8  6 10  8 
11 11 11 11 11  6 11 11 11 11 11 11 11 11 11 11 11 11 11 11 11 11 11 11 11 11 11 11  6 11 11 11 11  6 11 11 11 11 11 11 11 11 11 11 11 11 11 11 11 11 11  6  6  6  6  4 13  8  6  6  7  6  6  9  9  6  6  6  6  6  6  6  6  6  6  6  6  6 11  6  6  6  7  6  6  6  6  6  6  0  0  0  4  6  7  6  6  8  6 10  8 
11 11 11 11 11  6 11 11 11 11 11 11 11 11 11 11 11 11 11 11 11 11 11 11 11 11 11 11  6 11 11 11 11  6 11 11 11 11 11 11 11 11 11 11 11 11 11 11 11 11 11  6  6  6  6  4 13  8  6  6  7  6  6  9  9  6  6  6  6  6  6  6  6  6  6  6  6  6 11  6  6  6  7  6  6  6  6  6  6  0  0  0  4  6  7  6  6  8  6 10  8 
13 13 13 13 13  6 13 13 13 13 13 13 13 13 13 13 13 13 13 13 13 13 13 13 13 13 13 13 10 13 13 13 13  6 13 13 13 13 13 13 13 13 13 13 13 13 13 13 13 13 13  6  6  6  6  8 12  9  8  8  7  6  6  9  8  6  6  6  6 10 10 10 10 10 10 10 10 10 13  6  6  6  7  9 10 10 10 10 10  4  4  4  0  7  7  7 10 10  8 12  8 
10 10 10 10 10  4 10 10 10 10 10 10 10 10 10 10 10 10 10 10 10 10 10 10 10 10 10 10  6 10 10 10 10  4 10 10 10 10 10 10 10 10 10 10 10 10 10 10 10 10 10  4  4  4  4  3 12  9  6  6  7  4  4  8 11  4  4  4  4  6  6  6  6  6  6  6  6  6 10  4  4  4  7  3  6  6  6  6  6  6  6  6  7  0  6  0  6  7  7  8  7 
10 10 10 10 10  7 10 10 10 10 10 10 10 10 10 10 10 10 10 10 10 10 10 10 10 10 10 10  8 10 10 10 10  7 10 10 10 10 10 10 10 10 10 10 10 10 10 10 10 10 10  7  7  7  7  5  9  8  8  8  9  7  7 10 12  7  7  7  7  8  8  8  8  8  8  8  8  8 10  7  7  7  9  8  8  8  8  8  8  7  7  7  7  6  0  6  8  6  3  6  6 
10 10 10 10 10  4 10 10 10 10 10 10 10 10 10 10 10 10 10 10 10 10 10 10 10 10 10 10  6 10 10 10 10  4 10 10 10 10 10 10 10 10 10 10 10 10 10 10 10 10 10  4  4  4  4  3 12  9  6  6  7  4  4  8 11  4  4  4  4  6  6  6  6  6  6  6  6  6 10  4  4  4  7  3  6  6  6  6  6  6  6  6  7  0  6  0  6  7  7  8  7 
11 11 11 11 11  8 11 11 11 11 11 11 11 11 11 11 11 11 11 11 11 11 11 11 11 11 11 11  0 11 11 11 11  8 11 11 11 11 11 11 11 11 11 11 11 11 11 11 11 11 11  8  8  8  8  8 12  7  6  6  9  8  8 11 10  8  8  8  8  0  0  0  0  0  0  0  0  0 11  8  8  8  9  5  0  0  0  0  0  6  6  6 10  6  8  6  0  6  7 10 10 
 5  5  5  5  5  9  5  5  5  5  5  5  5  5  5  5  5  5  5  5  5  5  5  5  5  5  5  5  6  5  5  5  5  9  5  5  5  5  5  5  5  5  5  5  5  5  5  5  5  5  5  9  9  9  9  8  9  4 11 11 11  9  9 12 13  9  9  9  9  6  6  6  6  6  6  6  6  6  5  9  9  9 11  6  6  6  6  6  6  8  8  8 10  7  6  7  6  0  3  6  6 
 8  8  8  8  8  7  8  8  8  8  8  8  8  8  8  8  8  8  8  8  8  8  8  8  8  8  8  8  7  8  8  8  8  7  8  8  8  8  8  8  8  8  8  8  8  8  8  8  8  8  8  7  7  7  7  6  8  5  9  9  9  7  7 11 13  7  7  7  7  7  7  7  7  7  7  7  7  7  8  7  7  7  9  5  7  7  7  7  7  6  6  6  8  7  3  7  7  3  0  8  3 
 7  7  7  7  7 11  7  7  7  7  7  7  7  7  7  7  7  7  7  7  7  7  7  7  7  7  7  7 10  7  7  7  7 11  7  7  7  7  7  7  7  7  7  7  7  7  7  7  7  7  7 11 11 11 11 10  8  8 13 13 13 11 11 13 16 11 11 11 11 10 10 10 10 10 10 10 10 10  7 11 11 11 13  7 10 10 10 10 10 10 10 10 12  8  6  8 10  6  8  0  8 
 8  8  8  8  8  9  8  8  8  8  8  8  8  8  8  8  8  8  8  8  8  8  8  8  8  8  8  8 10  8  8  8  8  9  8  8  8  8  8  8  8  8  8  8  8  8  8  8  8  8  8  9  9  9  9  6 11  8  9  9 11  9  9 10 11  9  9  9  9 10 10 10 10 10 10 10 10 10  8  9  9  9 11  8 10 10 10 10 10  8  8  8  8  7  6  7 10  6  3  8  0 
