Instance Date: 20090111

VehicleNumber---RequestNumber---MaxTravelTime---DisinfectionTime
    2              53               90             30

VehicleCapacity---VehicleLunchReadyTime---VehicleLunchDueTime---VehicleLunchDuration
    10                    870                    930                     60

LocationID---StaffDemand---SeatDemand---ReadyTime---DueTime---ServiceTime
    0            0              0          450        1230         0
    1            2              3          480         750         8
    2            2              1          480        1200         8
    3            2              3          480         750         8
    4            2              1          480        1200         8
    5            2              1          480        1200         8
    6            2              1          480        1200         8
    7            3              3          480         750         8
    8            3              3          750        1200         8
    9            2              1          752         902         8
   10            2              1          480        1200         8
   11            2              3          480         750         8
   12            2              1          480        1200         8
   13            3              1          480         750         8
   14            2              1          480         750         8
   15            2              1          480        1200         8
   16            2              1          750        1200         8
   17            2              1          795         945         8
   18            2              1          750        1200         8
   19            2              1          480         750         8
   20            2              1          480        1200         8
   21            2              3          480        1200         8
   22            2              3          480        1200         8
   23            2              3          480        1200         8
   24            2              3          480         750         8
   25            2              1          778         928         8
   26            2              1          480         750         8
   27            2              1          750        1200         8
   28            2              3          480         750         8
   29            2              1          480        1200         8
   30            2              3          480        1200         8
   31            2              1          480        1200         8
   32            2              3          480         750         8
   33            2              1          900        1050         8
   34            2              3          750         900         8
   35            3              3          733         883         8
   36            2              1          750        1200         8
   37            2              3          480        1200         8
   38            2              3          930        1050         8
   39            2              1          480        1200         8
   40            3              3          480        1200         8
   41            2              1          480        1200         8
   42            2              1          480         750         8
   43            3              3          480        1200         8
   44            3              3          750        1200         8
   45            2              1          750        1200         8
   46            3              1          480         750         8
   47            2              3          750        1200         8
   48            3              3          480        1200         8
   49            2              3          480        1200         8
   50            2              1          750        1200         8
   51            2              3          750        1200         8
   52            2              3          480        1200         8
   53            2              1          480        1200         8
   54            2             -3          480         750        10
   55            2             -1          480        1200        10
   56            2             -3          480         750        10
   57            2             -1          480        1200        10
   58            2             -1          480        1200         3
   59            2             -1          480        1200         3
   60            3             -3          480         750         3
   61            3             -3          750        1200         3
   62            2             -1          752         932         3
   63            2             -1          480        1200        10
   64            2             -3          480         750        10
   65            2             -1          480        1200        10
   66            3             -1          480         750         9
   67            2             -1          480         750         3
   68            2             -1          480        1200         3
   69            2             -1          750        1200         3
   70            2             -1          795         975         3
   71            2             -1          750        1200         3
   72            2             -1          480         750         3
   73            2             -1          480        1200         3
   74            2             -3          480        1200         3
   75            2             -3          480        1200         3
   76            2             -3          480        1200         3
   77            2             -3          480         750         3
   78            2             -1          778         958         3
   79            2             -1          480         750         3
   80            2             -1          750        1200         3
   81            2             -3          480         750        10
   82            2             -1          480        1200         3
   83            2             -3          480        1200         3
   84            2             -1          480        1200         3
   85            2             -3          480         750         3
   86            2             -1          900        1080         3
   87            2             -3          750         930         3
   88            3             -3          733         913         3
   89            2             -1          750        1200         3
   90            2             -3          480        1200         3
   91            2             -3          930        1080        10
   92            2             -1          480        1200        10
   93            3             -3          480        1200         3
   94            2             -1          480        1200        10
   95            2             -1          480         750        10
   96            3             -3          480        1200        10
   97            3             -3          750        1200         3
   98            2             -1          750        1200        10
   99            3             -1          480         750         3
  100            2             -3          750        1200        10
  101            3             -3          480        1200         3
  102            2             -3          480        1200         3
  103            2             -1          750        1200         3
  104            2             -3          750        1200         3
  105            2             -3          480        1200        10
  106            2             -1          480        1200        10

Travel Time Between Locations
 0  0  0  0  0  0  0  0  0  0  0  0  0  0  0  0  0  0  0 12  0  0  0  0  0  0  0  0  0  0  0  0  0  0  0  0  0  0  0  0  0  0  0  0  0  0  0  0  0  0  0  0  0  0 12 13 12 17 12 12 12 12 12  6  5  6  5 12 12 12 12 12  0 12 12 12 12 12 12 12 12 13 12 12 12 12 12 12 12 12 12 13 13  5  9  6  8 10 11 10  9 12 12 12 12  5  6 
 0  0  0  0  0  0  0  0  0  0  0  0  0  0  0  0  0  0  0 12  0  0  0  0  0  0  0  0  0  0  0  0  0  0  0  0  0  0  0  0  0  0  0  0  0  0  0  0  0  0  0  0  0  0 12 13 12 17 12 12 12 12 12  6  5  6  5 12 12 12 12 12  0 12 12 12 12 12 12 12 12 13 12 12 12 12 12 12 12 12 12 13 13  5  9  6  8 10 11 10  9 12 12 12 12  5  6 
 0  0  0  0  0  0  0  0  0  0  0  0  0  0  0  0  0  0  0 12  0  0  0  0  0  0  0  0  0  0  0  0  0  0  0  0  0  0  0  0  0  0  0  0  0  0  0  0  0  0  0  0  0  0 12 13 12 17 12 12 12 12 12  6  5  6  5 12 12 12 12 12  0 12 12 12 12 12 12 12 12 13 12 12 12 12 12 12 12 12 12 13 13  5  9  6  8 10 11 10  9 12 12 12 12  5  6 
 0  0  0  0  0  0  0  0  0  0  0  0  0  0  0  0  0  0  0 12  0  0  0  0  0  0  0  0  0  0  0  0  0  0  0  0  0  0  0  0  0  0  0  0  0  0  0  0  0  0  0  0  0  0 12 13 12 17 12 12 12 12 12  6  5  6  5 12 12 12 12 12  0 12 12 12 12 12 12 12 12 13 12 12 12 12 12 12 12 12 12 13 13  5  9  6  8 10 11 10  9 12 12 12 12  5  6 
 0  0  0  0  0  0  0  0  0  0  0  0  0  0  0  0  0  0  0 12  0  0  0  0  0  0  0  0  0  0  0  0  0  0  0  0  0  0  0  0  0  0  0  0  0  0  0  0  0  0  0  0  0  0 12 13 12 17 12 12 12 12 12  6  5  6  5 12 12 12 12 12  0 12 12 12 12 12 12 12 12 13 12 12 12 12 12 12 12 12 12 13 13  5  9  6  8 10 11 10  9 12 12 12 12  5  6 
 0  0  0  0  0  0  0  0  0  0  0  0  0  0  0  0  0  0  0 12  0  0  0  0  0  0  0  0  0  0  0  0  0  0  0  0  0  0  0  0  0  0  0  0  0  0  0  0  0  0  0  0  0  0 12 13 12 17 12 12 12 12 12  6  5  6  5 12 12 12 12 12  0 12 12 12 12 12 12 12 12 13 12 12 12 12 12 12 12 12 12 13 13  5  9  6  8 10 11 10  9 12 12 12 12  5  6 
 0  0  0  0  0  0  0  0  0  0  0  0  0  0  0  0  0  0  0 12  0  0  0  0  0  0  0  0  0  0  0  0  0  0  0  0  0  0  0  0  0  0  0  0  0  0  0  0  0  0  0  0  0  0 12 13 12 17 12 12 12 12 12  6  5  6  5 12 12 12 12 12  0 12 12 12 12 12 12 12 12 13 12 12 12 12 12 12 12 12 12 13 13  5  9  6  8 10 11 10  9 12 12 12 12  5  6 
 0  0  0  0  0  0  0  0  0  0  0  0  0  0  0  0  0  0  0 12  0  0  0  0  0  0  0  0  0  0  0  0  0  0  0  0  0  0  0  0  0  0  0  0  0  0  0  0  0  0  0  0  0  0 12 13 12 17 12 12 12 12 12  6  5  6  5 12 12 12 12 12  0 12 12 12 12 12 12 12 12 13 12 12 12 12 12 12 12 12 12 13 13  5  9  6  8 10 11 10  9 12 12 12 12  5  6 
 0  0  0  0  0  0  0  0  0  0  0  0  0  0  0  0  0  0  0 12  0  0  0  0  0  0  0  0  0  0  0  0  0  0  0  0  0  0  0  0  0  0  0  0  0  0  0  0  0  0  0  0  0  0 12 13 12 17 12 12 12 12 12  6  5  6  5 12 12 12 12 12  0 12 12 12 12 12 12 12 12 13 12 12 12 12 12 12 12 12 12 13 13  5  9  6  8 10 11 10  9 12 12 12 12  5  6 
 0  0  0  0  0  0  0  0  0  0  0  0  0  0  0  0  0  0  0 12  0  0  0  0  0  0  0  0  0  0  0  0  0  0  0  0  0  0  0  0  0  0  0  0  0  0  0  0  0  0  0  0  0  0 12 13 12 17 12 12 12 12 12  6  5  6  5 12 12 12 12 12  0 12 12 12 12 12 12 12 12 13 12 12 12 12 12 12 12 12 12 13 13  5  9  6  8 10 11 10  9 12 12 12 12  5  6 
 0  0  0  0  0  0  0  0  0  0  0  0  0  0  0  0  0  0  0 12  0  0  0  0  0  0  0  0  0  0  0  0  0  0  0  0  0  0  0  0  0  0  0  0  0  0  0  0  0  0  0  0  0  0 12 13 12 17 12 12 12 12 12  6  5  6  5 12 12 12 12 12  0 12 12 12 12 12 12 12 12 13 12 12 12 12 12 12 12 12 12 13 13  5  9  6  8 10 11 10  9 12 12 12 12  5  6 
 0  0  0  0  0  0  0  0  0  0  0  0  0  0  0  0  0  0  0 12  0  0  0  0  0  0  0  0  0  0  0  0  0  0  0  0  0  0  0  0  0  0  0  0  0  0  0  0  0  0  0  0  0  0 12 13 12 17 12 12 12 12 12  6  5  6  5 12 12 12 12 12  0 12 12 12 12 12 12 12 12 13 12 12 12 12 12 12 12 12 12 13 13  5  9  6  8 10 11 10  9 12 12 12 12  5  6 
 0  0  0  0  0  0  0  0  0  0  0  0  0  0  0  0  0  0  0 12  0  0  0  0  0  0  0  0  0  0  0  0  0  0  0  0  0  0  0  0  0  0  0  0  0  0  0  0  0  0  0  0  0  0 12 13 12 17 12 12 12 12 12  6  5  6  5 12 12 12 12 12  0 12 12 12 12 12 12 12 12 13 12 12 12 12 12 12 12 12 12 13 13  5  9  6  8 10 11 10  9 12 12 12 12  5  6 
 0  0  0  0  0  0  0  0  0  0  0  0  0  0  0  0  0  0  0 12  0  0  0  0  0  0  0  0  0  0  0  0  0  0  0  0  0  0  0  0  0  0  0  0  0  0  0  0  0  0  0  0  0  0 12 13 12 17 12 12 12 12 12  6  5  6  5 12 12 12 12 12  0 12 12 12 12 12 12 12 12 13 12 12 12 12 12 12 12 12 12 13 13  5  9  6  8 10 11 10  9 12 12 12 12  5  6 
 0  0  0  0  0  0  0  0  0  0  0  0  0  0  0  0  0  0  0 12  0  0  0  0  0  0  0  0  0  0  0  0  0  0  0  0  0  0  0  0  0  0  0  0  0  0  0  0  0  0  0  0  0  0 12 13 12 17 12 12 12 12 12  6  5  6  5 12 12 12 12 12  0 12 12 12 12 12 12 12 12 13 12 12 12 12 12 12 12 12 12 13 13  5  9  6  8 10 11 10  9 12 12 12 12  5  6 
 0  0  0  0  0  0  0  0  0  0  0  0  0  0  0  0  0  0  0 12  0  0  0  0  0  0  0  0  0  0  0  0  0  0  0  0  0  0  0  0  0  0  0  0  0  0  0  0  0  0  0  0  0  0 12 13 12 17 12 12 12 12 12  6  5  6  5 12 12 12 12 12  0 12 12 12 12 12 12 12 12 13 12 12 12 12 12 12 12 12 12 13 13  5  9  6  8 10 11 10  9 12 12 12 12  5  6 
 0  0  0  0  0  0  0  0  0  0  0  0  0  0  0  0  0  0  0 12  0  0  0  0  0  0  0  0  0  0  0  0  0  0  0  0  0  0  0  0  0  0  0  0  0  0  0  0  0  0  0  0  0  0 12 13 12 17 12 12 12 12 12  6  5  6  5 12 12 12 12 12  0 12 12 12 12 12 12 12 12 13 12 12 12 12 12 12 12 12 12 13 13  5  9  6  8 10 11 10  9 12 12 12 12  5  6 
 0  0  0  0  0  0  0  0  0  0  0  0  0  0  0  0  0  0  0 12  0  0  0  0  0  0  0  0  0  0  0  0  0  0  0  0  0  0  0  0  0  0  0  0  0  0  0  0  0  0  0  0  0  0 12 13 12 17 12 12 12 12 12  6  5  6  5 12 12 12 12 12  0 12 12 12 12 12 12 12 12 13 12 12 12 12 12 12 12 12 12 13 13  5  9  6  8 10 11 10  9 12 12 12 12  5  6 
 0  0  0  0  0  0  0  0  0  0  0  0  0  0  0  0  0  0  0 12  0  0  0  0  0  0  0  0  0  0  0  0  0  0  0  0  0  0  0  0  0  0  0  0  0  0  0  0  0  0  0  0  0  0 12 13 12 17 12 12 12 12 12  6  5  6  5 12 12 12 12 12  0 12 12 12 12 12 12 12 12 13 12 12 12 12 12 12 12 12 12 13 13  5  9  6  8 10 11 10  9 12 12 12 12  5  6 
12 12 12 12 12 12 12 12 12 12 12 12 12 12 12 12 12 12 12  0 12 12 12 12 12 12 12 12 12 12 12 12 12 12 12 12 12 12 12 12 12 12 12 12 12 12 12 12 12 12 12 12 12 12  8  9  8 14  8  8  8  8  8 11  9 10 13  0  0  0  0  0 12  8  8  8  8  8  8  8  8  9  8  8  8  8  8  0  0  0  0  9  9  9  8  8 10  7  6  6  8  0  0  0  0 11 10 
 0  0  0  0  0  0  0  0  0  0  0  0  0  0  0  0  0  0  0 12  0  0  0  0  0  0  0  0  0  0  0  0  0  0  0  0  0  0  0  0  0  0  0  0  0  0  0  0  0  0  0  0  0  0 12 13 12 17 12 12 12 12 12  6  5  6  5 12 12 12 12 12  0 12 12 12 12 12 12 12 12 13 12 12 12 12 12 12 12 12 12 13 13  5  9  6  8 10 11 10  9 12 12 12 12  5  6 
 0  0  0  0  0  0  0  0  0  0  0  0  0  0  0  0  0  0  0 12  0  0  0  0  0  0  0  0  0  0  0  0  0  0  0  0  0  0  0  0  0  0  0  0  0  0  0  0  0  0  0  0  0  0 12 13 12 17 12 12 12 12 12  6  5  6  5 12 12 12 12 12  0 12 12 12 12 12 12 12 12 13 12 12 12 12 12 12 12 12 12 13 13  5  9  6  8 10 11 10  9 12 12 12 12  5  6 
 0  0  0  0  0  0  0  0  0  0  0  0  0  0  0  0  0  0  0 12  0  0  0  0  0  0  0  0  0  0  0  0  0  0  0  0  0  0  0  0  0  0  0  0  0  0  0  0  0  0  0  0  0  0 12 13 12 17 12 12 12 12 12  6  5  6  5 12 12 12 12 12  0 12 12 12 12 12 12 12 12 13 12 12 12 12 12 12 12 12 12 13 13  5  9  6  8 10 11 10  9 12 12 12 12  5  6 
 0  0  0  0  0  0  0  0  0  0  0  0  0  0  0  0  0  0  0 12  0  0  0  0  0  0  0  0  0  0  0  0  0  0  0  0  0  0  0  0  0  0  0  0  0  0  0  0  0  0  0  0  0  0 12 13 12 17 12 12 12 12 12  6  5  6  5 12 12 12 12 12  0 12 12 12 12 12 12 12 12 13 12 12 12 12 12 12 12 12 12 13 13  5  9  6  8 10 11 10  9 12 12 12 12  5  6 
 0  0  0  0  0  0  0  0  0  0  0  0  0  0  0  0  0  0  0 12  0  0  0  0  0  0  0  0  0  0  0  0  0  0  0  0  0  0  0  0  0  0  0  0  0  0  0  0  0  0  0  0  0  0 12 13 12 17 12 12 12 12 12  6  5  6  5 12 12 12 12 12  0 12 12 12 12 12 12 12 12 13 12 12 12 12 12 12 12 12 12 13 13  5  9  6  8 10 11 10  9 12 12 12 12  5  6 
 0  0  0  0  0  0  0  0  0  0  0  0  0  0  0  0  0  0  0 12  0  0  0  0  0  0  0  0  0  0  0  0  0  0  0  0  0  0  0  0  0  0  0  0  0  0  0  0  0  0  0  0  0  0 12 13 12 17 12 12 12 12 12  6  5  6  5 12 12 12 12 12  0 12 12 12 12 12 12 12 12 13 12 12 12 12 12 12 12 12 12 13 13  5  9  6  8 10 11 10  9 12 12 12 12  5  6 
 0  0  0  0  0  0  0  0  0  0  0  0  0  0  0  0  0  0  0 12  0  0  0  0  0  0  0  0  0  0  0  0  0  0  0  0  0  0  0  0  0  0  0  0  0  0  0  0  0  0  0  0  0  0 12 13 12 17 12 12 12 12 12  6  5  6  5 12 12 12 12 12  0 12 12 12 12 12 12 12 12 13 12 12 12 12 12 12 12 12 12 13 13  5  9  6  8 10 11 10  9 12 12 12 12  5  6 
 0  0  0  0  0  0  0  0  0  0  0  0  0  0  0  0  0  0  0 12  0  0  0  0  0  0  0  0  0  0  0  0  0  0  0  0  0  0  0  0  0  0  0  0  0  0  0  0  0  0  0  0  0  0 12 13 12 17 12 12 12 12 12  6  5  6  5 12 12 12 12 12  0 12 12 12 12 12 12 12 12 13 12 12 12 12 12 12 12 12 12 13 13  5  9  6  8 10 11 10  9 12 12 12 12  5  6 
 0  0  0  0  0  0  0  0  0  0  0  0  0  0  0  0  0  0  0 12  0  0  0  0  0  0  0  0  0  0  0  0  0  0  0  0  0  0  0  0  0  0  0  0  0  0  0  0  0  0  0  0  0  0 12 13 12 17 12 12 12 12 12  6  5  6  5 12 12 12 12 12  0 12 12 12 12 12 12 12 12 13 12 12 12 12 12 12 12 12 12 13 13  5  9  6  8 10 11 10  9 12 12 12 12  5  6 
 0  0  0  0  0  0  0  0  0  0  0  0  0  0  0  0  0  0  0 12  0  0  0  0  0  0  0  0  0  0  0  0  0  0  0  0  0  0  0  0  0  0  0  0  0  0  0  0  0  0  0  0  0  0 12 13 12 17 12 12 12 12 12  6  5  6  5 12 12 12 12 12  0 12 12 12 12 12 12 12 12 13 12 12 12 12 12 12 12 12 12 13 13  5  9  6  8 10 11 10  9 12 12 12 12  5  6 
 0  0  0  0  0  0  0  0  0  0  0  0  0  0  0  0  0  0  0 12  0  0  0  0  0  0  0  0  0  0  0  0  0  0  0  0  0  0  0  0  0  0  0  0  0  0  0  0  0  0  0  0  0  0 12 13 12 17 12 12 12 12 12  6  5  6  5 12 12 12 12 12  0 12 12 12 12 12 12 12 12 13 12 12 12 12 12 12 12 12 12 13 13  5  9  6  8 10 11 10  9 12 12 12 12  5  6 
 0  0  0  0  0  0  0  0  0  0  0  0  0  0  0  0  0  0  0 12  0  0  0  0  0  0  0  0  0  0  0  0  0  0  0  0  0  0  0  0  0  0  0  0  0  0  0  0  0  0  0  0  0  0 12 13 12 17 12 12 12 12 12  6  5  6  5 12 12 12 12 12  0 12 12 12 12 12 12 12 12 13 12 12 12 12 12 12 12 12 12 13 13  5  9  6  8 10 11 10  9 12 12 12 12  5  6 
 0  0  0  0  0  0  0  0  0  0  0  0  0  0  0  0  0  0  0 12  0  0  0  0  0  0  0  0  0  0  0  0  0  0  0  0  0  0  0  0  0  0  0  0  0  0  0  0  0  0  0  0  0  0 12 13 12 17 12 12 12 12 12  6  5  6  5 12 12 12 12 12  0 12 12 12 12 12 12 12 12 13 12 12 12 12 12 12 12 12 12 13 13  5  9  6  8 10 11 10  9 12 12 12 12  5  6 
 0  0  0  0  0  0  0  0  0  0  0  0  0  0  0  0  0  0  0 12  0  0  0  0  0  0  0  0  0  0  0  0  0  0  0  0  0  0  0  0  0  0  0  0  0  0  0  0  0  0  0  0  0  0 12 13 12 17 12 12 12 12 12  6  5  6  5 12 12 12 12 12  0 12 12 12 12 12 12 12 12 13 12 12 12 12 12 12 12 12 12 13 13  5  9  6  8 10 11 10  9 12 12 12 12  5  6 
 0  0  0  0  0  0  0  0  0  0  0  0  0  0  0  0  0  0  0 12  0  0  0  0  0  0  0  0  0  0  0  0  0  0  0  0  0  0  0  0  0  0  0  0  0  0  0  0  0  0  0  0  0  0 12 13 12 17 12 12 12 12 12  6  5  6  5 12 12 12 12 12  0 12 12 12 12 12 12 12 12 13 12 12 12 12 12 12 12 12 12 13 13  5  9  6  8 10 11 10  9 12 12 12 12  5  6 
 0  0  0  0  0  0  0  0  0  0  0  0  0  0  0  0  0  0  0 12  0  0  0  0  0  0  0  0  0  0  0  0  0  0  0  0  0  0  0  0  0  0  0  0  0  0  0  0  0  0  0  0  0  0 12 13 12 17 12 12 12 12 12  6  5  6  5 12 12 12 12 12  0 12 12 12 12 12 12 12 12 13 12 12 12 12 12 12 12 12 12 13 13  5  9  6  8 10 11 10  9 12 12 12 12  5  6 
 0  0  0  0  0  0  0  0  0  0  0  0  0  0  0  0  0  0  0 12  0  0  0  0  0  0  0  0  0  0  0  0  0  0  0  0  0  0  0  0  0  0  0  0  0  0  0  0  0  0  0  0  0  0 12 13 12 17 12 12 12 12 12  6  5  6  5 12 12 12 12 12  0 12 12 12 12 12 12 12 12 13 12 12 12 12 12 12 12 12 12 13 13  5  9  6  8 10 11 10  9 12 12 12 12  5  6 
 0  0  0  0  0  0  0  0  0  0  0  0  0  0  0  0  0  0  0 12  0  0  0  0  0  0  0  0  0  0  0  0  0  0  0  0  0  0  0  0  0  0  0  0  0  0  0  0  0  0  0  0  0  0 12 13 12 17 12 12 12 12 12  6  5  6  5 12 12 12 12 12  0 12 12 12 12 12 12 12 12 13 12 12 12 12 12 12 12 12 12 13 13  5  9  6  8 10 11 10  9 12 12 12 12  5  6 
 0  0  0  0  0  0  0  0  0  0  0  0  0  0  0  0  0  0  0 12  0  0  0  0  0  0  0  0  0  0  0  0  0  0  0  0  0  0  0  0  0  0  0  0  0  0  0  0  0  0  0  0  0  0 12 13 12 17 12 12 12 12 12  6  5  6  5 12 12 12 12 12  0 12 12 12 12 12 12 12 12 13 12 12 12 12 12 12 12 12 12 13 13  5  9  6  8 10 11 10  9 12 12 12 12  5  6 
 0  0  0  0  0  0  0  0  0  0  0  0  0  0  0  0  0  0  0 12  0  0  0  0  0  0  0  0  0  0  0  0  0  0  0  0  0  0  0  0  0  0  0  0  0  0  0  0  0  0  0  0  0  0 12 13 12 17 12 12 12 12 12  6  5  6  5 12 12 12 12 12  0 12 12 12 12 12 12 12 12 13 12 12 12 12 12 12 12 12 12 13 13  5  9  6  8 10 11 10  9 12 12 12 12  5  6 
 0  0  0  0  0  0  0  0  0  0  0  0  0  0  0  0  0  0  0 12  0  0  0  0  0  0  0  0  0  0  0  0  0  0  0  0  0  0  0  0  0  0  0  0  0  0  0  0  0  0  0  0  0  0 12 13 12 17 12 12 12 12 12  6  5  6  5 12 12 12 12 12  0 12 12 12 12 12 12 12 12 13 12 12 12 12 12 12 12 12 12 13 13  5  9  6  8 10 11 10  9 12 12 12 12  5  6 
 0  0  0  0  0  0  0  0  0  0  0  0  0  0  0  0  0  0  0 12  0  0  0  0  0  0  0  0  0  0  0  0  0  0  0  0  0  0  0  0  0  0  0  0  0  0  0  0  0  0  0  0  0  0 12 13 12 17 12 12 12 12 12  6  5  6  5 12 12 12 12 12  0 12 12 12 12 12 12 12 12 13 12 12 12 12 12 12 12 12 12 13 13  5  9  6  8 10 11 10  9 12 12 12 12  5  6 
 0  0  0  0  0  0  0  0  0  0  0  0  0  0  0  0  0  0  0 12  0  0  0  0  0  0  0  0  0  0  0  0  0  0  0  0  0  0  0  0  0  0  0  0  0  0  0  0  0  0  0  0  0  0 12 13 12 17 12 12 12 12 12  6  5  6  5 12 12 12 12 12  0 12 12 12 12 12 12 12 12 13 12 12 12 12 12 12 12 12 12 13 13  5  9  6  8 10 11 10  9 12 12 12 12  5  6 
 0  0  0  0  0  0  0  0  0  0  0  0  0  0  0  0  0  0  0 12  0  0  0  0  0  0  0  0  0  0  0  0  0  0  0  0  0  0  0  0  0  0  0  0  0  0  0  0  0  0  0  0  0  0 12 13 12 17 12 12 12 12 12  6  5  6  5 12 12 12 12 12  0 12 12 12 12 12 12 12 12 13 12 12 12 12 12 12 12 12 12 13 13  5  9  6  8 10 11 10  9 12 12 12 12  5  6 
 0  0  0  0  0  0  0  0  0  0  0  0  0  0  0  0  0  0  0 12  0  0  0  0  0  0  0  0  0  0  0  0  0  0  0  0  0  0  0  0  0  0  0  0  0  0  0  0  0  0  0  0  0  0 12 13 12 17 12 12 12 12 12  6  5  6  5 12 12 12 12 12  0 12 12 12 12 12 12 12 12 13 12 12 12 12 12 12 12 12 12 13 13  5  9  6  8 10 11 10  9 12 12 12 12  5  6 
 0  0  0  0  0  0  0  0  0  0  0  0  0  0  0  0  0  0  0 12  0  0  0  0  0  0  0  0  0  0  0  0  0  0  0  0  0  0  0  0  0  0  0  0  0  0  0  0  0  0  0  0  0  0 12 13 12 17 12 12 12 12 12  6  5  6  5 12 12 12 12 12  0 12 12 12 12 12 12 12 12 13 12 12 12 12 12 12 12 12 12 13 13  5  9  6  8 10 11 10  9 12 12 12 12  5  6 
 0  0  0  0  0  0  0  0  0  0  0  0  0  0  0  0  0  0  0 12  0  0  0  0  0  0  0  0  0  0  0  0  0  0  0  0  0  0  0  0  0  0  0  0  0  0  0  0  0  0  0  0  0  0 12 13 12 17 12 12 12 12 12  6  5  6  5 12 12 12 12 12  0 12 12 12 12 12 12 12 12 13 12 12 12 12 12 12 12 12 12 13 13  5  9  6  8 10 11 10  9 12 12 12 12  5  6 
 0  0  0  0  0  0  0  0  0  0  0  0  0  0  0  0  0  0  0 12  0  0  0  0  0  0  0  0  0  0  0  0  0  0  0  0  0  0  0  0  0  0  0  0  0  0  0  0  0  0  0  0  0  0 12 13 12 17 12 12 12 12 12  6  5  6  5 12 12 12 12 12  0 12 12 12 12 12 12 12 12 13 12 12 12 12 12 12 12 12 12 13 13  5  9  6  8 10 11 10  9 12 12 12 12  5  6 
 0  0  0  0  0  0  0  0  0  0  0  0  0  0  0  0  0  0  0 12  0  0  0  0  0  0  0  0  0  0  0  0  0  0  0  0  0  0  0  0  0  0  0  0  0  0  0  0  0  0  0  0  0  0 12 13 12 17 12 12 12 12 12  6  5  6  5 12 12 12 12 12  0 12 12 12 12 12 12 12 12 13 12 12 12 12 12 12 12 12 12 13 13  5  9  6  8 10 11 10  9 12 12 12 12  5  6 
 0  0  0  0  0  0  0  0  0  0  0  0  0  0  0  0  0  0  0 12  0  0  0  0  0  0  0  0  0  0  0  0  0  0  0  0  0  0  0  0  0  0  0  0  0  0  0  0  0  0  0  0  0  0 12 13 12 17 12 12 12 12 12  6  5  6  5 12 12 12 12 12  0 12 12 12 12 12 12 12 12 13 12 12 12 12 12 12 12 12 12 13 13  5  9  6  8 10 11 10  9 12 12 12 12  5  6 
 0  0  0  0  0  0  0  0  0  0  0  0  0  0  0  0  0  0  0 12  0  0  0  0  0  0  0  0  0  0  0  0  0  0  0  0  0  0  0  0  0  0  0  0  0  0  0  0  0  0  0  0  0  0 12 13 12 17 12 12 12 12 12  6  5  6  5 12 12 12 12 12  0 12 12 12 12 12 12 12 12 13 12 12 12 12 12 12 12 12 12 13 13  5  9  6  8 10 11 10  9 12 12 12 12  5  6 
 0  0  0  0  0  0  0  0  0  0  0  0  0  0  0  0  0  0  0 12  0  0  0  0  0  0  0  0  0  0  0  0  0  0  0  0  0  0  0  0  0  0  0  0  0  0  0  0  0  0  0  0  0  0 12 13 12 17 12 12 12 12 12  6  5  6  5 12 12 12 12 12  0 12 12 12 12 12 12 12 12 13 12 12 12 12 12 12 12 12 12 13 13  5  9  6  8 10 11 10  9 12 12 12 12  5  6 
 0  0  0  0  0  0  0  0  0  0  0  0  0  0  0  0  0  0  0 12  0  0  0  0  0  0  0  0  0  0  0  0  0  0  0  0  0  0  0  0  0  0  0  0  0  0  0  0  0  0  0  0  0  0 12 13 12 17 12 12 12 12 12  6  5  6  5 12 12 12 12 12  0 12 12 12 12 12 12 12 12 13 12 12 12 12 12 12 12 12 12 13 13  5  9  6  8 10 11 10  9 12 12 12 12  5  6 
 0  0  0  0  0  0  0  0  0  0  0  0  0  0  0  0  0  0  0 12  0  0  0  0  0  0  0  0  0  0  0  0  0  0  0  0  0  0  0  0  0  0  0  0  0  0  0  0  0  0  0  0  0  0 12 13 12 17 12 12 12 12 12  6  5  6  5 12 12 12 12 12  0 12 12 12 12 12 12 12 12 13 12 12 12 12 12 12 12 12 12 13 13  5  9  6  8 10 11 10  9 12 12 12 12  5  6 
12 12 12 12 12 12 12 12 12 12 12 12 12 12 12 12 12 12 12  8 12 12 12 12 12 12 12 12 12 12 12 12 12 12 12 12 12 12 12 12 12 12 12 12 12 12 12 12 12 12 12 12 12 12  0  1  0 14  6  6  6  6  6 13 10 10 14  8  8  8  8  8 12  6  6  6  6  6  6  6  6  2  6  6  6  6  6  8  8  8  8  1  2 10  9  8  9  8  6  6  5  8  8  8  8 14  9 
13 13 13 13 13 13 13 13 13 13 13 13 13 13 13 13 13 13 13  9 13 13 13 13 13 13 13 13 13 13 13 13 13 13 13 13 13 13 13 13 13 13 13 13 13 13 13 13 13 13 13 13 13 13  1  0  1 15  7  7  7  7  7 14 11 11 15  9  9  9  9  9 13  7  7  7  7  7  7  7  7  3  7  7  7  7  7  9  9  9  9  2  3 11 10  9 10  9  7  7  6  9  9  9  9 15 10 
12 12 12 12 12 12 12 12 12 12 12 12 12 12 12 12 12 12 12  8 12 12 12 12 12 12 12 12 12 12 12 12 12 12 12 12 12 12 12 12 12 12 12 12 12 12 12 12 12 12 12 12 12 12  0  1  0 14  6  6  6  6  6 13 10 10 14  8  8  8  8  8 12  6  6  6  6  6  6  6  6  2  6  6  6  6  6  8  8  8  8  1  2 10  9  8  9  8  6  6  5  8  8  8  8 14  9 
17 17 17 17 17 17 17 17 17 17 17 17 17 17 17 17 17 17 17 14 17 17 17 17 17 17 17 17 17 17 17 17 17 17 17 17 17 17 17 17 17 17 17 17 17 17 17 17 17 17 17 17 17 17 14 15 14  0 16 16 16 16 16 17 14 14 18 14 14 14 14 14 17 16 16 16 16 16 16 16 16 12 16 16 16 16 16 14 14 14 14 13 12 14 15 13 15 14 12 13 11 14 14 14 14 18 15 
12 12 12 12 12 12 12 12 12 12 12 12 12 12 12 12 12 12 12  8 12 12 12 12 12 12 12 12 12 12 12 12 12 12 12 12 12 12 12 12 12 12 12 12 12 12 12 12 12 12 12 12 12 12  6  7  6 16  0  0  0  0  0 11 11 10 14  8  8  8  8  8 12  0  0  0  0  0  0  0  0  7  0  0  0  0  0  8  8  8  8  5  7 11  9  8  7  4  5  5  5  8  8  8  8 12  8 
12 12 12 12 12 12 12 12 12 12 12 12 12 12 12 12 12 12 12  8 12 12 12 12 12 12 12 12 12 12 12 12 12 12 12 12 12 12 12 12 12 12 12 12 12 12 12 12 12 12 12 12 12 12  6  7  6 16  0  0  0  0  0 11 11 10 14  8  8  8  8  8 12  0  0  0  0  0  0  0  0  7  0  0  0  0  0  8  8  8  8  5  7 11  9  8  7  4  5  5  5  8  8  8  8 12  8 
12 12 12 12 12 12 12 12 12 12 12 12 12 12 12 12 12 12 12  8 12 12 12 12 12 12 12 12 12 12 12 12 12 12 12 12 12 12 12 12 12 12 12 12 12 12 12 12 12 12 12 12 12 12  6  7  6 16  0  0  0  0  0 11 11 10 14  8  8  8  8  8 12  0  0  0  0  0  0  0  0  7  0  0  0  0  0  8  8  8  8  5  7 11  9  8  7  4  5  5  5  8  8  8  8 12  8 
12 12 12 12 12 12 12 12 12 12 12 12 12 12 12 12 12 12 12  8 12 12 12 12 12 12 12 12 12 12 12 12 12 12 12 12 12 12 12 12 12 12 12 12 12 12 12 12 12 12 12 12 12 12  6  7  6 16  0  0  0  0  0 11 11 10 14  8  8  8  8  8 12  0  0  0  0  0  0  0  0  7  0  0  0  0  0  8  8  8  8  5  7 11  9  8  7  4  5  5  5  8  8  8  8 12  8 
12 12 12 12 12 12 12 12 12 12 12 12 12 12 12 12 12 12 12  8 12 12 12 12 12 12 12 12 12 12 12 12 12 12 12 12 12 12 12 12 12 12 12 12 12 12 12 12 12 12 12 12 12 12  6  7  6 16  0  0  0  0  0 11 11 10 14  8  8  8  8  8 12  0  0  0  0  0  0  0  0  7  0  0  0  0  0  8  8  8  8  5  7 11  9  8  7  4  5  5  5  8  8  8  8 12  8 
 6  6  6  6  6  6  6  6  6  6  6  6  6  6  6  6  6  6  6 11  6  6  6  6  6  6  6  6  6  6  6  6  6  6  6  6  6  6  6  6  6  6  6  6  6  6  6  6  6  6  6  6  6  6 13 14 13 17 11 11 11 11 11  0  4  5 10 11 11 11 11 11  6 11 11 11 11 11 11 11 11 14 11 11 11 11 11 11 11 11 11 14 14  4  7  8  8 11  9 12 11 11 11 11 11  8  6 
 5  5  5  5  5  5  5  5  5  5  5  5  5  5  5  5  5  5  5  9  5  5  5  5  5  5  5  5  5  5  5  5  5  5  5  5  5  5  5  5  5  5  5  5  5  5  5  5  5  5  5  5  5  5 10 11 10 14 11 11 11 11 11  4  0  2  8  9  9  9  9  9  5 11 11 11 11 11 11 11 11 12 11 11 11 11 11  9  9  9  9 11 12  0  7  5  6  9  7  8  7  9  9  9  9  6  4 
 6  6  6  6  6  6  6  6  6  6  6  6  6  6  6  6  6  6  6 10  6  6  6  6  6  6  6  6  6  6  6  6  6  6  6  6  6  6  6  6  6  6  6  6  6  6  6  6  6  6  6  6  6  6 10 11 10 14 10 10 10 10 10  5  2  0  9 10 10 10 10 10  6 10 10 10 10 10 10 10 10 11 10 10 10 10 10 10 10 10 10  9 11  2  7  4  5  9  9  9  9 10 10 10 10  6  6 
 5  5  5  5  5  5  5  5  5  5  5  5  5  5  5  5  5  5  5 13  5  5  5  5  5  5  5  5  5  5  5  5  5  5  5  5  5  5  5  5  5  5  5  5  5  5  5  5  5  5  5  5  5  5 14 15 14 18 14 14 14 14 14 10  8  9  0 13 13 13 13 13  5 14 14 14 14 14 14 14 14 15 14 14 14 14 14 13 13 13 13 15 15  8 11  9  9 13 12 13 13 13 13 13 13  7 10 
12 12 12 12 12 12 12 12 12 12 12 12 12 12 12 12 12 12 12  0 12 12 12 12 12 12 12 12 12 12 12 12 12 12 12 12 12 12 12 12 12 12 12 12 12 12 12 12 12 12 12 12 12 12  8  9  8 14  8  8  8  8  8 11  9 10 13  0  0  0  0  0 12  8  8  8  8  8  8  8  8  9  8  8  8  8  8  0  0  0  0  9  9  9  8  8 10  7  6  6  8  0  0  0  0 11 10 
12 12 12 12 12 12 12 12 12 12 12 12 12 12 12 12 12 12 12  0 12 12 12 12 12 12 12 12 12 12 12 12 12 12 12 12 12 12 12 12 12 12 12 12 12 12 12 12 12 12 12 12 12 12  8  9  8 14  8  8  8  8  8 11  9 10 13  0  0  0  0  0 12  8  8  8  8  8  8  8  8  9  8  8  8  8  8  0  0  0  0  9  9  9  8  8 10  7  6  6  8  0  0  0  0 11 10 
12 12 12 12 12 12 12 12 12 12 12 12 12 12 12 12 12 12 12  0 12 12 12 12 12 12 12 12 12 12 12 12 12 12 12 12 12 12 12 12 12 12 12 12 12 12 12 12 12 12 12 12 12 12  8  9  8 14  8  8  8  8  8 11  9 10 13  0  0  0  0  0 12  8  8  8  8  8  8  8  8  9  8  8  8  8  8  0  0  0  0  9  9  9  8  8 10  7  6  6  8  0  0  0  0 11 10 
12 12 12 12 12 12 12 12 12 12 12 12 12 12 12 12 12 12 12  0 12 12 12 12 12 12 12 12 12 12 12 12 12 12 12 12 12 12 12 12 12 12 12 12 12 12 12 12 12 12 12 12 12 12  8  9  8 14  8  8  8  8  8 11  9 10 13  0  0  0  0  0 12  8  8  8  8  8  8  8  8  9  8  8  8  8  8  0  0  0  0  9  9  9  8  8 10  7  6  6  8  0  0  0  0 11 10 
12 12 12 12 12 12 12 12 12 12 12 12 12 12 12 12 12 12 12  0 12 12 12 12 12 12 12 12 12 12 12 12 12 12 12 12 12 12 12 12 12 12 12 12 12 12 12 12 12 12 12 12 12 12  8  9  8 14  8  8  8  8  8 11  9 10 13  0  0  0  0  0 12  8  8  8  8  8  8  8  8  9  8  8  8  8  8  0  0  0  0  9  9  9  8  8 10  7  6  6  8  0  0  0  0 11 10 
 0  0  0  0  0  0  0  0  0  0  0  0  0  0  0  0  0  0  0 12  0  0  0  0  0  0  0  0  0  0  0  0  0  0  0  0  0  0  0  0  0  0  0  0  0  0  0  0  0  0  0  0  0  0 12 13 12 17 12 12 12 12 12  6  5  6  5 12 12 12 12 12  0 12 12 12 12 12 12 12 12 13 12 12 12 12 12 12 12 12 12 13 13  5  9  6  8 10 11 10  9 12 12 12 12  5  6 
12 12 12 12 12 12 12 12 12 12 12 12 12 12 12 12 12 12 12  8 12 12 12 12 12 12 12 12 12 12 12 12 12 12 12 12 12 12 12 12 12 12 12 12 12 12 12 12 12 12 12 12 12 12  6  7  6 16  0  0  0  0  0 11 11 10 14  8  8  8  8  8 12  0  0  0  0  0  0  0  0  7  0  0  0  0  0  8  8  8  8  5  7 11  9  8  7  4  5  5  5  8  8  8  8 12  8 
12 12 12 12 12 12 12 12 12 12 12 12 12 12 12 12 12 12 12  8 12 12 12 12 12 12 12 12 12 12 12 12 12 12 12 12 12 12 12 12 12 12 12 12 12 12 12 12 12 12 12 12 12 12  6  7  6 16  0  0  0  0  0 11 11 10 14  8  8  8  8  8 12  0  0  0  0  0  0  0  0  7  0  0  0  0  0  8  8  8  8  5  7 11  9  8  7  4  5  5  5  8  8  8  8 12  8 
12 12 12 12 12 12 12 12 12 12 12 12 12 12 12 12 12 12 12  8 12 12 12 12 12 12 12 12 12 12 12 12 12 12 12 12 12 12 12 12 12 12 12 12 12 12 12 12 12 12 12 12 12 12  6  7  6 16  0  0  0  0  0 11 11 10 14  8  8  8  8  8 12  0  0  0  0  0  0  0  0  7  0  0  0  0  0  8  8  8  8  5  7 11  9  8  7  4  5  5  5  8  8  8  8 12  8 
12 12 12 12 12 12 12 12 12 12 12 12 12 12 12 12 12 12 12  8 12 12 12 12 12 12 12 12 12 12 12 12 12 12 12 12 12 12 12 12 12 12 12 12 12 12 12 12 12 12 12 12 12 12  6  7  6 16  0  0  0  0  0 11 11 10 14  8  8  8  8  8 12  0  0  0  0  0  0  0  0  7  0  0  0  0  0  8  8  8  8  5  7 11  9  8  7  4  5  5  5  8  8  8  8 12  8 
12 12 12 12 12 12 12 12 12 12 12 12 12 12 12 12 12 12 12  8 12 12 12 12 12 12 12 12 12 12 12 12 12 12 12 12 12 12 12 12 12 12 12 12 12 12 12 12 12 12 12 12 12 12  6  7  6 16  0  0  0  0  0 11 11 10 14  8  8  8  8  8 12  0  0  0  0  0  0  0  0  7  0  0  0  0  0  8  8  8  8  5  7 11  9  8  7  4  5  5  5  8  8  8  8 12  8 
12 12 12 12 12 12 12 12 12 12 12 12 12 12 12 12 12 12 12  8 12 12 12 12 12 12 12 12 12 12 12 12 12 12 12 12 12 12 12 12 12 12 12 12 12 12 12 12 12 12 12 12 12 12  6  7  6 16  0  0  0  0  0 11 11 10 14  8  8  8  8  8 12  0  0  0  0  0  0  0  0  7  0  0  0  0  0  8  8  8  8  5  7 11  9  8  7  4  5  5  5  8  8  8  8 12  8 
12 12 12 12 12 12 12 12 12 12 12 12 12 12 12 12 12 12 12  8 12 12 12 12 12 12 12 12 12 12 12 12 12 12 12 12 12 12 12 12 12 12 12 12 12 12 12 12 12 12 12 12 12 12  6  7  6 16  0  0  0  0  0 11 11 10 14  8  8  8  8  8 12  0  0  0  0  0  0  0  0  7  0  0  0  0  0  8  8  8  8  5  7 11  9  8  7  4  5  5  5  8  8  8  8 12  8 
12 12 12 12 12 12 12 12 12 12 12 12 12 12 12 12 12 12 12  8 12 12 12 12 12 12 12 12 12 12 12 12 12 12 12 12 12 12 12 12 12 12 12 12 12 12 12 12 12 12 12 12 12 12  6  7  6 16  0  0  0  0  0 11 11 10 14  8  8  8  8  8 12  0  0  0  0  0  0  0  0  7  0  0  0  0  0  8  8  8  8  5  7 11  9  8  7  4  5  5  5  8  8  8  8 12  8 
13 13 13 13 13 13 13 13 13 13 13 13 13 13 13 13 13 13 13  9 13 13 13 13 13 13 13 13 13 13 13 13 13 13 13 13 13 13 13 13 13 13 13 13 13 13 13 13 13 13 13 13 13 13  2  3  2 12  7  7  7  7  7 14 12 11 15  9  9  9  9  9 13  7  7  7  7  7  7  7  7  0  7  7  7  7  7  9  9  9  9  2  0 12 10  9 10  8  7  7  6  9  9  9  9 16 10 
12 12 12 12 12 12 12 12 12 12 12 12 12 12 12 12 12 12 12  8 12 12 12 12 12 12 12 12 12 12 12 12 12 12 12 12 12 12 12 12 12 12 12 12 12 12 12 12 12 12 12 12 12 12  6  7  6 16  0  0  0  0  0 11 11 10 14  8  8  8  8  8 12  0  0  0  0  0  0  0  0  7  0  0  0  0  0  8  8  8  8  5  7 11  9  8  7  4  5  5  5  8  8  8  8 12  8 
12 12 12 12 12 12 12 12 12 12 12 12 12 12 12 12 12 12 12  8 12 12 12 12 12 12 12 12 12 12 12 12 12 12 12 12 12 12 12 12 12 12 12 12 12 12 12 12 12 12 12 12 12 12  6  7  6 16  0  0  0  0  0 11 11 10 14  8  8  8  8  8 12  0  0  0  0  0  0  0  0  7  0  0  0  0  0  8  8  8  8  5  7 11  9  8  7  4  5  5  5  8  8  8  8 12  8 
12 12 12 12 12 12 12 12 12 12 12 12 12 12 12 12 12 12 12  8 12 12 12 12 12 12 12 12 12 12 12 12 12 12 12 12 12 12 12 12 12 12 12 12 12 12 12 12 12 12 12 12 12 12  6  7  6 16  0  0  0  0  0 11 11 10 14  8  8  8  8  8 12  0  0  0  0  0  0  0  0  7  0  0  0  0  0  8  8  8  8  5  7 11  9  8  7  4  5  5  5  8  8  8  8 12  8 
12 12 12 12 12 12 12 12 12 12 12 12 12 12 12 12 12 12 12  8 12 12 12 12 12 12 12 12 12 12 12 12 12 12 12 12 12 12 12 12 12 12 12 12 12 12 12 12 12 12 12 12 12 12  6  7  6 16  0  0  0  0  0 11 11 10 14  8  8  8  8  8 12  0  0  0  0  0  0  0  0  7  0  0  0  0  0  8  8  8  8  5  7 11  9  8  7  4  5  5  5  8  8  8  8 12  8 
12 12 12 12 12 12 12 12 12 12 12 12 12 12 12 12 12 12 12  8 12 12 12 12 12 12 12 12 12 12 12 12 12 12 12 12 12 12 12 12 12 12 12 12 12 12 12 12 12 12 12 12 12 12  6  7  6 16  0  0  0  0  0 11 11 10 14  8  8  8  8  8 12  0  0  0  0  0  0  0  0  7  0  0  0  0  0  8  8  8  8  5  7 11  9  8  7  4  5  5  5  8  8  8  8 12  8 
12 12 12 12 12 12 12 12 12 12 12 12 12 12 12 12 12 12 12  0 12 12 12 12 12 12 12 12 12 12 12 12 12 12 12 12 12 12 12 12 12 12 12 12 12 12 12 12 12 12 12 12 12 12  8  9  8 14  8  8  8  8  8 11  9 10 13  0  0  0  0  0 12  8  8  8  8  8  8  8  8  9  8  8  8  8  8  0  0  0  0  9  9  9  8  8 10  7  6  6  8  0  0  0  0 11 10 
12 12 12 12 12 12 12 12 12 12 12 12 12 12 12 12 12 12 12  0 12 12 12 12 12 12 12 12 12 12 12 12 12 12 12 12 12 12 12 12 12 12 12 12 12 12 12 12 12 12 12 12 12 12  8  9  8 14  8  8  8  8  8 11  9 10 13  0  0  0  0  0 12  8  8  8  8  8  8  8  8  9  8  8  8  8  8  0  0  0  0  9  9  9  8  8 10  7  6  6  8  0  0  0  0 11 10 
12 12 12 12 12 12 12 12 12 12 12 12 12 12 12 12 12 12 12  0 12 12 12 12 12 12 12 12 12 12 12 12 12 12 12 12 12 12 12 12 12 12 12 12 12 12 12 12 12 12 12 12 12 12  8  9  8 14  8  8  8  8  8 11  9 10 13  0  0  0  0  0 12  8  8  8  8  8  8  8  8  9  8  8  8  8  8  0  0  0  0  9  9  9  8  8 10  7  6  6  8  0  0  0  0 11 10 
12 12 12 12 12 12 12 12 12 12 12 12 12 12 12 12 12 12 12  0 12 12 12 12 12 12 12 12 12 12 12 12 12 12 12 12 12 12 12 12 12 12 12 12 12 12 12 12 12 12 12 12 12 12  8  9  8 14  8  8  8  8  8 11  9 10 13  0  0  0  0  0 12  8  8  8  8  8  8  8  8  9  8  8  8  8  8  0  0  0  0  9  9  9  8  8 10  7  6  6  8  0  0  0  0 11 10 
13 13 13 13 13 13 13 13 13 13 13 13 13 13 13 13 13 13 13  9 13 13 13 13 13 13 13 13 13 13 13 13 13 13 13 13 13 13 13 13 13 13 13 13 13 13 13 13 13 13 13 13 13 13  1  2  1 13  5  5  5  5  5 14 11  9 15  9  9  9  9  9 13  5  5  5  5  5  5  5  5  2  5  5  5  5  5  9  9  9  9  0  2 11 10  9  8  8  6  6  6  9  9  9  9 15 10 
13 13 13 13 13 13 13 13 13 13 13 13 13 13 13 13 13 13 13  9 13 13 13 13 13 13 13 13 13 13 13 13 13 13 13 13 13 13 13 13 13 13 13 13 13 13 13 13 13 13 13 13 13 13  2  3  2 12  7  7  7  7  7 14 12 11 15  9  9  9  9  9 13  7  7  7  7  7  7  7  7  0  7  7  7  7  7  9  9  9  9  2  0 12 10  9 10  8  7  7  6  9  9  9  9 16 10 
 5  5  5  5  5  5  5  5  5  5  5  5  5  5  5  5  5  5  5  9  5  5  5  5  5  5  5  5  5  5  5  5  5  5  5  5  5  5  5  5  5  5  5  5  5  5  5  5  5  5  5  5  5  5 10 11 10 14 11 11 11 11 11  4  0  2  8  9  9  9  9  9  5 11 11 11 11 11 11 11 11 12 11 11 11 11 11  9  9  9  9 11 12  0  7  5  6  9  7  8  7  9  9  9  9  6  4 
 9  9  9  9  9  9  9  9  9  9  9  9  9  9  9  9  9  9  9  8  9  9  9  9  9  9  9  9  9  9  9  9  9  9  9  9  9  9  9  9  9  9  9  9  9  9  9  9  9  9  9  9  9  9  9 10  9 15  9  9  9  9  9  7  7  7 11  8  8  8  8  8  9  9  9  9  9  9  9  9  9 10  9  9  9  9  9  8  8  8  8 10 10  7  0  5  5  8  6  6  4  8  8  8  8  9  3 
 6  6  6  6  6  6  6  6  6  6  6  6  6  6  6  6  6  6  6  8  6  6  6  6  6  6  6  6  6  6  6  6  6  6  6  6  6  6  6  6  6  6  6  6  6  6  6  6  6  6  6  6  6  6  8  9  8 13  8  8  8  8  8  8  5  4  9  8  8  8  8  8  6  8  8  8  8  8  8  8  8  9  8  8  8  8  8  8  8  8  8  9  9  5  5  0  3  8  7  6  5  8  8  8  8  8  2 
 8  8  8  8  8  8  8  8  8  8  8  8  8  8  8  8  8  8  8 10  8  8  8  8  8  8  8  8  8  8  8  8  8  8  8  8  8  8  8  8  8  8  8  8  8  8  8  8  8  8  8  8  8  8  9 10  9 15  7  7  7  7  7  8  6  5  9 10 10 10 10 10  8  7  7  7  7  7  7  7  7 10  7  7  7  7  7 10 10 10 10  8 10  6  5  3  0  8  6  8  7 10 10 10 10  8  4 
10 10 10 10 10 10 10 10 10 10 10 10 10 10 10 10 10 10 10  7 10 10 10 10 10 10 10 10 10 10 10 10 10 10 10 10 10 10 10 10 10 10 10 10 10 10 10 10 10 10 10 10 10 10  8  9  8 14  4  4  4  4  4 11  9  9 13  7  7  7  7  7 10  4  4  4  4  4  4  4  4  8  4  4  4  4  4  7  7  7  7  8  8  9  8  8  8  0  2  4  4  7  7  7  7 10  8 
11 11 11 11 11 11 11 11 11 11 11 11 11 11 11 11 11 11 11  6 11 11 11 11 11 11 11 11 11 11 11 11 11 11 11 11 11 11 11 11 11 11 11 11 11 11 11 11 11 11 11 11 11 11  6  7  6 12  5  5  5  5  5  9  7  9 12  6  6  6  6  6 11  5  5  5  5  5  5  5  5  7  5  5  5  5  5  6  6  6  6  6  7  7  6  7  6  2  0  4  2  6  6  6  6  9  8 
10 10 10 10 10 10 10 10 10 10 10 10 10 10 10 10 10 10 10  6 10 10 10 10 10 10 10 10 10 10 10 10 10 10 10 10 10 10 10 10 10 10 10 10 10 10 10 10 10 10 10 10 10 10  6  7  6 13  5  5  5  5  5 12  8  9 13  6  6  6  6  6 10  5  5  5  5  5  5  5  5  7  5  5  5  5  5  6  6  6  6  6  7  8  6  6  8  4  4  0  2  6  6  6  6 13  7 
 9  9  9  9  9  9  9  9  9  9  9  9  9  9  9  9  9  9  9  8  9  9  9  9  9  9  9  9  9  9  9  9  9  9  9  9  9  9  9  9  9  9  9  9  9  9  9  9  9  9  9  9  9  9  5  6  5 11  5  5  5  5  5 11  7  9 13  8  8  8  8  8  9  5  5  5  5  5  5  5  5  6  5  5  5  5  5  8  8  8  8  6  6  7  4  5  7  4  2  2  0  8  8  8  8 11  7 
12 12 12 12 12 12 12 12 12 12 12 12 12 12 12 12 12 12 12  0 12 12 12 12 12 12 12 12 12 12 12 12 12 12 12 12 12 12 12 12 12 12 12 12 12 12 12 12 12 12 12 12 12 12  8  9  8 14  8  8  8  8  8 11  9 10 13  0  0  0  0  0 12  8  8  8  8  8  8  8  8  9  8  8  8  8  8  0  0  0  0  9  9  9  8  8 10  7  6  6  8  0  0  0  0 11 10 
12 12 12 12 12 12 12 12 12 12 12 12 12 12 12 12 12 12 12  0 12 12 12 12 12 12 12 12 12 12 12 12 12 12 12 12 12 12 12 12 12 12 12 12 12 12 12 12 12 12 12 12 12 12  8  9  8 14  8  8  8  8  8 11  9 10 13  0  0  0  0  0 12  8  8  8  8  8  8  8  8  9  8  8  8  8  8  0  0  0  0  9  9  9  8  8 10  7  6  6  8  0  0  0  0 11 10 
12 12 12 12 12 12 12 12 12 12 12 12 12 12 12 12 12 12 12  0 12 12 12 12 12 12 12 12 12 12 12 12 12 12 12 12 12 12 12 12 12 12 12 12 12 12 12 12 12 12 12 12 12 12  8  9  8 14  8  8  8  8  8 11  9 10 13  0  0  0  0  0 12  8  8  8  8  8  8  8  8  9  8  8  8  8  8  0  0  0  0  9  9  9  8  8 10  7  6  6  8  0  0  0  0 11 10 
12 12 12 12 12 12 12 12 12 12 12 12 12 12 12 12 12 12 12  0 12 12 12 12 12 12 12 12 12 12 12 12 12 12 12 12 12 12 12 12 12 12 12 12 12 12 12 12 12 12 12 12 12 12  8  9  8 14  8  8  8  8  8 11  9 10 13  0  0  0  0  0 12  8  8  8  8  8  8  8  8  9  8  8  8  8  8  0  0  0  0  9  9  9  8  8 10  7  6  6  8  0  0  0  0 11 10 
 5  5  5  5  5  5  5  5  5  5  5  5  5  5  5  5  5  5  5 11  5  5  5  5  5  5  5  5  5  5  5  5  5  5  5  5  5  5  5  5  5  5  5  5  5  5  5  5  5  5  5  5  5  5 14 15 14 18 12 12 12 12 12  8  6  6  7 11 11 11 11 11  5 12 12 12 12 12 12 12 12 16 12 12 12 12 12 11 11 11 11 15 16  6  9  8  8 10  9 13 11 11 11 11 11  0  6 
 6  6  6  6  6  6  6  6  6  6  6  6  6  6  6  6  6  6  6 10  6  6  6  6  6  6  6  6  6  6  6  6  6  6  6  6  6  6  6  6  6  6  6  6  6  6  6  6  6  6  6  6  6  6  9 10  9 15  8  8  8  8  8  6  4  6 10 10 10 10 10 10  6  8  8  8  8  8  8  8  8 10  8  8  8  8  8 10 10 10 10 10 10  4  3  2  4  8  8  7  7 10 10 10 10  6  0 
