Instance Date: 20090307

VehicleNumber---RequestNumber---MaxTravelTime---DisinfectionTime
    3              57               90             30

VehicleCapacity---VehicleLunchReadyTime---VehicleLunchDueTime---VehicleLunchDuration
    7                    750                    810                     60

LocationID---StaffDemand---SeatDemand---ReadyTime---DueTime---ServiceTime
    0            0              0          450        1230         0
    1            2              1          750        1200         8
    2            2              1          480         750         8
    3            2              1          720         840         8
    4            2              3          480        1200         8
    5            3              3          480         750         8
    6            2              1          480        1200         8
    7            2              1          480        1200         8
    8            2              1          840         960         8
    9            2              3          480        1200         8
   10            2              1          480        1200         8
   11            3              3          480        1200         8
   12            3              1          750        1200         8
   13            3              1          480        1200         8
   14            2              3          540         700         8
   15            2              3          540         700         8
   16            2              1          757         877         8
   17            2              3          480        1200         8
   18            2              1          641         761         8
   19            2              3          480        1200         8
   20            2              1          649         769         8
   21            2              3          480         750         8
   22            2              1          720         840         8
   23            2              1          480        1200         8
   24            2              3          480        1200         8
   25            2              3          480        1200         8
   26            2              3          480        1200         8
   27            2              1          480        1200         8
   28            2              1          750        1200         8
   29            3              3          750        1200         8
   30            2              1          750        1200         8
   31            2              3          480        1200         8
   32            2              3          832         952         8
   33            2              1          840         960         8
   34            3              3          750        1200         8
   35            2              3          750        1200         8
   36            2              1          480        1200         8
   37            2              3          960        1080         8
   38            2              3          660         780         8
   39            2            1.5          480        1200         8
   40            2              1          480        1200         8
   41            2              1          480         750         8
   42            2              3          480        1200         8
   43            2              3          480        1200         8
   44            2              3          897        1047         8
   45            2              1          750        1200         8
   46            2              3          960        1080         8
   47            2              1          750        1200         8
   48            2              1          480        1200         8
   49            2              3          900        1020         8
   50            2              1          750        1200         8
   51            2              1          480        1200         8
   52            2              1          829         979         8
   53            2              3          860        1010         8
   54            2              1          750        1200         8
   55            2              1          750        1200         8
   56            2              1          750        1200         8
   57            2              3          720         840         8
   58            2             -1          750        1200        10
   59            2             -1          480         750        10
   60            2             -1          720         870        10
   61            2             -3          480        1200        10
   62            3             -3          480         750        10
   63            2             -1          480        1200        10
   64            2             -1          480        1200        10
   65            2             -1          840         980        10
   66            2             -3          480        1200        10
   67            2             -1          480        1200        10
   68            3             -3          480        1200         3
   69            3             -1          750        1200         3
   70            3             -1          480        1200         3
   71            2             -3          540         730         3
   72            2             -3          540         730         3
   73            2             -1          757         897        10
   74            2             -3          480        1200        10
   75            2             -1          641         791        10
   76            2             -3          480        1200        10
   77            2             -1          649         799        10
   78            2             -3          480         750         3
   79            2             -1          720         860        10
   80            2             -1          480        1200        10
   81            2             -3          480        1200        10
   82            2             -3          480        1200         3
   83            2             -3          480        1200         3
   84            2             -1          480        1200         3
   85            2             -1          750        1200        10
   86            3             -3          750        1200         3
   87            2             -1          750        1200         3
   88            2             -3          480        1200         3
   89            2             -3          832         982        10
   90            2             -1          840         980        10
   91            3             -3          750        1200         3
   92            2             -3          750        1200        10
   93            2             -1          480        1200         3
   94            2             -3          960        1100        10
   95            2             -3          660         800        10
   96            2           -1.5          480        1200        10
   97            2             -1          480        1200        10
   98            2             -1          480         750        10
   99            2             -3          480        1200        10
  100            2             -3          480        1200        10
  101            2             -3          897        1077         3
  102            2             -1          750        1200        10
  103            2             -3          960        1110        10
  104            2             -1          750        1200        10
  105            2             -1          480        1200         3
  106            2             -3          900        1050        10
  107            2             -1          750        1200        10
  108            2             -1          480        1200        10
  109            2             -1          829        1009         3
  110            2             -3          860        1040         3
  111            2             -1          750        1200        10
  112            2             -1          750        1200        10
  113            2             -1          750        1200        10
  114            2             -3          720         870        10

Travel Time Between Locations
 0 12 12 12 12  0 12 12 12 12 12 12 12 12  0  0  0  0  0  0  0  0 12 12 12  0  0  0 12  0  0  0  0 12 12  0  0 12 12 12  0 12 12  0  0  0 12 12  0  0  0  0  0  0 12  0  0 12 13 13 14 16  7  9  9 10  6  6  6 10  8 12 12  7 10 14 13 14 20 14 14 13 12 12 12 13 12 12 12 13 11 12  6 12  8  8  9 10 10 15  9 12  8  9  6 12 15  9  9 12 12  9  9 11 17 
12  0  0  0  0 12  0  0  0  0  0  0  0  0 12 12 12 12 12 12 12 12  0  0  0 12 12 12  8 12 12 12 12  0  0 12 12  8  8  8 12  0  0 12 12 12  8  8 12 12 12 12 12 12  0 12 12  0  9  9 12 16 10  9  8  8  7  7  6  9  6  8  8  9  6 10  9 10 20 10  9 13  8  8  8  9  0  0  0  9  8  8  8  8  5  5  7  8  8 11  8  8 10  9  9  8 11  8  8  0  0  8  9  8 13 
12  0  0  0  0 12  0  0  0  0  0  0  0  0 12 12 12 12 12 12 12 12  0  0  0 12 12 12  8 12 12 12 12  0  0 12 12  8  8  8 12  0  0 12 12 12  8  8 12 12 12 12 12 12  0 12 12  0  9  9 12 16 10  9  8  8  7  7  6  9  6  8  8  9  6 10  9 10 20 10  9 13  8  8  8  9  0  0  0  9  8  8  8  8  5  5  7  8  8 11  8  8 10  9  9  8 11  8  8  0  0  8  9  8 13 
12  0  0  0  0 12  0  0  0  0  0  0  0  0 12 12 12 12 12 12 12 12  0  0  0 12 12 12  8 12 12 12 12  0  0 12 12  8  8  8 12  0  0 12 12 12  8  8 12 12 12 12 12 12  0 12 12  0  9  9 12 16 10  9  8  8  7  7  6  9  6  8  8  9  6 10  9 10 20 10  9 13  8  8  8  9  0  0  0  9  8  8  8  8  5  5  7  8  8 11  8  8 10  9  9  8 11  8  8  0  0  8  9  8 13 
12  0  0  0  0 12  0  0  0  0  0  0  0  0 12 12 12 12 12 12 12 12  0  0  0 12 12 12  8 12 12 12 12  0  0 12 12  8  8  8 12  0  0 12 12 12  8  8 12 12 12 12 12 12  0 12 12  0  9  9 12 16 10  9  8  8  7  7  6  9  6  8  8  9  6 10  9 10 20 10  9 13  8  8  8  9  0  0  0  9  8  8  8  8  5  5  7  8  8 11  8  8 10  9  9  8 11  8  8  0  0  8  9  8 13 
 0 12 12 12 12  0 12 12 12 12 12 12 12 12  0  0  0  0  0  0  0  0 12 12 12  0  0  0 12  0  0  0  0 12 12  0  0 12 12 12  0 12 12  0  0  0 12 12  0  0  0  0  0  0 12  0  0 12 13 13 14 16  7  9  9 10  6  6  6 10  8 12 12  7 10 14 13 14 20 14 14 13 12 12 12 13 12 12 12 13 11 12  6 12  8  8  9 10 10 15  9 12  8  9  6 12 15  9  9 12 12  9  9 11 17 
12  0  0  0  0 12  0  0  0  0  0  0  0  0 12 12 12 12 12 12 12 12  0  0  0 12 12 12  8 12 12 12 12  0  0 12 12  8  8  8 12  0  0 12 12 12  8  8 12 12 12 12 12 12  0 12 12  0  9  9 12 16 10  9  8  8  7  7  6  9  6  8  8  9  6 10  9 10 20 10  9 13  8  8  8  9  0  0  0  9  8  8  8  8  5  5  7  8  8 11  8  8 10  9  9  8 11  8  8  0  0  8  9  8 13 
12  0  0  0  0 12  0  0  0  0  0  0  0  0 12 12 12 12 12 12 12 12  0  0  0 12 12 12  8 12 12 12 12  0  0 12 12  8  8  8 12  0  0 12 12 12  8  8 12 12 12 12 12 12  0 12 12  0  9  9 12 16 10  9  8  8  7  7  6  9  6  8  8  9  6 10  9 10 20 10  9 13  8  8  8  9  0  0  0  9  8  8  8  8  5  5  7  8  8 11  8  8 10  9  9  8 11  8  8  0  0  8  9  8 13 
12  0  0  0  0 12  0  0  0  0  0  0  0  0 12 12 12 12 12 12 12 12  0  0  0 12 12 12  8 12 12 12 12  0  0 12 12  8  8  8 12  0  0 12 12 12  8  8 12 12 12 12 12 12  0 12 12  0  9  9 12 16 10  9  8  8  7  7  6  9  6  8  8  9  6 10  9 10 20 10  9 13  8  8  8  9  0  0  0  9  8  8  8  8  5  5  7  8  8 11  8  8 10  9  9  8 11  8  8  0  0  8  9  8 13 
12  0  0  0  0 12  0  0  0  0  0  0  0  0 12 12 12 12 12 12 12 12  0  0  0 12 12 12  8 12 12 12 12  0  0 12 12  8  8  8 12  0  0 12 12 12  8  8 12 12 12 12 12 12  0 12 12  0  9  9 12 16 10  9  8  8  7  7  6  9  6  8  8  9  6 10  9 10 20 10  9 13  8  8  8  9  0  0  0  9  8  8  8  8  5  5  7  8  8 11  8  8 10  9  9  8 11  8  8  0  0  8  9  8 13 
12  0  0  0  0 12  0  0  0  0  0  0  0  0 12 12 12 12 12 12 12 12  0  0  0 12 12 12  8 12 12 12 12  0  0 12 12  8  8  8 12  0  0 12 12 12  8  8 12 12 12 12 12 12  0 12 12  0  9  9 12 16 10  9  8  8  7  7  6  9  6  8  8  9  6 10  9 10 20 10  9 13  8  8  8  9  0  0  0  9  8  8  8  8  5  5  7  8  8 11  8  8 10  9  9  8 11  8  8  0  0  8  9  8 13 
12  0  0  0  0 12  0  0  0  0  0  0  0  0 12 12 12 12 12 12 12 12  0  0  0 12 12 12  8 12 12 12 12  0  0 12 12  8  8  8 12  0  0 12 12 12  8  8 12 12 12 12 12 12  0 12 12  0  9  9 12 16 10  9  8  8  7  7  6  9  6  8  8  9  6 10  9 10 20 10  9 13  8  8  8  9  0  0  0  9  8  8  8  8  5  5  7  8  8 11  8  8 10  9  9  8 11  8  8  0  0  8  9  8 13 
12  0  0  0  0 12  0  0  0  0  0  0  0  0 12 12 12 12 12 12 12 12  0  0  0 12 12 12  8 12 12 12 12  0  0 12 12  8  8  8 12  0  0 12 12 12  8  8 12 12 12 12 12 12  0 12 12  0  9  9 12 16 10  9  8  8  7  7  6  9  6  8  8  9  6 10  9 10 20 10  9 13  8  8  8  9  0  0  0  9  8  8  8  8  5  5  7  8  8 11  8  8 10  9  9  8 11  8  8  0  0  8  9  8 13 
12  0  0  0  0 12  0  0  0  0  0  0  0  0 12 12 12 12 12 12 12 12  0  0  0 12 12 12  8 12 12 12 12  0  0 12 12  8  8  8 12  0  0 12 12 12  8  8 12 12 12 12 12 12  0 12 12  0  9  9 12 16 10  9  8  8  7  7  6  9  6  8  8  9  6 10  9 10 20 10  9 13  8  8  8  9  0  0  0  9  8  8  8  8  5  5  7  8  8 11  8  8 10  9  9  8 11  8  8  0  0  8  9  8 13 
 0 12 12 12 12  0 12 12 12 12 12 12 12 12  0  0  0  0  0  0  0  0 12 12 12  0  0  0 12  0  0  0  0 12 12  0  0 12 12 12  0 12 12  0  0  0 12 12  0  0  0  0  0  0 12  0  0 12 13 13 14 16  7  9  9 10  6  6  6 10  8 12 12  7 10 14 13 14 20 14 14 13 12 12 12 13 12 12 12 13 11 12  6 12  8  8  9 10 10 15  9 12  8  9  6 12 15  9  9 12 12  9  9 11 17 
 0 12 12 12 12  0 12 12 12 12 12 12 12 12  0  0  0  0  0  0  0  0 12 12 12  0  0  0 12  0  0  0  0 12 12  0  0 12 12 12  0 12 12  0  0  0 12 12  0  0  0  0  0  0 12  0  0 12 13 13 14 16  7  9  9 10  6  6  6 10  8 12 12  7 10 14 13 14 20 14 14 13 12 12 12 13 12 12 12 13 11 12  6 12  8  8  9 10 10 15  9 12  8  9  6 12 15  9  9 12 12  9  9 11 17 
 0 12 12 12 12  0 12 12 12 12 12 12 12 12  0  0  0  0  0  0  0  0 12 12 12  0  0  0 12  0  0  0  0 12 12  0  0 12 12 12  0 12 12  0  0  0 12 12  0  0  0  0  0  0 12  0  0 12 13 13 14 16  7  9  9 10  6  6  6 10  8 12 12  7 10 14 13 14 20 14 14 13 12 12 12 13 12 12 12 13 11 12  6 12  8  8  9 10 10 15  9 12  8  9  6 12 15  9  9 12 12  9  9 11 17 
 0 12 12 12 12  0 12 12 12 12 12 12 12 12  0  0  0  0  0  0  0  0 12 12 12  0  0  0 12  0  0  0  0 12 12  0  0 12 12 12  0 12 12  0  0  0 12 12  0  0  0  0  0  0 12  0  0 12 13 13 14 16  7  9  9 10  6  6  6 10  8 12 12  7 10 14 13 14 20 14 14 13 12 12 12 13 12 12 12 13 11 12  6 12  8  8  9 10 10 15  9 12  8  9  6 12 15  9  9 12 12  9  9 11 17 
 0 12 12 12 12  0 12 12 12 12 12 12 12 12  0  0  0  0  0  0  0  0 12 12 12  0  0  0 12  0  0  0  0 12 12  0  0 12 12 12  0 12 12  0  0  0 12 12  0  0  0  0  0  0 12  0  0 12 13 13 14 16  7  9  9 10  6  6  6 10  8 12 12  7 10 14 13 14 20 14 14 13 12 12 12 13 12 12 12 13 11 12  6 12  8  8  9 10 10 15  9 12  8  9  6 12 15  9  9 12 12  9  9 11 17 
 0 12 12 12 12  0 12 12 12 12 12 12 12 12  0  0  0  0  0  0  0  0 12 12 12  0  0  0 12  0  0  0  0 12 12  0  0 12 12 12  0 12 12  0  0  0 12 12  0  0  0  0  0  0 12  0  0 12 13 13 14 16  7  9  9 10  6  6  6 10  8 12 12  7 10 14 13 14 20 14 14 13 12 12 12 13 12 12 12 13 11 12  6 12  8  8  9 10 10 15  9 12  8  9  6 12 15  9  9 12 12  9  9 11 17 
 0 12 12 12 12  0 12 12 12 12 12 12 12 12  0  0  0  0  0  0  0  0 12 12 12  0  0  0 12  0  0  0  0 12 12  0  0 12 12 12  0 12 12  0  0  0 12 12  0  0  0  0  0  0 12  0  0 12 13 13 14 16  7  9  9 10  6  6  6 10  8 12 12  7 10 14 13 14 20 14 14 13 12 12 12 13 12 12 12 13 11 12  6 12  8  8  9 10 10 15  9 12  8  9  6 12 15  9  9 12 12  9  9 11 17 
 0 12 12 12 12  0 12 12 12 12 12 12 12 12  0  0  0  0  0  0  0  0 12 12 12  0  0  0 12  0  0  0  0 12 12  0  0 12 12 12  0 12 12  0  0  0 12 12  0  0  0  0  0  0 12  0  0 12 13 13 14 16  7  9  9 10  6  6  6 10  8 12 12  7 10 14 13 14 20 14 14 13 12 12 12 13 12 12 12 13 11 12  6 12  8  8  9 10 10 15  9 12  8  9  6 12 15  9  9 12 12  9  9 11 17 
12  0  0  0  0 12  0  0  0  0  0  0  0  0 12 12 12 12 12 12 12 12  0  0  0 12 12 12  8 12 12 12 12  0  0 12 12  8  8  8 12  0  0 12 12 12  8  8 12 12 12 12 12 12  0 12 12  0  9  9 12 16 10  9  8  8  7  7  6  9  6  8  8  9  6 10  9 10 20 10  9 13  8  8  8  9  0  0  0  9  8  8  8  8  5  5  7  8  8 11  8  8 10  9  9  8 11  8  8  0  0  8  9  8 13 
12  0  0  0  0 12  0  0  0  0  0  0  0  0 12 12 12 12 12 12 12 12  0  0  0 12 12 12  8 12 12 12 12  0  0 12 12  8  8  8 12  0  0 12 12 12  8  8 12 12 12 12 12 12  0 12 12  0  9  9 12 16 10  9  8  8  7  7  6  9  6  8  8  9  6 10  9 10 20 10  9 13  8  8  8  9  0  0  0  9  8  8  8  8  5  5  7  8  8 11  8  8 10  9  9  8 11  8  8  0  0  8  9  8 13 
12  0  0  0  0 12  0  0  0  0  0  0  0  0 12 12 12 12 12 12 12 12  0  0  0 12 12 12  8 12 12 12 12  0  0 12 12  8  8  8 12  0  0 12 12 12  8  8 12 12 12 12 12 12  0 12 12  0  9  9 12 16 10  9  8  8  7  7  6  9  6  8  8  9  6 10  9 10 20 10  9 13  8  8  8  9  0  0  0  9  8  8  8  8  5  5  7  8  8 11  8  8 10  9  9  8 11  8  8  0  0  8  9  8 13 
 0 12 12 12 12  0 12 12 12 12 12 12 12 12  0  0  0  0  0  0  0  0 12 12 12  0  0  0 12  0  0  0  0 12 12  0  0 12 12 12  0 12 12  0  0  0 12 12  0  0  0  0  0  0 12  0  0 12 13 13 14 16  7  9  9 10  6  6  6 10  8 12 12  7 10 14 13 14 20 14 14 13 12 12 12 13 12 12 12 13 11 12  6 12  8  8  9 10 10 15  9 12  8  9  6 12 15  9  9 12 12  9  9 11 17 
 0 12 12 12 12  0 12 12 12 12 12 12 12 12  0  0  0  0  0  0  0  0 12 12 12  0  0  0 12  0  0  0  0 12 12  0  0 12 12 12  0 12 12  0  0  0 12 12  0  0  0  0  0  0 12  0  0 12 13 13 14 16  7  9  9 10  6  6  6 10  8 12 12  7 10 14 13 14 20 14 14 13 12 12 12 13 12 12 12 13 11 12  6 12  8  8  9 10 10 15  9 12  8  9  6 12 15  9  9 12 12  9  9 11 17 
 0 12 12 12 12  0 12 12 12 12 12 12 12 12  0  0  0  0  0  0  0  0 12 12 12  0  0  0 12  0  0  0  0 12 12  0  0 12 12 12  0 12 12  0  0  0 12 12  0  0  0  0  0  0 12  0  0 12 13 13 14 16  7  9  9 10  6  6  6 10  8 12 12  7 10 14 13 14 20 14 14 13 12 12 12 13 12 12 12 13 11 12  6 12  8  8  9 10 10 15  9 12  8  9  6 12 15  9  9 12 12  9  9 11 17 
12  8  8  8  8 12  8  8  8  8  8  8  8  8 12 12 12 12 12 12 12 12  8  8  8 12 12 12  0 12 12 12 12  8  8 12 12  0  0  0 12  8  8 12 12 12  0  0 12 12 12 12 12 12  8 12 12  8  7  6 13 15  7  8  5  4  9  9  7  8  8  0  0  9  4  7  6  6 18  6  7 11  0  0  0  6  8  8  8  6  6  6 10  0  6  6  7  4  4  9  5  0  7  8 10  0  7  7  7  8  8 11  8  6 11 
 0 12 12 12 12  0 12 12 12 12 12 12 12 12  0  0  0  0  0  0  0  0 12 12 12  0  0  0 12  0  0  0  0 12 12  0  0 12 12 12  0 12 12  0  0  0 12 12  0  0  0  0  0  0 12  0  0 12 13 13 14 16  7  9  9 10  6  6  6 10  8 12 12  7 10 14 13 14 20 14 14 13 12 12 12 13 12 12 12 13 11 12  6 12  8  8  9 10 10 15  9 12  8  9  6 12 15  9  9 12 12  9  9 11 17 
 0 12 12 12 12  0 12 12 12 12 12 12 12 12  0  0  0  0  0  0  0  0 12 12 12  0  0  0 12  0  0  0  0 12 12  0  0 12 12 12  0 12 12  0  0  0 12 12  0  0  0  0  0  0 12  0  0 12 13 13 14 16  7  9  9 10  6  6  6 10  8 12 12  7 10 14 13 14 20 14 14 13 12 12 12 13 12 12 12 13 11 12  6 12  8  8  9 10 10 15  9 12  8  9  6 12 15  9  9 12 12  9  9 11 17 
 0 12 12 12 12  0 12 12 12 12 12 12 12 12  0  0  0  0  0  0  0  0 12 12 12  0  0  0 12  0  0  0  0 12 12  0  0 12 12 12  0 12 12  0  0  0 12 12  0  0  0  0  0  0 12  0  0 12 13 13 14 16  7  9  9 10  6  6  6 10  8 12 12  7 10 14 13 14 20 14 14 13 12 12 12 13 12 12 12 13 11 12  6 12  8  8  9 10 10 15  9 12  8  9  6 12 15  9  9 12 12  9  9 11 17 
 0 12 12 12 12  0 12 12 12 12 12 12 12 12  0  0  0  0  0  0  0  0 12 12 12  0  0  0 12  0  0  0  0 12 12  0  0 12 12 12  0 12 12  0  0  0 12 12  0  0  0  0  0  0 12  0  0 12 13 13 14 16  7  9  9 10  6  6  6 10  8 12 12  7 10 14 13 14 20 14 14 13 12 12 12 13 12 12 12 13 11 12  6 12  8  8  9 10 10 15  9 12  8  9  6 12 15  9  9 12 12  9  9 11 17 
12  0  0  0  0 12  0  0  0  0  0  0  0  0 12 12 12 12 12 12 12 12  0  0  0 12 12 12  8 12 12 12 12  0  0 12 12  8  8  8 12  0  0 12 12 12  8  8 12 12 12 12 12 12  0 12 12  0  9  9 12 16 10  9  8  8  7  7  6  9  6  8  8  9  6 10  9 10 20 10  9 13  8  8  8  9  0  0  0  9  8  8  8  8  5  5  7  8  8 11  8  8 10  9  9  8 11  8  8  0  0  8  9  8 13 
12  0  0  0  0 12  0  0  0  0  0  0  0  0 12 12 12 12 12 12 12 12  0  0  0 12 12 12  8 12 12 12 12  0  0 12 12  8  8  8 12  0  0 12 12 12  8  8 12 12 12 12 12 12  0 12 12  0  9  9 12 16 10  9  8  8  7  7  6  9  6  8  8  9  6 10  9 10 20 10  9 13  8  8  8  9  0  0  0  9  8  8  8  8  5  5  7  8  8 11  8  8 10  9  9  8 11  8  8  0  0  8  9  8 13 
 0 12 12 12 12  0 12 12 12 12 12 12 12 12  0  0  0  0  0  0  0  0 12 12 12  0  0  0 12  0  0  0  0 12 12  0  0 12 12 12  0 12 12  0  0  0 12 12  0  0  0  0  0  0 12  0  0 12 13 13 14 16  7  9  9 10  6  6  6 10  8 12 12  7 10 14 13 14 20 14 14 13 12 12 12 13 12 12 12 13 11 12  6 12  8  8  9 10 10 15  9 12  8  9  6 12 15  9  9 12 12  9  9 11 17 
 0 12 12 12 12  0 12 12 12 12 12 12 12 12  0  0  0  0  0  0  0  0 12 12 12  0  0  0 12  0  0  0  0 12 12  0  0 12 12 12  0 12 12  0  0  0 12 12  0  0  0  0  0  0 12  0  0 12 13 13 14 16  7  9  9 10  6  6  6 10  8 12 12  7 10 14 13 14 20 14 14 13 12 12 12 13 12 12 12 13 11 12  6 12  8  8  9 10 10 15  9 12  8  9  6 12 15  9  9 12 12  9  9 11 17 
12  8  8  8  8 12  8  8  8  8  8  8  8  8 12 12 12 12 12 12 12 12  8  8  8 12 12 12  0 12 12 12 12  8  8 12 12  0  0  0 12  8  8 12 12 12  0  0 12 12 12 12 12 12  8 12 12  8  7  6 13 15  7  8  5  4  9  9  7  8  8  0  0  9  4  7  6  6 18  6  7 11  0  0  0  6  8  8  8  6  6  6 10  0  6  6  7  4  4  9  5  0  7  8 10  0  7  7  7  8  8 11  8  6 11 
12  8  8  8  8 12  8  8  8  8  8  8  8  8 12 12 12 12 12 12 12 12  8  8  8 12 12 12  0 12 12 12 12  8  8 12 12  0  0  0 12  8  8 12 12 12  0  0 12 12 12 12 12 12  8 12 12  8  7  6 13 15  7  8  5  4  9  9  7  8  8  0  0  9  4  7  6  6 18  6  7 11  0  0  0  6  8  8  8  6  6  6 10  0  6  6  7  4  4  9  5  0  7  8 10  0  7  7  7  8  8 11  8  6 11 
12  8  8  8  8 12  8  8  8  8  8  8  8  8 12 12 12 12 12 12 12 12  8  8  8 12 12 12  0 12 12 12 12  8  8 12 12  0  0  0 12  8  8 12 12 12  0  0 12 12 12 12 12 12  8 12 12  8  7  6 13 15  7  8  5  4  9  9  7  8  8  0  0  9  4  7  6  6 18  6  7 11  0  0  0  6  8  8  8  6  6  6 10  0  6  6  7  4  4  9  5  0  7  8 10  0  7  7  7  8  8 11  8  6 11 
 0 12 12 12 12  0 12 12 12 12 12 12 12 12  0  0  0  0  0  0  0  0 12 12 12  0  0  0 12  0  0  0  0 12 12  0  0 12 12 12  0 12 12  0  0  0 12 12  0  0  0  0  0  0 12  0  0 12 13 13 14 16  7  9  9 10  6  6  6 10  8 12 12  7 10 14 13 14 20 14 14 13 12 12 12 13 12 12 12 13 11 12  6 12  8  8  9 10 10 15  9 12  8  9  6 12 15  9  9 12 12  9  9 11 17 
12  0  0  0  0 12  0  0  0  0  0  0  0  0 12 12 12 12 12 12 12 12  0  0  0 12 12 12  8 12 12 12 12  0  0 12 12  8  8  8 12  0  0 12 12 12  8  8 12 12 12 12 12 12  0 12 12  0  9  9 12 16 10  9  8  8  7  7  6  9  6  8  8  9  6 10  9 10 20 10  9 13  8  8  8  9  0  0  0  9  8  8  8  8  5  5  7  8  8 11  8  8 10  9  9  8 11  8  8  0  0  8  9  8 13 
12  0  0  0  0 12  0  0  0  0  0  0  0  0 12 12 12 12 12 12 12 12  0  0  0 12 12 12  8 12 12 12 12  0  0 12 12  8  8  8 12  0  0 12 12 12  8  8 12 12 12 12 12 12  0 12 12  0  9  9 12 16 10  9  8  8  7  7  6  9  6  8  8  9  6 10  9 10 20 10  9 13  8  8  8  9  0  0  0  9  8  8  8  8  5  5  7  8  8 11  8  8 10  9  9  8 11  8  8  0  0  8  9  8 13 
 0 12 12 12 12  0 12 12 12 12 12 12 12 12  0  0  0  0  0  0  0  0 12 12 12  0  0  0 12  0  0  0  0 12 12  0  0 12 12 12  0 12 12  0  0  0 12 12  0  0  0  0  0  0 12  0  0 12 13 13 14 16  7  9  9 10  6  6  6 10  8 12 12  7 10 14 13 14 20 14 14 13 12 12 12 13 12 12 12 13 11 12  6 12  8  8  9 10 10 15  9 12  8  9  6 12 15  9  9 12 12  9  9 11 17 
 0 12 12 12 12  0 12 12 12 12 12 12 12 12  0  0  0  0  0  0  0  0 12 12 12  0  0  0 12  0  0  0  0 12 12  0  0 12 12 12  0 12 12  0  0  0 12 12  0  0  0  0  0  0 12  0  0 12 13 13 14 16  7  9  9 10  6  6  6 10  8 12 12  7 10 14 13 14 20 14 14 13 12 12 12 13 12 12 12 13 11 12  6 12  8  8  9 10 10 15  9 12  8  9  6 12 15  9  9 12 12  9  9 11 17 
 0 12 12 12 12  0 12 12 12 12 12 12 12 12  0  0  0  0  0  0  0  0 12 12 12  0  0  0 12  0  0  0  0 12 12  0  0 12 12 12  0 12 12  0  0  0 12 12  0  0  0  0  0  0 12  0  0 12 13 13 14 16  7  9  9 10  6  6  6 10  8 12 12  7 10 14 13 14 20 14 14 13 12 12 12 13 12 12 12 13 11 12  6 12  8  8  9 10 10 15  9 12  8  9  6 12 15  9  9 12 12  9  9 11 17 
12  8  8  8  8 12  8  8  8  8  8  8  8  8 12 12 12 12 12 12 12 12  8  8  8 12 12 12  0 12 12 12 12  8  8 12 12  0  0  0 12  8  8 12 12 12  0  0 12 12 12 12 12 12  8 12 12  8  7  6 13 15  7  8  5  4  9  9  7  8  8  0  0  9  4  7  6  6 18  6  7 11  0  0  0  6  8  8  8  6  6  6 10  0  6  6  7  4  4  9  5  0  7  8 10  0  7  7  7  8  8 11  8  6 11 
12  8  8  8  8 12  8  8  8  8  8  8  8  8 12 12 12 12 12 12 12 12  8  8  8 12 12 12  0 12 12 12 12  8  8 12 12  0  0  0 12  8  8 12 12 12  0  0 12 12 12 12 12 12  8 12 12  8  7  6 13 15  7  8  5  4  9  9  7  8  8  0  0  9  4  7  6  6 18  6  7 11  0  0  0  6  8  8  8  6  6  6 10  0  6  6  7  4  4  9  5  0  7  8 10  0  7  7  7  8  8 11  8  6 11 
 0 12 12 12 12  0 12 12 12 12 12 12 12 12  0  0  0  0  0  0  0  0 12 12 12  0  0  0 12  0  0  0  0 12 12  0  0 12 12 12  0 12 12  0  0  0 12 12  0  0  0  0  0  0 12  0  0 12 13 13 14 16  7  9  9 10  6  6  6 10  8 12 12  7 10 14 13 14 20 14 14 13 12 12 12 13 12 12 12 13 11 12  6 12  8  8  9 10 10 15  9 12  8  9  6 12 15  9  9 12 12  9  9 11 17 
 0 12 12 12 12  0 12 12 12 12 12 12 12 12  0  0  0  0  0  0  0  0 12 12 12  0  0  0 12  0  0  0  0 12 12  0  0 12 12 12  0 12 12  0  0  0 12 12  0  0  0  0  0  0 12  0  0 12 13 13 14 16  7  9  9 10  6  6  6 10  8 12 12  7 10 14 13 14 20 14 14 13 12 12 12 13 12 12 12 13 11 12  6 12  8  8  9 10 10 15  9 12  8  9  6 12 15  9  9 12 12  9  9 11 17 
 0 12 12 12 12  0 12 12 12 12 12 12 12 12  0  0  0  0  0  0  0  0 12 12 12  0  0  0 12  0  0  0  0 12 12  0  0 12 12 12  0 12 12  0  0  0 12 12  0  0  0  0  0  0 12  0  0 12 13 13 14 16  7  9  9 10  6  6  6 10  8 12 12  7 10 14 13 14 20 14 14 13 12 12 12 13 12 12 12 13 11 12  6 12  8  8  9 10 10 15  9 12  8  9  6 12 15  9  9 12 12  9  9 11 17 
 0 12 12 12 12  0 12 12 12 12 12 12 12 12  0  0  0  0  0  0  0  0 12 12 12  0  0  0 12  0  0  0  0 12 12  0  0 12 12 12  0 12 12  0  0  0 12 12  0  0  0  0  0  0 12  0  0 12 13 13 14 16  7  9  9 10  6  6  6 10  8 12 12  7 10 14 13 14 20 14 14 13 12 12 12 13 12 12 12 13 11 12  6 12  8  8  9 10 10 15  9 12  8  9  6 12 15  9  9 12 12  9  9 11 17 
 0 12 12 12 12  0 12 12 12 12 12 12 12 12  0  0  0  0  0  0  0  0 12 12 12  0  0  0 12  0  0  0  0 12 12  0  0 12 12 12  0 12 12  0  0  0 12 12  0  0  0  0  0  0 12  0  0 12 13 13 14 16  7  9  9 10  6  6  6 10  8 12 12  7 10 14 13 14 20 14 14 13 12 12 12 13 12 12 12 13 11 12  6 12  8  8  9 10 10 15  9 12  8  9  6 12 15  9  9 12 12  9  9 11 17 
 0 12 12 12 12  0 12 12 12 12 12 12 12 12  0  0  0  0  0  0  0  0 12 12 12  0  0  0 12  0  0  0  0 12 12  0  0 12 12 12  0 12 12  0  0  0 12 12  0  0  0  0  0  0 12  0  0 12 13 13 14 16  7  9  9 10  6  6  6 10  8 12 12  7 10 14 13 14 20 14 14 13 12 12 12 13 12 12 12 13 11 12  6 12  8  8  9 10 10 15  9 12  8  9  6 12 15  9  9 12 12  9  9 11 17 
12  0  0  0  0 12  0  0  0  0  0  0  0  0 12 12 12 12 12 12 12 12  0  0  0 12 12 12  8 12 12 12 12  0  0 12 12  8  8  8 12  0  0 12 12 12  8  8 12 12 12 12 12 12  0 12 12  0  9  9 12 16 10  9  8  8  7  7  6  9  6  8  8  9  6 10  9 10 20 10  9 13  8  8  8  9  0  0  0  9  8  8  8  8  5  5  7  8  8 11  8  8 10  9  9  8 11  8  8  0  0  8  9  8 13 
 0 12 12 12 12  0 12 12 12 12 12 12 12 12  0  0  0  0  0  0  0  0 12 12 12  0  0  0 12  0  0  0  0 12 12  0  0 12 12 12  0 12 12  0  0  0 12 12  0  0  0  0  0  0 12  0  0 12 13 13 14 16  7  9  9 10  6  6  6 10  8 12 12  7 10 14 13 14 20 14 14 13 12 12 12 13 12 12 12 13 11 12  6 12  8  8  9 10 10 15  9 12  8  9  6 12 15  9  9 12 12  9  9 11 17 
 0 12 12 12 12  0 12 12 12 12 12 12 12 12  0  0  0  0  0  0  0  0 12 12 12  0  0  0 12  0  0  0  0 12 12  0  0 12 12 12  0 12 12  0  0  0 12 12  0  0  0  0  0  0 12  0  0 12 13 13 14 16  7  9  9 10  6  6  6 10  8 12 12  7 10 14 13 14 20 14 14 13 12 12 12 13 12 12 12 13 11 12  6 12  8  8  9 10 10 15  9 12  8  9  6 12 15  9  9 12 12  9  9 11 17 
12  0  0  0  0 12  0  0  0  0  0  0  0  0 12 12 12 12 12 12 12 12  0  0  0 12 12 12  8 12 12 12 12  0  0 12 12  8  8  8 12  0  0 12 12 12  8  8 12 12 12 12 12 12  0 12 12  0  9  9 12 16 10  9  8  8  7  7  6  9  6  8  8  9  6 10  9 10 20 10  9 13  8  8  8  9  0  0  0  9  8  8  8  8  5  5  7  8  8 11  8  8 10  9  9  8 11  8  8  0  0  8  9  8 13 
13  9  9  9  9 13  9  9  9  9  9  9  9  9 13 13 13 13 13 13 13 13  9  9  9 13 13 13  7 13 13 13 13  9  9 13 13  7  7  7 13  9  9 13 13 13  7  7 13 13 13 13 13 13  9 13 13  9  0  3 13 14  9 12  6  7 12 12 11 12  9  7  7 11  6  2  3  2 19  6  5  9  7  7  7  3  9  9  9  3  7  1 12  7  9  9 10  7  7  7  6  7 10 12 11  7  5 11 11  9  9 12 12  7  9 
13  9  9  9  9 13  9  9  9  9  9  9  9  9 13 13 13 13 13 13 13 13  9  9  9 13 13 13  6 13 13 13 13  9  9 13 13  6  6  6 13  9  9 13 13 13  6  6 13 13 13 13 13 13  9 13 13  9  3  0 13 16 10 12  7  8 13 13 11 12  9  6  6 11  6  2  0  1 19  6  7 10  6  6  6  0  9  9  9  0  7  2 13  6  9  9 10  8  8  8  7  6 10 12 12  6  4 11 11  9  9 12 12  7 10 
14 12 12 12 12 14 12 12 12 12 12 12 12 12 14 14 14 14 14 14 14 14 12 12 12 14 14 14 13 14 14 14 14 12 12 14 14 13 13 13 14 12 12 14 14 14 13 13 14 14 14 14 14 14 12 14 14 12 13 13  0  4  9 12 11 12 13 13 12 12 12 13 13 15 11 13 13 13  8 11 10  6 13 13 13 13 12 12 12 13 10 12 15 13 13 13 12 12 12  8 11 13 10 12 15 13 15 11 11 12 12 17 12 10  6 
16 16 16 16 16 16 16 16 16 16 16 16 16 16 16 16 16 16 16 16 16 16 16 16 16 16 16 16 15 16 16 16 16 16 16 16 16 15 15 15 16 16 16 16 16 16 15 15 16 16 16 16 16 16 16 16 16 16 14 16  4  0 11 14 15 13 17 17 15 15 14 15 15 16 15 15 16 16 12 13 14 10 15 15 15 16 16 16 16 16 14 15 17 15 15 15 15 13 13 12 15 15 12 14 17 15 19 14 14 16 16 18 14 14 10 
 7 10 10 10 10  7 10 10 10 10 10 10 10 10  7  7  7  7  7  7  7  7 10 10 10  7  7  7  7  7  7  7  7 10 10  7  7  7  7  7  7 10 10  7  7  7  7  7  7  7  7  7  7  7 10  7  7 10  9 10  9 11  0  4  7  5  8  8  7  4  5  7  7  6  7 10 10 10 15  8  8  6  7  7  7 10 10 10 10 10  7  8  6  7  8  8  4  5  5 11  7  7  1  4  6  7 12  3  3 10 10 11  4  7 10 
 9  9  9  9  9  9  9  9  9  9  9  9  9  9  9  9  9  9  9  9  9  9  9  9  9  9  9  9  8  9  9  9  9  9  9  9  9  8  8  8  9  9  9  9  9  9  8  8  9  9  9  9  9  9  9  9  9  9 12 12 12 14  4  0  8  6  9  9  9  2  7  8  8  7 10 13 12 12 18  9 12 10  8  8  8 12  9  9  9 12  7 12  8  8  9  9  7  6  6 15  8  8  4  0  7  8 11  1  1  9  9 12  0  7 14 
 9  8  8  8  8  9  8  8  8  8  8  8  8  8  9  9  9  9  9  9  9  9  8  8  8  9  9  9  5  9  9  9  9  8  8  9  9  5  5  5  9  8  8  9  9  9  5  5  9  9  9  9  9  9  8  9  9  8  6  7 11 15  7  8  0  2  8  8  8  6  6  5  5  9  3  7  7  7 17  8  9  9  5  5  5  7  8  8  8  7  6  5  9  5  5  5  6  2  2  8  0  5  7  8  9  5  7  7  7  8  8  8  8  6 10 
10  8  8  8  8 10  8  8  8  8  8  8  8  8 10 10 10 10 10 10 10 10  8  8  8 10 10 10  4 10 10 10 10  8  8 10 10  4  4  4 10  8  8 10 10 10  4  4 10 10 10 10 10 10  8 10 10  8  7  8 12 13  5  6  2  0  8  8  6  6  5  4  4  8  5  8  8  8 18  8  7 11  4  4  4  8  8  8  8  8  4  6  9  4  5  5  6  0  0 10  2  4  5  6  8  4  9  5  5  8  8  9  6  4 12 
 6  7  7  7  7  6  7  7  7  7  7  7  7  7  6  6  6  6  6  6  6  6  7  7  7  6  6  6  9  6  6  6  6  7  7  6  6  9  9  9  6  7  7  6  6  6  9  9  6  6  6  6  6  6  7  6  6  7 12 13 13 17  8  9  8  8  0  0  7  7  6  9  9  7  9 13 13 13 20 10 13 14  9  9  9 13  7  7  7 13  8 11  6  9  5  5  5  8  8 13  8  9  7  9  6  9 12  8  8  7  7  8  9  8 15 
 6  7  7  7  7  6  7  7  7  7  7  7  7  7  6  6  6  6  6  6  6  6  7  7  7  6  6  6  9  6  6  6  6  7  7  6  6  9  9  9  6  7  7  6  6  6  9  9  6  6  6  6  6  6  7  6  6  7 12 13 13 17  8  9  8  8  0  0  7  7  6  9  9  7  9 13 13 13 20 10 13 14  9  9  9 13  7  7  7 13  8 11  6  9  5  5  5  8  8 13  8  9  7  9  6  9 12  8  8  7  7  8  9  8 15 
 6  6  6  6  6  6  6  6  6  6  6  6  6  6  6  6  6  6  6  6  6  6  6  6  6  6  6  6  7  6  6  6  6  6  6  6  6  7  7  7  6  6  6  6  6  6  7  7  6  6  6  6  6  6  6  6  6  6 11 11 12 15  7  9  8  6  7  7  0  9  5  7  7  5 10 11 11 11 18  9 12 13  7  7  7 11  6  6  6 11  6 10  4  7  3  3  4  6  6 15  8  7  6  9  4  7  9  8  8  6  6  6  9  6 13 
10  9  9  9  9 10  9  9  9  9  9  9  9  9 10 10 10 10 10 10 10 10  9  9  9 10 10 10  8 10 10 10 10  9  9 10 10  8  8  8 10  9  9 10 10 10  8  8 10 10 10 10 10 10  9 10 10  9 12 12 12 15  4  2  6  6  7  7  9  0  7  8  8  7  9 13 12 12 18 10 12 10  8  8  8 12  9  9  9 12  8 11  8  8 10 10  7  6  6 14  6  8  4  2  7  8 13  1  1  9  9 13  2  8 14 
 8  6  6  6  6  8  6  6  6  6  6  6  6  6  8  8  8  8  8  8  8  8  6  6  6  8  8  8  8  8  8  8  8  6  6  8  8  8  8  8  8  6  6  8  8  8  8  8  8  8  8  8  8  8  6  8  8  6  9  9 12 14  5  7  6  5  6  6  5  7  0  8  8  4  6 10  9 10 19  9  9 11  8  8  8  9  6  6  6  9  7  8  5  8  6  6  1  5  5 11  6  8  4  7  4  8 12  6  6  6  6  9  7  7 13 
12  8  8  8  8 12  8  8  8  8  8  8  8  8 12 12 12 12 12 12 12 12  8  8  8 12 12 12  0 12 12 12 12  8  8 12 12  0  0  0 12  8  8 12 12 12  0  0 12 12 12 12 12 12  8 12 12  8  7  6 13 15  7  8  5  4  9  9  7  8  8  0  0  9  4  7  6  6 18  6  7 11  0  0  0  6  8  8  8  6  6  6 10  0  6  6  7  4  4  9  5  0  7  8 10  0  7  7  7  8  8 11  8  6 11 
12  8  8  8  8 12  8  8  8  8  8  8  8  8 12 12 12 12 12 12 12 12  8  8  8 12 12 12  0 12 12 12 12  8  8 12 12  0  0  0 12  8  8 12 12 12  0  0 12 12 12 12 12 12  8 12 12  8  7  6 13 15  7  8  5  4  9  9  7  8  8  0  0  9  4  7  6  6 18  6  7 11  0  0  0  6  8  8  8  6  6  6 10  0  6  6  7  4  4  9  5  0  7  8 10  0  7  7  7  8  8 11  8  6 11 
 7  9  9  9  9  7  9  9  9  9  9  9  9  9  7  7  7  7  7  7  7  7  9  9  9  7  7  7  9  7  7  7  7  9  9  7  7  9  9  9  7  9  9  7  7  7  9  9  7  7  7  7  7  7  9  7  7  9 11 11 15 16  6  7  9  8  7  7  5  7  4  9  9  0  9 12 11 12 20 10 11 12  9  9  9 11  9  9  9 11  9 10  3  9  4  4  3  8  8 13  9  9  5  7  3  9 11  6  6  9  9  7  7  9 15 
10  6  6  6  6 10  6  6  6  6  6  6  6  6 10 10 10 10 10 10 10 10  6  6  6 10 10 10  4 10 10 10 10  6  6 10 10  4  4  4 10  6  6 10 10 10  4  4 10 10 10 10 10 10  6 10 10  6  6  6 11 15  7 10  3  5  9  9 10  9  6  4  4  9  0  6  6  6 18  5  9 11  4  4  4  6  6  6  6  6  4  5 10  4  7  7  6  5  5 11  3  4  7 10  9  4  7 10 10  6  6 10 10  4 12 
14 10 10 10 10 14 10 10 10 10 10 10 10 10 14 14 14 14 14 14 14 14 10 10 10 14 14 14  7 14 14 14 14 10 10 14 14  7  7  7 14 10 10 14 14 14  7  7 14 14 14 14 14 14 10 14 14 10  2  2 13 15 10 13  7  8 13 13 11 13 10  7  7 12  6  0  2  1 19  6  7 10  7  7  7  2 10 10 10  2  7  2 12  7 10 10 11  8  8  8  7  7 11 13 11  7  5 12 12 10 10 12 13  7 10 
13  9  9  9  9 13  9  9  9  9  9  9  9  9 13 13 13 13 13 13 13 13  9  9  9 13 13 13  6 13 13 13 13  9  9 13 13  6  6  6 13  9  9 13 13 13  6  6 13 13 13 13 13 13  9 13 13  9  3  0 13 16 10 12  7  8 13 13 11 12  9  6  6 11  6  2  0  1 19  6  7 10  6  6  6  0  9  9  9  0  7  2 13  6  9  9 10  8  8  8  7  6 10 12 12  6  4 11 11  9  9 12 12  7 10 
14 10 10 10 10 14 10 10 10 10 10 10 10 10 14 14 14 14 14 14 14 14 10 10 10 14 14 14  6 14 14 14 14 10 10 14 14  6  6  6 14 10 10 14 14 14  6  6 14 14 14 14 14 14 10 14 14 10  2  1 13 16 10 12  7  8 13 13 11 12 10  6  6 12  6  1  1  0 20  7  7 10  6  6  6  1 10 10 10  1  7  2 12  6  9  9 11  8  8  8  7  6 11 12 12  6  4 11 11 10 10 11 12  7 10 
20 20 20 20 20 20 20 20 20 20 20 20 20 20 20 20 20 20 20 20 20 20 20 20 20 20 20 20 18 20 20 20 20 20 20 20 20 18 18 18 20 20 20 20 20 20 18 18 20 20 20 20 20 20 20 20 20 20 19 19  8 12 15 18 17 18 20 20 18 18 19 18 18 20 18 19 19 20  0 15 17 13 18 18 18 19 20 20 20 19 17 18 17 18 20 20 18 18 18 14 17 18 15 18 18 18 21 17 17 20 20 23 18 17 13 
14 10 10 10 10 14 10 10 10 10 10 10 10 10 14 14 14 14 14 14 14 14 10 10 10 14 14 14  6 14 14 14 14 10 10 14 14  6  6  6 14 10 10 14 14 14  6  6 14 14 14 14 14 14 10 14 14 10  6  6 11 13  8  9  8  8 10 10  9 10  9  6  6 10  5  6  6  7 15  0  4  8  6  6  6  6 10 10 10  6  4  5 10  6  8  8  8  8  8  7  8  6  8  9  9  6  9  9  9 10 10 10  9  4  7 
14  9  9  9  9 14  9  9  9  9  9  9  9  9 14 14 14 14 14 14 14 14  9  9  9 14 14 14  7 14 14 14 14  9  9 14 14  7  7  7 14  9  9 14 14 14  7  7 14 14 14 14 14 14  9 14 14  9  5  7 10 14  8 12  9  7 13 13 12 12  9  7  7 11  9  7  7  7 17  4  0  4  7  7  7  7  9  9  9  7  6  6 12  7 10 10 10  7  7  8  9  7  9 12 11  7 10 11 11  9  9 12 12  6  8 
13 13 13 13 13 13 13 13 13 13 13 13 13 13 13 13 13 13 13 13 13 13 13 13 13 13 13 13 11 13 13 13 13 13 13 13 13 11 11 11 13 13 13 13 13 13 11 11 13 13 13 13 13 13 13 13 13 13  9 10  6 10  6 10  9 11 14 14 13 10 11 11 11 12 11 10 10 10 13  8  4  0 11 11 11 10 13 13 13 10 10  8 12 11 13 13 10 11 11  5  9 11  7 10 12 11 11  9  9 13 13 16 10 10  4 
12  8  8  8  8 12  8  8  8  8  8  8  8  8 12 12 12 12 12 12 12 12  8  8  8 12 12 12  0 12 12 12 12  8  8 12 12  0  0  0 12  8  8 12 12 12  0  0 12 12 12 12 12 12  8 12 12  8  7  6 13 15  7  8  5  4  9  9  7  8  8  0  0  9  4  7  6  6 18  6  7 11  0  0  0  6  8  8  8  6  6  6 10  0  6  6  7  4  4  9  5  0  7  8 10  0  7  7  7  8  8 11  8  6 11 
12  8  8  8  8 12  8  8  8  8  8  8  8  8 12 12 12 12 12 12 12 12  8  8  8 12 12 12  0 12 12 12 12  8  8 12 12  0  0  0 12  8  8 12 12 12  0  0 12 12 12 12 12 12  8 12 12  8  7  6 13 15  7  8  5  4  9  9  7  8  8  0  0  9  4  7  6  6 18  6  7 11  0  0  0  6  8  8  8  6  6  6 10  0  6  6  7  4  4  9  5  0  7  8 10  0  7  7  7  8  8 11  8  6 11 
12  8  8  8  8 12  8  8  8  8  8  8  8  8 12 12 12 12 12 12 12 12  8  8  8 12 12 12  0 12 12 12 12  8  8 12 12  0  0  0 12  8  8 12 12 12  0  0 12 12 12 12 12 12  8 12 12  8  7  6 13 15  7  8  5  4  9  9  7  8  8  0  0  9  4  7  6  6 18  6  7 11  0  0  0  6  8  8  8  6  6  6 10  0  6  6  7  4  4  9  5  0  7  8 10  0  7  7  7  8  8 11  8  6 11 
13  9  9  9  9 13  9  9  9  9  9  9  9  9 13 13 13 13 13 13 13 13  9  9  9 13 13 13  6 13 13 13 13  9  9 13 13  6  6  6 13  9  9 13 13 13  6  6 13 13 13 13 13 13  9 13 13  9  3  0 13 16 10 12  7  8 13 13 11 12  9  6  6 11  6  2  0  1 19  6  7 10  6  6  6  0  9  9  9  0  7  2 13  6  9  9 10  8  8  8  7  6 10 12 12  6  4 11 11  9  9 12 12  7 10 
12  0  0  0  0 12  0  0  0  0  0  0  0  0 12 12 12 12 12 12 12 12  0  0  0 12 12 12  8 12 12 12 12  0  0 12 12  8  8  8 12  0  0 12 12 12  8  8 12 12 12 12 12 12  0 12 12  0  9  9 12 16 10  9  8  8  7  7  6  9  6  8  8  9  6 10  9 10 20 10  9 13  8  8  8  9  0  0  0  9  8  8  8  8  5  5  7  8  8 11  8  8 10  9  9  8 11  8  8  0  0  8  9  8 13 
12  0  0  0  0 12  0  0  0  0  0  0  0  0 12 12 12 12 12 12 12 12  0  0  0 12 12 12  8 12 12 12 12  0  0 12 12  8  8  8 12  0  0 12 12 12  8  8 12 12 12 12 12 12  0 12 12  0  9  9 12 16 10  9  8  8  7  7  6  9  6  8  8  9  6 10  9 10 20 10  9 13  8  8  8  9  0  0  0  9  8  8  8  8  5  5  7  8  8 11  8  8 10  9  9  8 11  8  8  0  0  8  9  8 13 
12  0  0  0  0 12  0  0  0  0  0  0  0  0 12 12 12 12 12 12 12 12  0  0  0 12 12 12  8 12 12 12 12  0  0 12 12  8  8  8 12  0  0 12 12 12  8  8 12 12 12 12 12 12  0 12 12  0  9  9 12 16 10  9  8  8  7  7  6  9  6  8  8  9  6 10  9 10 20 10  9 13  8  8  8  9  0  0  0  9  8  8  8  8  5  5  7  8  8 11  8  8 10  9  9  8 11  8  8  0  0  8  9  8 13 
13  9  9  9  9 13  9  9  9  9  9  9  9  9 13 13 13 13 13 13 13 13  9  9  9 13 13 13  6 13 13 13 13  9  9 13 13  6  6  6 13  9  9 13 13 13  6  6 13 13 13 13 13 13  9 13 13  9  3  0 13 16 10 12  7  8 13 13 11 12  9  6  6 11  6  2  0  1 19  6  7 10  6  6  6  0  9  9  9  0  7  2 13  6  9  9 10  8  8  8  7  6 10 12 12  6  4 11 11  9  9 12 12  7 10 
11  8  8  8  8 11  8  8  8  8  8  8  8  8 11 11 11 11 11 11 11 11  8  8  8 11 11 11  6 11 11 11 11  8  8 11 11  6  6  6 11  8  8 11 11 11  6  6 11 11 11 11 11 11  8 11 11  8  7  7 10 14  7  7  6  4  8  8  6  8  7  6  6  9  4  7  7  7 17  4  6 10  6  6  6  7  8  8  8  7  0  6 10  6  6  6  6  4  4  9  6  6  8  7  9  6 10  7  7  8  8  9  7  0 11 
12  8  8  8  8 12  8  8  8  8  8  8  8  8 12 12 12 12 12 12 12 12  8  8  8 12 12 12  6 12 12 12 12  8  8 12 12  6  6  6 12  8  8 12 12 12  6  6 12 12 12 12 12 12  8 12 12  8  1  2 12 15  8 12  5  6 11 11 10 11  8  6  6 10  5  2  2  2 18  5  6  8  6  6  6  2  8  8  8  2  6  0 11  6  9  9  9  6  6  6  5  6  9 12 10  6  6 11 11  8  8 11 12  6  8 
 6  8  8  8  8  6  8  8  8  8  8  8  8  8  6  6  6  6  6  6  6  6  8  8  8  6  6  6 10  6  6  6  6  8  8  6  6 10 10 10  6  8  8  6  6  6 10 10  6  6  6  6  6  6  8  6  6  8 12 13 15 17  6  8  9  9  6  6  4  8  5 10 10  3 10 12 13 12 17 10 12 12 10 10 10 13  8  8  8 13 10 11  0 10  4  4  4  9  9 15  9 10  7  8  1 10 11  7  7  8  8 10  8 10 16 
12  8  8  8  8 12  8  8  8  8  8  8  8  8 12 12 12 12 12 12 12 12  8  8  8 12 12 12  0 12 12 12 12  8  8 12 12  0  0  0 12  8  8 12 12 12  0  0 12 12 12 12 12 12  8 12 12  8  7  6 13 15  7  8  5  4  9  9  7  8  8  0  0  9  4  7  6  6 18  6  7 11  0  0  0  6  8  8  8  6  6  6 10  0  6  6  7  4  4  9  5  0  7  8 10  0  7  7  7  8  8 11  8  6 11 
 8  5  5  5  5  8  5  5  5  5  5  5  5  5  8  8  8  8  8  8  8  8  5  5  5  8  8  8  6  8  8  8  8  5  5  8  8  6  6  6  8  5  5  8  8  8  6  6  8  8  8  8  8  8  5  8  8  5  9  9 13 15  8  9  5  5  5  5  3 10  6  6  6  4  7 10  9  9 20  8 10 13  6  6  6  9  5  5  5  9  6  9  4  6  0  0  5  5  5 12  5  6  8  9  5  6  7  9  9  5  5  7  9  6 14 
 8  5  5  5  5  8  5  5  5  5  5  5  5  5  8  8  8  8  8  8  8  8  5  5  5  8  8  8  6  8  8  8  8  5  5  8  8  6  6  6  8  5  5  8  8  8  6  6  8  8  8  8  8  8  5  8  8  5  9  9 13 15  8  9  5  5  5  5  3 10  6  6  6  4  7 10  9  9 20  8 10 13  6  6  6  9  5  5  5  9  6  9  4  6  0  0  5  5  5 12  5  6  8  9  5  6  7  9  9  5  5  7  9  6 14 
 9  7  7  7  7  9  7  7  7  7  7  7  7  7  9  9  9  9  9  9  9  9  7  7  7  9  9  9  7  9  9  9  9  7  7  9  9  7  7  7  9  7  7  9  9  9  7  7  9  9  9  9  9  9  7  9  9  7 10 10 12 15  4  7  6  6  5  5  4  7  1  7  7  3  6 11 10 11 18  8 10 10  7  7  7 10  7  7  7 10  6  9  4  7  5  5  0  6  6 11  6  7  3  7  5  7 11  6  6  7  7  8  7  6 13 
10  8  8  8  8 10  8  8  8  8  8  8  8  8 10 10 10 10 10 10 10 10  8  8  8 10 10 10  4 10 10 10 10  8  8 10 10  4  4  4 10  8  8 10 10 10  4  4 10 10 10 10 10 10  8 10 10  8  7  8 12 13  5  6  2  0  8  8  6  6  5  4  4  8  5  8  8  8 18  8  7 11  4  4  4  8  8  8  8  8  4  6  9  4  5  5  6  0  0 10  2  4  5  6  8  4  9  5  5  8  8  9  6  4 12 
10  8  8  8  8 10  8  8  8  8  8  8  8  8 10 10 10 10 10 10 10 10  8  8  8 10 10 10  4 10 10 10 10  8  8 10 10  4  4  4 10  8  8 10 10 10  4  4 10 10 10 10 10 10  8 10 10  8  7  8 12 13  5  6  2  0  8  8  6  6  5  4  4  8  5  8  8  8 18  8  7 11  4  4  4  8  8  8  8  8  4  6  9  4  5  5  6  0  0 10  2  4  5  6  8  4  9  5  5  8  8  9  6  4 12 
15 11 11 11 11 15 11 11 11 11 11 11 11 11 15 15 15 15 15 15 15 15 11 11 11 15 15 15  9 15 15 15 15 11 11 15 15  9  9  9 15 11 11 15 15 15  9  9 15 15 15 15 15 15 11 15 15 11  7  8  8 12 11 15  8 10 13 13 15 14 11  9  9 13 11  8  8  8 14  7  8  5  9  9  9  8 11 11 11  8  9  6 15  9 12 12 11 10 10  0  8  9 12 15 14  9 10 14 14 11 11 14 15  9  2 
 9  8  8  8  8  9  8  8  8  8  8  8  8  8  9  9  9  9  9  9  9  9  8  8  8  9  9  9  5  9  9  9  9  8  8  9  9  5  5  5  9  8  8  9  9  9  5  5  9  9  9  9  9  9  8  9  9  8  6  7 11 15  7  8  0  2  8  8  8  6  6  5  5  9  3  7  7  7 17  8  9  9  5  5  5  7  8  8  8  7  6  5  9  5  5  5  6  2  2  8  0  5  7  8  9  5  7  7  7  8  8  8  8  6 10 
12  8  8  8  8 12  8  8  8  8  8  8  8  8 12 12 12 12 12 12 12 12  8  8  8 12 12 12  0 12 12 12 12  8  8 12 12  0  0  0 12  8  8 12 12 12  0  0 12 12 12 12 12 12  8 12 12  8  7  6 13 15  7  8  5  4  9  9  7  8  8  0  0  9  4  7  6  6 18  6  7 11  0  0  0  6  8  8  8  6  6  6 10  0  6  6  7  4  4  9  5  0  7  8 10  0  7  7  7  8  8 11  8  6 11 
 8 10 10 10 10  8 10 10 10 10 10 10 10 10  8  8  8  8  8  8  8  8 10 10 10  8  8  8  7  8  8  8  8 10 10  8  8  7  7  7  8 10 10  8  8  8  7  7  8  8  8  8  8  8 10  8  8 10 10 10 10 12  1  4  7  5  7  7  6  4  4  7  7  5  7 11 10 11 15  8  9  7  7  7  7 10 10 10 10 10  8  9  7  7  8  8  3  5  5 12  7  7  0  4  6  7 11  3  3 10 10 11  4  8 11 
 9  9  9  9  9  9  9  9  9  9  9  9  9  9  9  9  9  9  9  9  9  9  9  9  9  9  9  9  8  9  9  9  9  9  9  9  9  8  8  8  9  9  9  9  9  9  8  8  9  9  9  9  9  9  9  9  9  9 12 12 12 14  4  0  8  6  9  9  9  2  7  8  8  7 10 13 12 12 18  9 12 10  8  8  8 12  9  9  9 12  7 12  8  8  9  9  7  6  6 15  8  8  4  0  7  8 11  1  1  9  9 12  0  7 14 
 6  9  9  9  9  6  9  9  9  9  9  9  9  9  6  6  6  6  6  6  6  6  9  9  9  6  6  6 10  6  6  6  6  9  9  6  6 10 10 10  6  9  9  6  6  6 10 10  6  6  6  6  6  6  9  6  6  9 11 12 15 17  6  7  9  8  6  6  4  7  4 10 10  3  9 11 12 12 18  9 11 12 10 10 10 12  9  9  9 12  9 10  1 10  5  5  5  8  8 14  9 10  6  7  0 10 12  6  6  9  9 10  7  9 15 
12  8  8  8  8 12  8  8  8  8  8  8  8  8 12 12 12 12 12 12 12 12  8  8  8 12 12 12  0 12 12 12 12  8  8 12 12  0  0  0 12  8  8 12 12 12  0  0 12 12 12 12 12 12  8 12 12  8  7  6 13 15  7  8  5  4  9  9  7  8  8  0  0  9  4  7  6  6 18  6  7 11  0  0  0  6  8  8  8  6  6  6 10  0  6  6  7  4  4  9  5  0  7  8 10  0  7  7  7  8  8 11  8  6 11 
15 11 11 11 11 15 11 11 11 11 11 11 11 11 15 15 15 15 15 15 15 15 11 11 11 15 15 15  7 15 15 15 15 11 11 15 15  7  7  7 15 11 11 15 15 15  7  7 15 15 15 15 15 15 11 15 15 11  5  4 15 19 12 11  7  9 12 12  9 13 12  7  7 11  7  5  4  4 21  9 10 11  7  7  7  4 11 11 11  4 10  6 11  7  7  7 11  9  9 10  7  7 11 11 12  7  0 12 12 11 11 13 11 10 12 
 9  8  8  8  8  9  8  8  8  8  8  8  8  8  9  9  9  9  9  9  9  9  8  8  8  9  9  9  7  9  9  9  9  8  8  9  9  7  7  7  9  8  8  9  9  9  7  7  9  9  9  9  9  9  8  9  9  8 11 11 11 14  3  1  7  5  8  8  8  1  6  7  7  6 10 12 11 11 17  9 11  9  7  7  7 11  8  8  8 11  7 11  7  7  9  9  6  5  5 14  7  7  3  1  6  7 12  0  0  8  8 12  1  7 13 
 9  8  8  8  8  9  8  8  8  8  8  8  8  8  9  9  9  9  9  9  9  9  8  8  8  9  9  9  7  9  9  9  9  8  8  9  9  7  7  7  9  8  8  9  9  9  7  7  9  9  9  9  9  9  8  9  9  8 11 11 11 14  3  1  7  5  8  8  8  1  6  7  7  6 10 12 11 11 17  9 11  9  7  7  7 11  8  8  8 11  7 11  7  7  9  9  6  5  5 14  7  7  3  1  6  7 12  0  0  8  8 12  1  7 13 
12  0  0  0  0 12  0  0  0  0  0  0  0  0 12 12 12 12 12 12 12 12  0  0  0 12 12 12  8 12 12 12 12  0  0 12 12  8  8  8 12  0  0 12 12 12  8  8 12 12 12 12 12 12  0 12 12  0  9  9 12 16 10  9  8  8  7  7  6  9  6  8  8  9  6 10  9 10 20 10  9 13  8  8  8  9  0  0  0  9  8  8  8  8  5  5  7  8  8 11  8  8 10  9  9  8 11  8  8  0  0  8  9  8 13 
12  0  0  0  0 12  0  0  0  0  0  0  0  0 12 12 12 12 12 12 12 12  0  0  0 12 12 12  8 12 12 12 12  0  0 12 12  8  8  8 12  0  0 12 12 12  8  8 12 12 12 12 12 12  0 12 12  0  9  9 12 16 10  9  8  8  7  7  6  9  6  8  8  9  6 10  9 10 20 10  9 13  8  8  8  9  0  0  0  9  8  8  8  8  5  5  7  8  8 11  8  8 10  9  9  8 11  8  8  0  0  8  9  8 13 
 9  8  8  8  8  9  8  8  8  8  8  8  8  8  9  9  9  9  9  9  9  9  8  8  8  9  9  9 11  9  9  9  9  8  8  9  9 11 11 11  9  8  8  9  9  9 11 11  9  9  9  9  9  9  8  9  9  8 12 12 17 18 11 12  8  9  8  8  6 13  9 11 11  7 10 12 12 11 23 10 12 16 11 11 11 12  8  8  8 12  9 11 10 11  7  7  8  9  9 14  8 11 11 12 10 11 13 12 12  8  8  0 12  9 16 
 9  9  9  9  9  9  9  9  9  9  9  9  9  9  9  9  9  9  9  9  9  9  9  9  9  9  9  9  8  9  9  9  9  9  9  9  9  8  8  8  9  9  9  9  9  9  8  8  9  9  9  9  9  9  9  9  9  9 12 12 12 14  4  0  8  6  9  9  9  2  7  8  8  7 10 13 12 12 18  9 12 10  8  8  8 12  9  9  9 12  7 12  8  8  9  9  7  6  6 15  8  8  4  0  7  8 11  1  1  9  9 12  0  7 14 
11  8  8  8  8 11  8  8  8  8  8  8  8  8 11 11 11 11 11 11 11 11  8  8  8 11 11 11  6 11 11 11 11  8  8 11 11  6  6  6 11  8  8 11 11 11  6  6 11 11 11 11 11 11  8 11 11  8  7  7 10 14  7  7  6  4  8  8  6  8  7  6  6  9  4  7  7  7 17  4  6 10  6  6  6  7  8  8  8  7  0  6 10  6  6  6  6  4  4  9  6  6  8  7  9  6 10  7  7  8  8  9  7  0 11 
17 13 13 13 13 17 13 13 13 13 13 13 13 13 17 17 17 17 17 17 17 17 13 13 13 17 17 17 11 17 17 17 17 13 13 17 17 11 11 11 17 13 13 17 17 17 11 11 17 17 17 17 17 17 13 17 17 13  9 10  6 10 10 14 10 12 15 15 13 14 13 11 11 15 12 10 10 10 13  7  8  4 11 11 11 10 13 13 13 10 11  8 16 11 14 14 13 12 12  2 10 11 11 14 15 11 12 13 13 13 13 16 14 11  0 
