Instance Date: 20090418

VehicleNumber---RequestNumber---MaxTravelTime---DisinfectionTime
    4              70               90             30

VehicleCapacity---VehicleLunchReadyTime---VehicleLunchDueTime---VehicleLunchDuration
    9                    750                    810                     60

LocationID---StaffDemand---SeatDemand---ReadyTime---DueTime---ServiceTime
    0            0              0          450        1230         0
    1            2            1.5          480         710         8
    2            2              1          480        1200         8
    3            2              1          480         750         8
    4            2              3          750        1200         8
    5            2              1          480        1200         8
    6            2            2.5          495         710         8
    7            3              3          480        1200         8
    8            3              3          480        1200         8
    9            2              1          480        1200         8
   10            2              1          480         750         8
   11            2              3          540         700         8
   12            2              1          623         773         8
   13            2              1          624         774         8
   14            2            2.5          604         724         8
   15            2              1          480         750         8
   16            2              3          480         750         8
   17            2              3          480        1200         8
   18            2              1          480        1200         8
   19            2              1          480         750         8
   20            2              1          480        1200         8
   21            2              1          720         840         8
   22            2              1          750        1200         8
   23            2              3          600         720         8
   24            2              3          480         750         8
   25            2              1          960        1080         8
   26            2              1          840         960         8
   27            2              1          480        1200         8
   28            2              3          480         750         8
   29            2              1          480        1200         8
   30            2              3          780         900         8
   31            2              3          960        1080         8
   32            2              3          750        1200         8
   33            2              3          750        1200         8
   34            2              3          879         999         8
   35            2              3          840         960         8
   36            2              1          480         750         8
   37            2              1          480        1200         8
   38            2              1          754         904         8
   39            2              1          756         906         8
   40            2            1.5          480        1200         8
   41            2              1          840         990         8
   42            2              3          480        1200         8
   43            2              3          480        1200         8
   44            2              1          806         956         8
   45            2              3          754         904         8
   46            2              3          879         999         8
   47            2              1          480        1200         8
   48            2              1          480         750         8
   49            2              1          906        1026         8
   50            2              3          960        1080         8
   51            2              3          840         960         8
   52            2              3          750        1200         8
   53            2              1          750        1200         8
   54            2              1          480        1200         8
   55            2              1          904        1024         8
   56            2              1          869         989         8
   57            2              3          480        1200         8
   58            2              3          480        1200         8
   59            2            1.5          750        1200         8
   60            2            1.5          846         966         8
   61            2              3          480        1200         8
   62            2              1          750        1200         8
   63            2              1          480        1200         8
   64            2              3          908        1028         8
   65            2              3          480        1200         8
   66            2              3          750        1200         8
   67            2              3          480        1200         8
   68            2              3          750        1200         8
   69            2              1          750        1200         8
   70            3              3          750        1200         8
   71            2           -1.5          465         740         3
   72            2             -1          480        1200        10
   73            2             -1          480         750        10
   74            2             -3          750        1200        10
   75            2             -1          480        1200        10
   76            2           -2.5          525         740         3
   77            3             -3          480        1200        10
   78            3             -3          480        1200         3
   79            2             -1          480        1200        10
   80            2             -1          480         750        10
   81            2             -3          540         730         3
   82            2             -1          623         803         3
   83            2             -1          624         804         3
   84            2           -2.5          604         744         3
   85            2             -1          480         750        10
   86            2             -3          480         750        10
   87            2             -3          480        1200         3
   88            2             -1          480        1200         3
   89            2             -1          480         750        10
   90            2             -1          480        1200        10
   91            2             -1          720         860        10
   92            2             -1          750        1200        10
   93            2             -3          600         750        10
   94            2             -3          480         750        10
   95            2             -1          960        1100        10
   96            2             -1          840         980        10
   97            2             -1          480        1200         3
   98            2             -3          480         750         3
   99            2             -1          480        1200         3
  100            2             -3          780         930        10
  101            2             -3          960        1100        10
  102            2             -3          750        1200         3
  103            2             -3          750        1200         3
  104            2             -3          879        1019        10
  105            2             -3          840         980        10
  106            2             -1          480         750         3
  107            2             -1          480        1200         3
  108            2             -1          754         934         3
  109            2             -1          756         936         3
  110            2           -1.5          480        1200        10
  111            2             -1          840        1020         3
  112            2             -3          480        1200         3
  113            2             -3          480        1200         3
  114            2             -1          806         986         3
  115            2             -3          754         934         3
  116            2             -3          879        1029        10
  117            2             -1          480        1200        10
  118            2             -1          480         750        10
  119            2             -1          906        1046        10
  120            2             -3          960        1100        10
  121            2             -3          840         980        10
  122            2             -3          750        1200         3
  123            2             -1          750        1200         3
  124            2             -1          480        1200        10
  125            2             -1          904        1054        10
  126            2             -1          869        1019        10
  127            2             -3          480        1200        10
  128            2             -3          480        1200        10
  129            2           -1.5          750        1200        10
  130            2           -1.5          846         986         3
  131            2             -3          480        1200         3
  132            2             -1          750        1200         3
  133            2             -1          480        1200         3
  134            2             -3          908        1048        10
  135            2             -3          480        1200        10
  136            2             -3          750        1200        10
  137            2             -3          480        1200        10
  138            2             -3          750        1200        10
  139            2             -1          750        1200         3
  140            3             -3          750        1200         3

Travel Time Between Locations
 0 12 12 12 12 12 12 12 12 12 12  0  0  0  0  0 12  0 12  0  0 12 12  0  0 12 12  0  0  0  0 12  0  0  0 12  0  0  0  0  0  0  0  0  0  0  0  0  0  0 12 12  0  0  0  0  0  0  0 12  0  0  0  0  0  0  0  0  0  0  0  0 14 17 12 15  0  7  8  7  7 12 12 12 12  9  9 12  0 10 16 13 12 12 12  6  9 12 12 12 14 12 12 12 10 10 12 12 12 12 10 12 12 12 12 12 12 12 10  9 10 10 12 12 15 15 15 15 13 12 12 12 12 12  7  6  6  6  8 12 12 
12  0  0  0  0  0  8  0  0  0  0 12 12 12 12 12  0 12  0 12 12  0  0 12 12  8  8 12 12 12 12  8 12 12 12  8 12 12 12 12 12 12 12 12 12 12 12 12 12 12  8  8 12 12 12 12 12 12 12  8 12 12 12 12 12 12 12 12 12 12 12 12 11 16 10 11 12  5 11  9  9  8  8  8  8 13 13  0 12  6 11  9  6  8  8 11 13  8  8  8 10  8  8  8  6  6  0  0  0  0 11  0  0  0  0  8  6  6  7  8  5  8  8  8 11 10 10 11  9  6  0  0  0  0 11  8  7 13 13  0  0 
12  0  0  0  0  0  8  0  0  0  0 12 12 12 12 12  0 12  0 12 12  0  0 12 12  8  8 12 12 12 12  8 12 12 12  8 12 12 12 12 12 12 12 12 12 12 12 12 12 12  8  8 12 12 12 12 12 12 12  8 12 12 12 12 12 12 12 12 12 12 12 12 11 16 10 11 12  5 11  9  9  8  8  8  8 13 13  0 12  6 11  9  6  8  8 11 13  8  8  8 10  8  8  8  6  6  0  0  0  0 11  0  0  0  0  8  6  6  7  8  5  8  8  8 11 10 10 11  9  6  0  0  0  0 11  8  7 13 13  0  0 
12  0  0  0  0  0  8  0  0  0  0 12 12 12 12 12  0 12  0 12 12  0  0 12 12  8  8 12 12 12 12  8 12 12 12  8 12 12 12 12 12 12 12 12 12 12 12 12 12 12  8  8 12 12 12 12 12 12 12  8 12 12 12 12 12 12 12 12 12 12 12 12 11 16 10 11 12  5 11  9  9  8  8  8  8 13 13  0 12  6 11  9  6  8  8 11 13  8  8  8 10  8  8  8  6  6  0  0  0  0 11  0  0  0  0  8  6  6  7  8  5  8  8  8 11 10 10 11  9  6  0  0  0  0 11  8  7 13 13  0  0 
12  0  0  0  0  0  8  0  0  0  0 12 12 12 12 12  0 12  0 12 12  0  0 12 12  8  8 12 12 12 12  8 12 12 12  8 12 12 12 12 12 12 12 12 12 12 12 12 12 12  8  8 12 12 12 12 12 12 12  8 12 12 12 12 12 12 12 12 12 12 12 12 11 16 10 11 12  5 11  9  9  8  8  8  8 13 13  0 12  6 11  9  6  8  8 11 13  8  8  8 10  8  8  8  6  6  0  0  0  0 11  0  0  0  0  8  6  6  7  8  5  8  8  8 11 10 10 11  9  6  0  0  0  0 11  8  7 13 13  0  0 
12  0  0  0  0  0  8  0  0  0  0 12 12 12 12 12  0 12  0 12 12  0  0 12 12  8  8 12 12 12 12  8 12 12 12  8 12 12 12 12 12 12 12 12 12 12 12 12 12 12  8  8 12 12 12 12 12 12 12  8 12 12 12 12 12 12 12 12 12 12 12 12 11 16 10 11 12  5 11  9  9  8  8  8  8 13 13  0 12  6 11  9  6  8  8 11 13  8  8  8 10  8  8  8  6  6  0  0  0  0 11  0  0  0  0  8  6  6  7  8  5  8  8  8 11 10 10 11  9  6  0  0  0  0 11  8  7 13 13  0  0 
12  8  8  8  8  8  0  8  8  8  8 12 12 12 12 12  8 12  8 12 12  8  8 12 12  0  0 12 12 12 12  0 12 12 12  0 12 12 12 12 12 12 12 12 12 12 12 12 12 12  0  0 12 12 12 12 12 12 12  0 12 12 12 12 12 12 12 12 12 12 12 12  7 14  8  5 12 10  8  9  9  0  0  0  0 10 10  8 12  4  5  7  6  6  5 10  7  0  0  0  7  6  0  0  4  4  8  8  8  8  9  8  8  8  8  0  6  6  4  5  6  4  0  0  6  5  8  5  7  6  8  8  8  8 10 10  9 16 14  8  8 
12  0  0  0  0  0  8  0  0  0  0 12 12 12 12 12  0 12  0 12 12  0  0 12 12  8  8 12 12 12 12  8 12 12 12  8 12 12 12 12 12 12 12 12 12 12 12 12 12 12  8  8 12 12 12 12 12 12 12  8 12 12 12 12 12 12 12 12 12 12 12 12 11 16 10 11 12  5 11  9  9  8  8  8  8 13 13  0 12  6 11  9  6  8  8 11 13  8  8  8 10  8  8  8  6  6  0  0  0  0 11  0  0  0  0  8  6  6  7  8  5  8  8  8 11 10 10 11  9  6  0  0  0  0 11  8  7 13 13  0  0 
12  0  0  0  0  0  8  0  0  0  0 12 12 12 12 12  0 12  0 12 12  0  0 12 12  8  8 12 12 12 12  8 12 12 12  8 12 12 12 12 12 12 12 12 12 12 12 12 12 12  8  8 12 12 12 12 12 12 12  8 12 12 12 12 12 12 12 12 12 12 12 12 11 16 10 11 12  5 11  9  9  8  8  8  8 13 13  0 12  6 11  9  6  8  8 11 13  8  8  8 10  8  8  8  6  6  0  0  0  0 11  0  0  0  0  8  6  6  7  8  5  8  8  8 11 10 10 11  9  6  0  0  0  0 11  8  7 13 13  0  0 
12  0  0  0  0  0  8  0  0  0  0 12 12 12 12 12  0 12  0 12 12  0  0 12 12  8  8 12 12 12 12  8 12 12 12  8 12 12 12 12 12 12 12 12 12 12 12 12 12 12  8  8 12 12 12 12 12 12 12  8 12 12 12 12 12 12 12 12 12 12 12 12 11 16 10 11 12  5 11  9  9  8  8  8  8 13 13  0 12  6 11  9  6  8  8 11 13  8  8  8 10  8  8  8  6  6  0  0  0  0 11  0  0  0  0  8  6  6  7  8  5  8  8  8 11 10 10 11  9  6  0  0  0  0 11  8  7 13 13  0  0 
12  0  0  0  0  0  8  0  0  0  0 12 12 12 12 12  0 12  0 12 12  0  0 12 12  8  8 12 12 12 12  8 12 12 12  8 12 12 12 12 12 12 12 12 12 12 12 12 12 12  8  8 12 12 12 12 12 12 12  8 12 12 12 12 12 12 12 12 12 12 12 12 11 16 10 11 12  5 11  9  9  8  8  8  8 13 13  0 12  6 11  9  6  8  8 11 13  8  8  8 10  8  8  8  6  6  0  0  0  0 11  0  0  0  0  8  6  6  7  8  5  8  8  8 11 10 10 11  9  6  0  0  0  0 11  8  7 13 13  0  0 
 0 12 12 12 12 12 12 12 12 12 12  0  0  0  0  0 12  0 12  0  0 12 12  0  0 12 12  0  0  0  0 12  0  0  0 12  0  0  0  0  0  0  0  0  0  0  0  0  0  0 12 12  0  0  0  0  0  0  0 12  0  0  0  0  0  0  0  0  0  0  0  0 14 17 12 15  0  7  8  7  7 12 12 12 12  9  9 12  0 10 16 13 12 12 12  6  9 12 12 12 14 12 12 12 10 10 12 12 12 12 10 12 12 12 12 12 12 12 10  9 10 10 12 12 15 15 15 15 13 12 12 12 12 12  7  6  6  6  8 12 12 
 0 12 12 12 12 12 12 12 12 12 12  0  0  0  0  0 12  0 12  0  0 12 12  0  0 12 12  0  0  0  0 12  0  0  0 12  0  0  0  0  0  0  0  0  0  0  0  0  0  0 12 12  0  0  0  0  0  0  0 12  0  0  0  0  0  0  0  0  0  0  0  0 14 17 12 15  0  7  8  7  7 12 12 12 12  9  9 12  0 10 16 13 12 12 12  6  9 12 12 12 14 12 12 12 10 10 12 12 12 12 10 12 12 12 12 12 12 12 10  9 10 10 12 12 15 15 15 15 13 12 12 12 12 12  7  6  6  6  8 12 12 
 0 12 12 12 12 12 12 12 12 12 12  0  0  0  0  0 12  0 12  0  0 12 12  0  0 12 12  0  0  0  0 12  0  0  0 12  0  0  0  0  0  0  0  0  0  0  0  0  0  0 12 12  0  0  0  0  0  0  0 12  0  0  0  0  0  0  0  0  0  0  0  0 14 17 12 15  0  7  8  7  7 12 12 12 12  9  9 12  0 10 16 13 12 12 12  6  9 12 12 12 14 12 12 12 10 10 12 12 12 12 10 12 12 12 12 12 12 12 10  9 10 10 12 12 15 15 15 15 13 12 12 12 12 12  7  6  6  6  8 12 12 
 0 12 12 12 12 12 12 12 12 12 12  0  0  0  0  0 12  0 12  0  0 12 12  0  0 12 12  0  0  0  0 12  0  0  0 12  0  0  0  0  0  0  0  0  0  0  0  0  0  0 12 12  0  0  0  0  0  0  0 12  0  0  0  0  0  0  0  0  0  0  0  0 14 17 12 15  0  7  8  7  7 12 12 12 12  9  9 12  0 10 16 13 12 12 12  6  9 12 12 12 14 12 12 12 10 10 12 12 12 12 10 12 12 12 12 12 12 12 10  9 10 10 12 12 15 15 15 15 13 12 12 12 12 12  7  6  6  6  8 12 12 
 0 12 12 12 12 12 12 12 12 12 12  0  0  0  0  0 12  0 12  0  0 12 12  0  0 12 12  0  0  0  0 12  0  0  0 12  0  0  0  0  0  0  0  0  0  0  0  0  0  0 12 12  0  0  0  0  0  0  0 12  0  0  0  0  0  0  0  0  0  0  0  0 14 17 12 15  0  7  8  7  7 12 12 12 12  9  9 12  0 10 16 13 12 12 12  6  9 12 12 12 14 12 12 12 10 10 12 12 12 12 10 12 12 12 12 12 12 12 10  9 10 10 12 12 15 15 15 15 13 12 12 12 12 12  7  6  6  6  8 12 12 
12  0  0  0  0  0  8  0  0  0  0 12 12 12 12 12  0 12  0 12 12  0  0 12 12  8  8 12 12 12 12  8 12 12 12  8 12 12 12 12 12 12 12 12 12 12 12 12 12 12  8  8 12 12 12 12 12 12 12  8 12 12 12 12 12 12 12 12 12 12 12 12 11 16 10 11 12  5 11  9  9  8  8  8  8 13 13  0 12  6 11  9  6  8  8 11 13  8  8  8 10  8  8  8  6  6  0  0  0  0 11  0  0  0  0  8  6  6  7  8  5  8  8  8 11 10 10 11  9  6  0  0  0  0 11  8  7 13 13  0  0 
 0 12 12 12 12 12 12 12 12 12 12  0  0  0  0  0 12  0 12  0  0 12 12  0  0 12 12  0  0  0  0 12  0  0  0 12  0  0  0  0  0  0  0  0  0  0  0  0  0  0 12 12  0  0  0  0  0  0  0 12  0  0  0  0  0  0  0  0  0  0  0  0 14 17 12 15  0  7  8  7  7 12 12 12 12  9  9 12  0 10 16 13 12 12 12  6  9 12 12 12 14 12 12 12 10 10 12 12 12 12 10 12 12 12 12 12 12 12 10  9 10 10 12 12 15 15 15 15 13 12 12 12 12 12  7  6  6  6  8 12 12 
12  0  0  0  0  0  8  0  0  0  0 12 12 12 12 12  0 12  0 12 12  0  0 12 12  8  8 12 12 12 12  8 12 12 12  8 12 12 12 12 12 12 12 12 12 12 12 12 12 12  8  8 12 12 12 12 12 12 12  8 12 12 12 12 12 12 12 12 12 12 12 12 11 16 10 11 12  5 11  9  9  8  8  8  8 13 13  0 12  6 11  9  6  8  8 11 13  8  8  8 10  8  8  8  6  6  0  0  0  0 11  0  0  0  0  8  6  6  7  8  5  8  8  8 11 10 10 11  9  6  0  0  0  0 11  8  7 13 13  0  0 
 0 12 12 12 12 12 12 12 12 12 12  0  0  0  0  0 12  0 12  0  0 12 12  0  0 12 12  0  0  0  0 12  0  0  0 12  0  0  0  0  0  0  0  0  0  0  0  0  0  0 12 12  0  0  0  0  0  0  0 12  0  0  0  0  0  0  0  0  0  0  0  0 14 17 12 15  0  7  8  7  7 12 12 12 12  9  9 12  0 10 16 13 12 12 12  6  9 12 12 12 14 12 12 12 10 10 12 12 12 12 10 12 12 12 12 12 12 12 10  9 10 10 12 12 15 15 15 15 13 12 12 12 12 12  7  6  6  6  8 12 12 
 0 12 12 12 12 12 12 12 12 12 12  0  0  0  0  0 12  0 12  0  0 12 12  0  0 12 12  0  0  0  0 12  0  0  0 12  0  0  0  0  0  0  0  0  0  0  0  0  0  0 12 12  0  0  0  0  0  0  0 12  0  0  0  0  0  0  0  0  0  0  0  0 14 17 12 15  0  7  8  7  7 12 12 12 12  9  9 12  0 10 16 13 12 12 12  6  9 12 12 12 14 12 12 12 10 10 12 12 12 12 10 12 12 12 12 12 12 12 10  9 10 10 12 12 15 15 15 15 13 12 12 12 12 12  7  6  6  6  8 12 12 
12  0  0  0  0  0  8  0  0  0  0 12 12 12 12 12  0 12  0 12 12  0  0 12 12  8  8 12 12 12 12  8 12 12 12  8 12 12 12 12 12 12 12 12 12 12 12 12 12 12  8  8 12 12 12 12 12 12 12  8 12 12 12 12 12 12 12 12 12 12 12 12 11 16 10 11 12  5 11  9  9  8  8  8  8 13 13  0 12  6 11  9  6  8  8 11 13  8  8  8 10  8  8  8  6  6  0  0  0  0 11  0  0  0  0  8  6  6  7  8  5  8  8  8 11 10 10 11  9  6  0  0  0  0 11  8  7 13 13  0  0 
12  0  0  0  0  0  8  0  0  0  0 12 12 12 12 12  0 12  0 12 12  0  0 12 12  8  8 12 12 12 12  8 12 12 12  8 12 12 12 12 12 12 12 12 12 12 12 12 12 12  8  8 12 12 12 12 12 12 12  8 12 12 12 12 12 12 12 12 12 12 12 12 11 16 10 11 12  5 11  9  9  8  8  8  8 13 13  0 12  6 11  9  6  8  8 11 13  8  8  8 10  8  8  8  6  6  0  0  0  0 11  0  0  0  0  8  6  6  7  8  5  8  8  8 11 10 10 11  9  6  0  0  0  0 11  8  7 13 13  0  0 
 0 12 12 12 12 12 12 12 12 12 12  0  0  0  0  0 12  0 12  0  0 12 12  0  0 12 12  0  0  0  0 12  0  0  0 12  0  0  0  0  0  0  0  0  0  0  0  0  0  0 12 12  0  0  0  0  0  0  0 12  0  0  0  0  0  0  0  0  0  0  0  0 14 17 12 15  0  7  8  7  7 12 12 12 12  9  9 12  0 10 16 13 12 12 12  6  9 12 12 12 14 12 12 12 10 10 12 12 12 12 10 12 12 12 12 12 12 12 10  9 10 10 12 12 15 15 15 15 13 12 12 12 12 12  7  6  6  6  8 12 12 
 0 12 12 12 12 12 12 12 12 12 12  0  0  0  0  0 12  0 12  0  0 12 12  0  0 12 12  0  0  0  0 12  0  0  0 12  0  0  0  0  0  0  0  0  0  0  0  0  0  0 12 12  0  0  0  0  0  0  0 12  0  0  0  0  0  0  0  0  0  0  0  0 14 17 12 15  0  7  8  7  7 12 12 12 12  9  9 12  0 10 16 13 12 12 12  6  9 12 12 12 14 12 12 12 10 10 12 12 12 12 10 12 12 12 12 12 12 12 10  9 10 10 12 12 15 15 15 15 13 12 12 12 12 12  7  6  6  6  8 12 12 
12  8  8  8  8  8  0  8  8  8  8 12 12 12 12 12  8 12  8 12 12  8  8 12 12  0  0 12 12 12 12  0 12 12 12  0 12 12 12 12 12 12 12 12 12 12 12 12 12 12  0  0 12 12 12 12 12 12 12  0 12 12 12 12 12 12 12 12 12 12 12 12  7 14  8  5 12 10  8  9  9  0  0  0  0 10 10  8 12  4  5  7  6  6  5 10  7  0  0  0  7  6  0  0  4  4  8  8  8  8  9  8  8  8  8  0  6  6  4  5  6  4  0  0  6  5  8  5  7  6  8  8  8  8 10 10  9 16 14  8  8 
12  8  8  8  8  8  0  8  8  8  8 12 12 12 12 12  8 12  8 12 12  8  8 12 12  0  0 12 12 12 12  0 12 12 12  0 12 12 12 12 12 12 12 12 12 12 12 12 12 12  0  0 12 12 12 12 12 12 12  0 12 12 12 12 12 12 12 12 12 12 12 12  7 14  8  5 12 10  8  9  9  0  0  0  0 10 10  8 12  4  5  7  6  6  5 10  7  0  0  0  7  6  0  0  4  4  8  8  8  8  9  8  8  8  8  0  6  6  4  5  6  4  0  0  6  5  8  5  7  6  8  8  8  8 10 10  9 16 14  8  8 
 0 12 12 12 12 12 12 12 12 12 12  0  0  0  0  0 12  0 12  0  0 12 12  0  0 12 12  0  0  0  0 12  0  0  0 12  0  0  0  0  0  0  0  0  0  0  0  0  0  0 12 12  0  0  0  0  0  0  0 12  0  0  0  0  0  0  0  0  0  0  0  0 14 17 12 15  0  7  8  7  7 12 12 12 12  9  9 12  0 10 16 13 12 12 12  6  9 12 12 12 14 12 12 12 10 10 12 12 12 12 10 12 12 12 12 12 12 12 10  9 10 10 12 12 15 15 15 15 13 12 12 12 12 12  7  6  6  6  8 12 12 
 0 12 12 12 12 12 12 12 12 12 12  0  0  0  0  0 12  0 12  0  0 12 12  0  0 12 12  0  0  0  0 12  0  0  0 12  0  0  0  0  0  0  0  0  0  0  0  0  0  0 12 12  0  0  0  0  0  0  0 12  0  0  0  0  0  0  0  0  0  0  0  0 14 17 12 15  0  7  8  7  7 12 12 12 12  9  9 12  0 10 16 13 12 12 12  6  9 12 12 12 14 12 12 12 10 10 12 12 12 12 10 12 12 12 12 12 12 12 10  9 10 10 12 12 15 15 15 15 13 12 12 12 12 12  7  6  6  6  8 12 12 
 0 12 12 12 12 12 12 12 12 12 12  0  0  0  0  0 12  0 12  0  0 12 12  0  0 12 12  0  0  0  0 12  0  0  0 12  0  0  0  0  0  0  0  0  0  0  0  0  0  0 12 12  0  0  0  0  0  0  0 12  0  0  0  0  0  0  0  0  0  0  0  0 14 17 12 15  0  7  8  7  7 12 12 12 12  9  9 12  0 10 16 13 12 12 12  6  9 12 12 12 14 12 12 12 10 10 12 12 12 12 10 12 12 12 12 12 12 12 10  9 10 10 12 12 15 15 15 15 13 12 12 12 12 12  7  6  6  6  8 12 12 
 0 12 12 12 12 12 12 12 12 12 12  0  0  0  0  0 12  0 12  0  0 12 12  0  0 12 12  0  0  0  0 12  0  0  0 12  0  0  0  0  0  0  0  0  0  0  0  0  0  0 12 12  0  0  0  0  0  0  0 12  0  0  0  0  0  0  0  0  0  0  0  0 14 17 12 15  0  7  8  7  7 12 12 12 12  9  9 12  0 10 16 13 12 12 12  6  9 12 12 12 14 12 12 12 10 10 12 12 12 12 10 12 12 12 12 12 12 12 10  9 10 10 12 12 15 15 15 15 13 12 12 12 12 12  7  6  6  6  8 12 12 
12  8  8  8  8  8  0  8  8  8  8 12 12 12 12 12  8 12  8 12 12  8  8 12 12  0  0 12 12 12 12  0 12 12 12  0 12 12 12 12 12 12 12 12 12 12 12 12 12 12  0  0 12 12 12 12 12 12 12  0 12 12 12 12 12 12 12 12 12 12 12 12  7 14  8  5 12 10  8  9  9  0  0  0  0 10 10  8 12  4  5  7  6  6  5 10  7  0  0  0  7  6  0  0  4  4  8  8  8  8  9  8  8  8  8  0  6  6  4  5  6  4  0  0  6  5  8  5  7  6  8  8  8  8 10 10  9 16 14  8  8 
 0 12 12 12 12 12 12 12 12 12 12  0  0  0  0  0 12  0 12  0  0 12 12  0  0 12 12  0  0  0  0 12  0  0  0 12  0  0  0  0  0  0  0  0  0  0  0  0  0  0 12 12  0  0  0  0  0  0  0 12  0  0  0  0  0  0  0  0  0  0  0  0 14 17 12 15  0  7  8  7  7 12 12 12 12  9  9 12  0 10 16 13 12 12 12  6  9 12 12 12 14 12 12 12 10 10 12 12 12 12 10 12 12 12 12 12 12 12 10  9 10 10 12 12 15 15 15 15 13 12 12 12 12 12  7  6  6  6  8 12 12 
 0 12 12 12 12 12 12 12 12 12 12  0  0  0  0  0 12  0 12  0  0 12 12  0  0 12 12  0  0  0  0 12  0  0  0 12  0  0  0  0  0  0  0  0  0  0  0  0  0  0 12 12  0  0  0  0  0  0  0 12  0  0  0  0  0  0  0  0  0  0  0  0 14 17 12 15  0  7  8  7  7 12 12 12 12  9  9 12  0 10 16 13 12 12 12  6  9 12 12 12 14 12 12 12 10 10 12 12 12 12 10 12 12 12 12 12 12 12 10  9 10 10 12 12 15 15 15 15 13 12 12 12 12 12  7  6  6  6  8 12 12 
 0 12 12 12 12 12 12 12 12 12 12  0  0  0  0  0 12  0 12  0  0 12 12  0  0 12 12  0  0  0  0 12  0  0  0 12  0  0  0  0  0  0  0  0  0  0  0  0  0  0 12 12  0  0  0  0  0  0  0 12  0  0  0  0  0  0  0  0  0  0  0  0 14 17 12 15  0  7  8  7  7 12 12 12 12  9  9 12  0 10 16 13 12 12 12  6  9 12 12 12 14 12 12 12 10 10 12 12 12 12 10 12 12 12 12 12 12 12 10  9 10 10 12 12 15 15 15 15 13 12 12 12 12 12  7  6  6  6  8 12 12 
12  8  8  8  8  8  0  8  8  8  8 12 12 12 12 12  8 12  8 12 12  8  8 12 12  0  0 12 12 12 12  0 12 12 12  0 12 12 12 12 12 12 12 12 12 12 12 12 12 12  0  0 12 12 12 12 12 12 12  0 12 12 12 12 12 12 12 12 12 12 12 12  7 14  8  5 12 10  8  9  9  0  0  0  0 10 10  8 12  4  5  7  6  6  5 10  7  0  0  0  7  6  0  0  4  4  8  8  8  8  9  8  8  8  8  0  6  6  4  5  6  4  0  0  6  5  8  5  7  6  8  8  8  8 10 10  9 16 14  8  8 
 0 12 12 12 12 12 12 12 12 12 12  0  0  0  0  0 12  0 12  0  0 12 12  0  0 12 12  0  0  0  0 12  0  0  0 12  0  0  0  0  0  0  0  0  0  0  0  0  0  0 12 12  0  0  0  0  0  0  0 12  0  0  0  0  0  0  0  0  0  0  0  0 14 17 12 15  0  7  8  7  7 12 12 12 12  9  9 12  0 10 16 13 12 12 12  6  9 12 12 12 14 12 12 12 10 10 12 12 12 12 10 12 12 12 12 12 12 12 10  9 10 10 12 12 15 15 15 15 13 12 12 12 12 12  7  6  6  6  8 12 12 
 0 12 12 12 12 12 12 12 12 12 12  0  0  0  0  0 12  0 12  0  0 12 12  0  0 12 12  0  0  0  0 12  0  0  0 12  0  0  0  0  0  0  0  0  0  0  0  0  0  0 12 12  0  0  0  0  0  0  0 12  0  0  0  0  0  0  0  0  0  0  0  0 14 17 12 15  0  7  8  7  7 12 12 12 12  9  9 12  0 10 16 13 12 12 12  6  9 12 12 12 14 12 12 12 10 10 12 12 12 12 10 12 12 12 12 12 12 12 10  9 10 10 12 12 15 15 15 15 13 12 12 12 12 12  7  6  6  6  8 12 12 
 0 12 12 12 12 12 12 12 12 12 12  0  0  0  0  0 12  0 12  0  0 12 12  0  0 12 12  0  0  0  0 12  0  0  0 12  0  0  0  0  0  0  0  0  0  0  0  0  0  0 12 12  0  0  0  0  0  0  0 12  0  0  0  0  0  0  0  0  0  0  0  0 14 17 12 15  0  7  8  7  7 12 12 12 12  9  9 12  0 10 16 13 12 12 12  6  9 12 12 12 14 12 12 12 10 10 12 12 12 12 10 12 12 12 12 12 12 12 10  9 10 10 12 12 15 15 15 15 13 12 12 12 12 12  7  6  6  6  8 12 12 
 0 12 12 12 12 12 12 12 12 12 12  0  0  0  0  0 12  0 12  0  0 12 12  0  0 12 12  0  0  0  0 12  0  0  0 12  0  0  0  0  0  0  0  0  0  0  0  0  0  0 12 12  0  0  0  0  0  0  0 12  0  0  0  0  0  0  0  0  0  0  0  0 14 17 12 15  0  7  8  7  7 12 12 12 12  9  9 12  0 10 16 13 12 12 12  6  9 12 12 12 14 12 12 12 10 10 12 12 12 12 10 12 12 12 12 12 12 12 10  9 10 10 12 12 15 15 15 15 13 12 12 12 12 12  7  6  6  6  8 12 12 
 0 12 12 12 12 12 12 12 12 12 12  0  0  0  0  0 12  0 12  0  0 12 12  0  0 12 12  0  0  0  0 12  0  0  0 12  0  0  0  0  0  0  0  0  0  0  0  0  0  0 12 12  0  0  0  0  0  0  0 12  0  0  0  0  0  0  0  0  0  0  0  0 14 17 12 15  0  7  8  7  7 12 12 12 12  9  9 12  0 10 16 13 12 12 12  6  9 12 12 12 14 12 12 12 10 10 12 12 12 12 10 12 12 12 12 12 12 12 10  9 10 10 12 12 15 15 15 15 13 12 12 12 12 12  7  6  6  6  8 12 12 
 0 12 12 12 12 12 12 12 12 12 12  0  0  0  0  0 12  0 12  0  0 12 12  0  0 12 12  0  0  0  0 12  0  0  0 12  0  0  0  0  0  0  0  0  0  0  0  0  0  0 12 12  0  0  0  0  0  0  0 12  0  0  0  0  0  0  0  0  0  0  0  0 14 17 12 15  0  7  8  7  7 12 12 12 12  9  9 12  0 10 16 13 12 12 12  6  9 12 12 12 14 12 12 12 10 10 12 12 12 12 10 12 12 12 12 12 12 12 10  9 10 10 12 12 15 15 15 15 13 12 12 12 12 12  7  6  6  6  8 12 12 
 0 12 12 12 12 12 12 12 12 12 12  0  0  0  0  0 12  0 12  0  0 12 12  0  0 12 12  0  0  0  0 12  0  0  0 12  0  0  0  0  0  0  0  0  0  0  0  0  0  0 12 12  0  0  0  0  0  0  0 12  0  0  0  0  0  0  0  0  0  0  0  0 14 17 12 15  0  7  8  7  7 12 12 12 12  9  9 12  0 10 16 13 12 12 12  6  9 12 12 12 14 12 12 12 10 10 12 12 12 12 10 12 12 12 12 12 12 12 10  9 10 10 12 12 15 15 15 15 13 12 12 12 12 12  7  6  6  6  8 12 12 
 0 12 12 12 12 12 12 12 12 12 12  0  0  0  0  0 12  0 12  0  0 12 12  0  0 12 12  0  0  0  0 12  0  0  0 12  0  0  0  0  0  0  0  0  0  0  0  0  0  0 12 12  0  0  0  0  0  0  0 12  0  0  0  0  0  0  0  0  0  0  0  0 14 17 12 15  0  7  8  7  7 12 12 12 12  9  9 12  0 10 16 13 12 12 12  6  9 12 12 12 14 12 12 12 10 10 12 12 12 12 10 12 12 12 12 12 12 12 10  9 10 10 12 12 15 15 15 15 13 12 12 12 12 12  7  6  6  6  8 12 12 
 0 12 12 12 12 12 12 12 12 12 12  0  0  0  0  0 12  0 12  0  0 12 12  0  0 12 12  0  0  0  0 12  0  0  0 12  0  0  0  0  0  0  0  0  0  0  0  0  0  0 12 12  0  0  0  0  0  0  0 12  0  0  0  0  0  0  0  0  0  0  0  0 14 17 12 15  0  7  8  7  7 12 12 12 12  9  9 12  0 10 16 13 12 12 12  6  9 12 12 12 14 12 12 12 10 10 12 12 12 12 10 12 12 12 12 12 12 12 10  9 10 10 12 12 15 15 15 15 13 12 12 12 12 12  7  6  6  6  8 12 12 
 0 12 12 12 12 12 12 12 12 12 12  0  0  0  0  0 12  0 12  0  0 12 12  0  0 12 12  0  0  0  0 12  0  0  0 12  0  0  0  0  0  0  0  0  0  0  0  0  0  0 12 12  0  0  0  0  0  0  0 12  0  0  0  0  0  0  0  0  0  0  0  0 14 17 12 15  0  7  8  7  7 12 12 12 12  9  9 12  0 10 16 13 12 12 12  6  9 12 12 12 14 12 12 12 10 10 12 12 12 12 10 12 12 12 12 12 12 12 10  9 10 10 12 12 15 15 15 15 13 12 12 12 12 12  7  6  6  6  8 12 12 
 0 12 12 12 12 12 12 12 12 12 12  0  0  0  0  0 12  0 12  0  0 12 12  0  0 12 12  0  0  0  0 12  0  0  0 12  0  0  0  0  0  0  0  0  0  0  0  0  0  0 12 12  0  0  0  0  0  0  0 12  0  0  0  0  0  0  0  0  0  0  0  0 14 17 12 15  0  7  8  7  7 12 12 12 12  9  9 12  0 10 16 13 12 12 12  6  9 12 12 12 14 12 12 12 10 10 12 12 12 12 10 12 12 12 12 12 12 12 10  9 10 10 12 12 15 15 15 15 13 12 12 12 12 12  7  6  6  6  8 12 12 
 0 12 12 12 12 12 12 12 12 12 12  0  0  0  0  0 12  0 12  0  0 12 12  0  0 12 12  0  0  0  0 12  0  0  0 12  0  0  0  0  0  0  0  0  0  0  0  0  0  0 12 12  0  0  0  0  0  0  0 12  0  0  0  0  0  0  0  0  0  0  0  0 14 17 12 15  0  7  8  7  7 12 12 12 12  9  9 12  0 10 16 13 12 12 12  6  9 12 12 12 14 12 12 12 10 10 12 12 12 12 10 12 12 12 12 12 12 12 10  9 10 10 12 12 15 15 15 15 13 12 12 12 12 12  7  6  6  6  8 12 12 
 0 12 12 12 12 12 12 12 12 12 12  0  0  0  0  0 12  0 12  0  0 12 12  0  0 12 12  0  0  0  0 12  0  0  0 12  0  0  0  0  0  0  0  0  0  0  0  0  0  0 12 12  0  0  0  0  0  0  0 12  0  0  0  0  0  0  0  0  0  0  0  0 14 17 12 15  0  7  8  7  7 12 12 12 12  9  9 12  0 10 16 13 12 12 12  6  9 12 12 12 14 12 12 12 10 10 12 12 12 12 10 12 12 12 12 12 12 12 10  9 10 10 12 12 15 15 15 15 13 12 12 12 12 12  7  6  6  6  8 12 12 
 0 12 12 12 12 12 12 12 12 12 12  0  0  0  0  0 12  0 12  0  0 12 12  0  0 12 12  0  0  0  0 12  0  0  0 12  0  0  0  0  0  0  0  0  0  0  0  0  0  0 12 12  0  0  0  0  0  0  0 12  0  0  0  0  0  0  0  0  0  0  0  0 14 17 12 15  0  7  8  7  7 12 12 12 12  9  9 12  0 10 16 13 12 12 12  6  9 12 12 12 14 12 12 12 10 10 12 12 12 12 10 12 12 12 12 12 12 12 10  9 10 10 12 12 15 15 15 15 13 12 12 12 12 12  7  6  6  6  8 12 12 
12  8  8  8  8  8  0  8  8  8  8 12 12 12 12 12  8 12  8 12 12  8  8 12 12  0  0 12 12 12 12  0 12 12 12  0 12 12 12 12 12 12 12 12 12 12 12 12 12 12  0  0 12 12 12 12 12 12 12  0 12 12 12 12 12 12 12 12 12 12 12 12  7 14  8  5 12 10  8  9  9  0  0  0  0 10 10  8 12  4  5  7  6  6  5 10  7  0  0  0  7  6  0  0  4  4  8  8  8  8  9  8  8  8  8  0  6  6  4  5  6  4  0  0  6  5  8  5  7  6  8  8  8  8 10 10  9 16 14  8  8 
12  8  8  8  8  8  0  8  8  8  8 12 12 12 12 12  8 12  8 12 12  8  8 12 12  0  0 12 12 12 12  0 12 12 12  0 12 12 12 12 12 12 12 12 12 12 12 12 12 12  0  0 12 12 12 12 12 12 12  0 12 12 12 12 12 12 12 12 12 12 12 12  7 14  8  5 12 10  8  9  9  0  0  0  0 10 10  8 12  4  5  7  6  6  5 10  7  0  0  0  7  6  0  0  4  4  8  8  8  8  9  8  8  8  8  0  6  6  4  5  6  4  0  0  6  5  8  5  7  6  8  8  8  8 10 10  9 16 14  8  8 
 0 12 12 12 12 12 12 12 12 12 12  0  0  0  0  0 12  0 12  0  0 12 12  0  0 12 12  0  0  0  0 12  0  0  0 12  0  0  0  0  0  0  0  0  0  0  0  0  0  0 12 12  0  0  0  0  0  0  0 12  0  0  0  0  0  0  0  0  0  0  0  0 14 17 12 15  0  7  8  7  7 12 12 12 12  9  9 12  0 10 16 13 12 12 12  6  9 12 12 12 14 12 12 12 10 10 12 12 12 12 10 12 12 12 12 12 12 12 10  9 10 10 12 12 15 15 15 15 13 12 12 12 12 12  7  6  6  6  8 12 12 
 0 12 12 12 12 12 12 12 12 12 12  0  0  0  0  0 12  0 12  0  0 12 12  0  0 12 12  0  0  0  0 12  0  0  0 12  0  0  0  0  0  0  0  0  0  0  0  0  0  0 12 12  0  0  0  0  0  0  0 12  0  0  0  0  0  0  0  0  0  0  0  0 14 17 12 15  0  7  8  7  7 12 12 12 12  9  9 12  0 10 16 13 12 12 12  6  9 12 12 12 14 12 12 12 10 10 12 12 12 12 10 12 12 12 12 12 12 12 10  9 10 10 12 12 15 15 15 15 13 12 12 12 12 12  7  6  6  6  8 12 12 
 0 12 12 12 12 12 12 12 12 12 12  0  0  0  0  0 12  0 12  0  0 12 12  0  0 12 12  0  0  0  0 12  0  0  0 12  0  0  0  0  0  0  0  0  0  0  0  0  0  0 12 12  0  0  0  0  0  0  0 12  0  0  0  0  0  0  0  0  0  0  0  0 14 17 12 15  0  7  8  7  7 12 12 12 12  9  9 12  0 10 16 13 12 12 12  6  9 12 12 12 14 12 12 12 10 10 12 12 12 12 10 12 12 12 12 12 12 12 10  9 10 10 12 12 15 15 15 15 13 12 12 12 12 12  7  6  6  6  8 12 12 
 0 12 12 12 12 12 12 12 12 12 12  0  0  0  0  0 12  0 12  0  0 12 12  0  0 12 12  0  0  0  0 12  0  0  0 12  0  0  0  0  0  0  0  0  0  0  0  0  0  0 12 12  0  0  0  0  0  0  0 12  0  0  0  0  0  0  0  0  0  0  0  0 14 17 12 15  0  7  8  7  7 12 12 12 12  9  9 12  0 10 16 13 12 12 12  6  9 12 12 12 14 12 12 12 10 10 12 12 12 12 10 12 12 12 12 12 12 12 10  9 10 10 12 12 15 15 15 15 13 12 12 12 12 12  7  6  6  6  8 12 12 
 0 12 12 12 12 12 12 12 12 12 12  0  0  0  0  0 12  0 12  0  0 12 12  0  0 12 12  0  0  0  0 12  0  0  0 12  0  0  0  0  0  0  0  0  0  0  0  0  0  0 12 12  0  0  0  0  0  0  0 12  0  0  0  0  0  0  0  0  0  0  0  0 14 17 12 15  0  7  8  7  7 12 12 12 12  9  9 12  0 10 16 13 12 12 12  6  9 12 12 12 14 12 12 12 10 10 12 12 12 12 10 12 12 12 12 12 12 12 10  9 10 10 12 12 15 15 15 15 13 12 12 12 12 12  7  6  6  6  8 12 12 
 0 12 12 12 12 12 12 12 12 12 12  0  0  0  0  0 12  0 12  0  0 12 12  0  0 12 12  0  0  0  0 12  0  0  0 12  0  0  0  0  0  0  0  0  0  0  0  0  0  0 12 12  0  0  0  0  0  0  0 12  0  0  0  0  0  0  0  0  0  0  0  0 14 17 12 15  0  7  8  7  7 12 12 12 12  9  9 12  0 10 16 13 12 12 12  6  9 12 12 12 14 12 12 12 10 10 12 12 12 12 10 12 12 12 12 12 12 12 10  9 10 10 12 12 15 15 15 15 13 12 12 12 12 12  7  6  6  6  8 12 12 
 0 12 12 12 12 12 12 12 12 12 12  0  0  0  0  0 12  0 12  0  0 12 12  0  0 12 12  0  0  0  0 12  0  0  0 12  0  0  0  0  0  0  0  0  0  0  0  0  0  0 12 12  0  0  0  0  0  0  0 12  0  0  0  0  0  0  0  0  0  0  0  0 14 17 12 15  0  7  8  7  7 12 12 12 12  9  9 12  0 10 16 13 12 12 12  6  9 12 12 12 14 12 12 12 10 10 12 12 12 12 10 12 12 12 12 12 12 12 10  9 10 10 12 12 15 15 15 15 13 12 12 12 12 12  7  6  6  6  8 12 12 
12  8  8  8  8  8  0  8  8  8  8 12 12 12 12 12  8 12  8 12 12  8  8 12 12  0  0 12 12 12 12  0 12 12 12  0 12 12 12 12 12 12 12 12 12 12 12 12 12 12  0  0 12 12 12 12 12 12 12  0 12 12 12 12 12 12 12 12 12 12 12 12  7 14  8  5 12 10  8  9  9  0  0  0  0 10 10  8 12  4  5  7  6  6  5 10  7  0  0  0  7  6  0  0  4  4  8  8  8  8  9  8  8  8  8  0  6  6  4  5  6  4  0  0  6  5  8  5  7  6  8  8  8  8 10 10  9 16 14  8  8 
 0 12 12 12 12 12 12 12 12 12 12  0  0  0  0  0 12  0 12  0  0 12 12  0  0 12 12  0  0  0  0 12  0  0  0 12  0  0  0  0  0  0  0  0  0  0  0  0  0  0 12 12  0  0  0  0  0  0  0 12  0  0  0  0  0  0  0  0  0  0  0  0 14 17 12 15  0  7  8  7  7 12 12 12 12  9  9 12  0 10 16 13 12 12 12  6  9 12 12 12 14 12 12 12 10 10 12 12 12 12 10 12 12 12 12 12 12 12 10  9 10 10 12 12 15 15 15 15 13 12 12 12 12 12  7  6  6  6  8 12 12 
 0 12 12 12 12 12 12 12 12 12 12  0  0  0  0  0 12  0 12  0  0 12 12  0  0 12 12  0  0  0  0 12  0  0  0 12  0  0  0  0  0  0  0  0  0  0  0  0  0  0 12 12  0  0  0  0  0  0  0 12  0  0  0  0  0  0  0  0  0  0  0  0 14 17 12 15  0  7  8  7  7 12 12 12 12  9  9 12  0 10 16 13 12 12 12  6  9 12 12 12 14 12 12 12 10 10 12 12 12 12 10 12 12 12 12 12 12 12 10  9 10 10 12 12 15 15 15 15 13 12 12 12 12 12  7  6  6  6  8 12 12 
 0 12 12 12 12 12 12 12 12 12 12  0  0  0  0  0 12  0 12  0  0 12 12  0  0 12 12  0  0  0  0 12  0  0  0 12  0  0  0  0  0  0  0  0  0  0  0  0  0  0 12 12  0  0  0  0  0  0  0 12  0  0  0  0  0  0  0  0  0  0  0  0 14 17 12 15  0  7  8  7  7 12 12 12 12  9  9 12  0 10 16 13 12 12 12  6  9 12 12 12 14 12 12 12 10 10 12 12 12 12 10 12 12 12 12 12 12 12 10  9 10 10 12 12 15 15 15 15 13 12 12 12 12 12  7  6  6  6  8 12 12 
 0 12 12 12 12 12 12 12 12 12 12  0  0  0  0  0 12  0 12  0  0 12 12  0  0 12 12  0  0  0  0 12  0  0  0 12  0  0  0  0  0  0  0  0  0  0  0  0  0  0 12 12  0  0  0  0  0  0  0 12  0  0  0  0  0  0  0  0  0  0  0  0 14 17 12 15  0  7  8  7  7 12 12 12 12  9  9 12  0 10 16 13 12 12 12  6  9 12 12 12 14 12 12 12 10 10 12 12 12 12 10 12 12 12 12 12 12 12 10  9 10 10 12 12 15 15 15 15 13 12 12 12 12 12  7  6  6  6  8 12 12 
 0 12 12 12 12 12 12 12 12 12 12  0  0  0  0  0 12  0 12  0  0 12 12  0  0 12 12  0  0  0  0 12  0  0  0 12  0  0  0  0  0  0  0  0  0  0  0  0  0  0 12 12  0  0  0  0  0  0  0 12  0  0  0  0  0  0  0  0  0  0  0  0 14 17 12 15  0  7  8  7  7 12 12 12 12  9  9 12  0 10 16 13 12 12 12  6  9 12 12 12 14 12 12 12 10 10 12 12 12 12 10 12 12 12 12 12 12 12 10  9 10 10 12 12 15 15 15 15 13 12 12 12 12 12  7  6  6  6  8 12 12 
 0 12 12 12 12 12 12 12 12 12 12  0  0  0  0  0 12  0 12  0  0 12 12  0  0 12 12  0  0  0  0 12  0  0  0 12  0  0  0  0  0  0  0  0  0  0  0  0  0  0 12 12  0  0  0  0  0  0  0 12  0  0  0  0  0  0  0  0  0  0  0  0 14 17 12 15  0  7  8  7  7 12 12 12 12  9  9 12  0 10 16 13 12 12 12  6  9 12 12 12 14 12 12 12 10 10 12 12 12 12 10 12 12 12 12 12 12 12 10  9 10 10 12 12 15 15 15 15 13 12 12 12 12 12  7  6  6  6  8 12 12 
 0 12 12 12 12 12 12 12 12 12 12  0  0  0  0  0 12  0 12  0  0 12 12  0  0 12 12  0  0  0  0 12  0  0  0 12  0  0  0  0  0  0  0  0  0  0  0  0  0  0 12 12  0  0  0  0  0  0  0 12  0  0  0  0  0  0  0  0  0  0  0  0 14 17 12 15  0  7  8  7  7 12 12 12 12  9  9 12  0 10 16 13 12 12 12  6  9 12 12 12 14 12 12 12 10 10 12 12 12 12 10 12 12 12 12 12 12 12 10  9 10 10 12 12 15 15 15 15 13 12 12 12 12 12  7  6  6  6  8 12 12 
 0 12 12 12 12 12 12 12 12 12 12  0  0  0  0  0 12  0 12  0  0 12 12  0  0 12 12  0  0  0  0 12  0  0  0 12  0  0  0  0  0  0  0  0  0  0  0  0  0  0 12 12  0  0  0  0  0  0  0 12  0  0  0  0  0  0  0  0  0  0  0  0 14 17 12 15  0  7  8  7  7 12 12 12 12  9  9 12  0 10 16 13 12 12 12  6  9 12 12 12 14 12 12 12 10 10 12 12 12 12 10 12 12 12 12 12 12 12 10  9 10 10 12 12 15 15 15 15 13 12 12 12 12 12  7  6  6  6  8 12 12 
 0 12 12 12 12 12 12 12 12 12 12  0  0  0  0  0 12  0 12  0  0 12 12  0  0 12 12  0  0  0  0 12  0  0  0 12  0  0  0  0  0  0  0  0  0  0  0  0  0  0 12 12  0  0  0  0  0  0  0 12  0  0  0  0  0  0  0  0  0  0  0  0 14 17 12 15  0  7  8  7  7 12 12 12 12  9  9 12  0 10 16 13 12 12 12  6  9 12 12 12 14 12 12 12 10 10 12 12 12 12 10 12 12 12 12 12 12 12 10  9 10 10 12 12 15 15 15 15 13 12 12 12 12 12  7  6  6  6  8 12 12 
 0 12 12 12 12 12 12 12 12 12 12  0  0  0  0  0 12  0 12  0  0 12 12  0  0 12 12  0  0  0  0 12  0  0  0 12  0  0  0  0  0  0  0  0  0  0  0  0  0  0 12 12  0  0  0  0  0  0  0 12  0  0  0  0  0  0  0  0  0  0  0  0 14 17 12 15  0  7  8  7  7 12 12 12 12  9  9 12  0 10 16 13 12 12 12  6  9 12 12 12 14 12 12 12 10 10 12 12 12 12 10 12 12 12 12 12 12 12 10  9 10 10 12 12 15 15 15 15 13 12 12 12 12 12  7  6  6  6  8 12 12 
 0 12 12 12 12 12 12 12 12 12 12  0  0  0  0  0 12  0 12  0  0 12 12  0  0 12 12  0  0  0  0 12  0  0  0 12  0  0  0  0  0  0  0  0  0  0  0  0  0  0 12 12  0  0  0  0  0  0  0 12  0  0  0  0  0  0  0  0  0  0  0  0 14 17 12 15  0  7  8  7  7 12 12 12 12  9  9 12  0 10 16 13 12 12 12  6  9 12 12 12 14 12 12 12 10 10 12 12 12 12 10 12 12 12 12 12 12 12 10  9 10 10 12 12 15 15 15 15 13 12 12 12 12 12  7  6  6  6  8 12 12 
 0 12 12 12 12 12 12 12 12 12 12  0  0  0  0  0 12  0 12  0  0 12 12  0  0 12 12  0  0  0  0 12  0  0  0 12  0  0  0  0  0  0  0  0  0  0  0  0  0  0 12 12  0  0  0  0  0  0  0 12  0  0  0  0  0  0  0  0  0  0  0  0 14 17 12 15  0  7  8  7  7 12 12 12 12  9  9 12  0 10 16 13 12 12 12  6  9 12 12 12 14 12 12 12 10 10 12 12 12 12 10 12 12 12 12 12 12 12 10  9 10 10 12 12 15 15 15 15 13 12 12 12 12 12  7  6  6  6  8 12 12 
14 11 11 11 11 11  7 11 11 11 11 14 14 14 14 14 11 14 11 14 14 11 11 14 14  7  7 14 14 14 14  7 14 14 14  7 14 14 14 14 14 14 14 14 14 14 14 14 14 14  7  7 14 14 14 14 14 14 14  7 14 14 14 14 14 14 14 14 14 14 14 14  0  9  5  8 14 11 10  9  9  7  7  7  7  9  9 11 14  8 10  7  5  5  5  8  9  7  7  7  7  5  7  7  5  5 11 11 11 11  9 11 11 11 11  7  5  5  9  8  7  8  7  7  8  9  7  8  7  5 11 11 11 11  8 10 10 18 15 11 11 
17 16 16 16 16 16 14 16 16 16 16 17 17 17 17 17 16 17 16 17 17 16 16 17 17 14 14 17 17 17 17 14 17 17 17 14 17 17 17 17 17 17 17 17 17 17 17 17 17 17 14 14 17 17 17 17 17 17 17 14 17 17 17 17 17 17 17 17 17 17 17 17  9  0  6 11 17 17 15 16 16 14 14 14 14 15 15 16 17 13 11 14 13 12 13 13 14 14 14 14 14 12 14 14 13 13 16 16 16 16 17 16 16 16 16 14 13 13 14 13 14 14 14 14 13 10 14 11 14 13 16 16 16 16 13 15 16 20 19 16 16 
12 10 10 10 10 10  8 10 10 10 10 12 12 12 12 12 10 12 10 12 12 10 10 12 12  8  8 12 12 12 12  8 12 12 12  8 12 12 12 12 12 12 12 12 12 12 12 12 12 12  8  8 12 12 12 12 12 12 12  8 12 12 12 12 12 12 12 12 12 12 12 12  5  6  0  8 12 13 12 12 12  8  8  8  8 14 14 10 12 10  9  8  7  6  8 12 13  8  8  8  8  6  8  8  8  8 10 10 10 10 14 10 10 10 10  8  7  7 10 10 11  8  8  8  7  8  8  8  8  7 10 10 10 10 12 14 12 14 14 10 10 
15 11 11 11 11 11  5 11 11 11 11 15 15 15 15 15 11 15 11 15 15 11 11 15 15  5  5 15 15 15 15  5 15 15 15  5 15 15 15 15 15 15 15 15 15 15 15 15 15 15  5  5 15 15 15 15 15 15 15  5 15 15 15 15 15 15 15 15 15 15 15 15  8 11  8  0 15 12 12 11 11  5  5  5  5 12 12 11 15  8  2  3  8  3  4 12 10  5  5  5  3  3  5  5  6  6 11 11 11 11  8 11 11 11 11  5  8  8  7  6  7  7  5  5  3  1  3  0  3  8 11 11 11 11 11 11 11 17 15 11 11 
 0 12 12 12 12 12 12 12 12 12 12  0  0  0  0  0 12  0 12  0  0 12 12  0  0 12 12  0  0  0  0 12  0  0  0 12  0  0  0  0  0  0  0  0  0  0  0  0  0  0 12 12  0  0  0  0  0  0  0 12  0  0  0  0  0  0  0  0  0  0  0  0 14 17 12 15  0  7  8  7  7 12 12 12 12  9  9 12  0 10 16 13 12 12 12  6  9 12 12 12 14 12 12 12 10 10 12 12 12 12 10 12 12 12 12 12 12 12 10  9 10 10 12 12 15 15 15 15 13 12 12 12 12 12  7  6  6  6  8 12 12 
 7  5  5  5  5  5 10  5  5  5  5  7  7  7  7  7  5  7  5  7  7  5  5  7  7 10 10  7  7  7  7 10  7  7  7 10  7  7  7  7  7  7  7  7  7  7  7  7  7  7 10 10  7  7  7  7  7  7  7 10  7  7  7  7  7  7  7  7  7  7  7  7 11 17 13 12  7  0  7  4  4 10 10 10 10  9  9  5  7  8 12 11  8  9 11  7  8 10 10 10 11  9 10 10  8  8  5  5  5  5 10  5  5  5  5 10  8  8  9  8  8  7 10 10 12 11 12 12 11  8  5  5  5  5  7  4  2  8  9  5  5 
 8 11 11 11 11 11  8 11 11 11 11  8  8  8  8  8 11  8 11  8  8 11 11  8  8  8  8  8  8  8  8  8  8  8  8  8  8  8  8  8  8  8  8  8  8  8  8  8  8  8  8  8  8  8  8  8  8  8  8  8  8  8  8  8  8  8  8  8  8  8  8  8 10 15 12 12  8  7  0  3  3  8  8  8  8  5  5 11  8  8 11 11  9  9  9  2  3  8  8  8 11  9  8  8  8  8 11 11 11 11 11 11 11 11 11  8  9  9  9  8  6  6  8  8 11 11 12 12 11  9 11 11 11 11  3  5  5 10 10 11 11 
 7  9  9  9  9  9  9  9  9  9  9  7  7  7  7  7  9  7  9  7  7  9  9  7  7  9  9  7  7  7  7  9  7  7  7  9  7  7  7  7  7  7  7  7  7  7  7  7  7  7  9  9  7  7  7  7  7  7  7  9  7  7  7  7  7  7  7  7  7  7  7  7  9 16 12 11  7  4  3  0  0  9  9  9  9  6  6  9  7  8 11 12  9 10 10  5  6  9  9  9 12 10  9  9  9  9  9  9  9  9  8  9  9  9  9  9  9  9  8  8  5  8  9  9 11 10 13 11 12  9  9  9  9  9  6  3  2 10  9  9  9 
 7  9  9  9  9  9  9  9  9  9  9  7  7  7  7  7  9  7  9  7  7  9  9  7  7  9  9  7  7  7  7  9  7  7  7  9  7  7  7  7  7  7  7  7  7  7  7  7  7  7  9  9  7  7  7  7  7  7  7  9  7  7  7  7  7  7  7  7  7  7  7  7  9 16 12 11  7  4  3  0  0  9  9  9  9  6  6  9  7  8 11 12  9 10 10  5  6  9  9  9 12 10  9  9  9  9  9  9  9  9  8  9  9  9  9  9  9  9  8  8  5  8  9  9 11 10 13 11 12  9  9  9  9  9  6  3  2 10  9  9  9 
12  8  8  8  8  8  0  8  8  8  8 12 12 12 12 12  8 12  8 12 12  8  8 12 12  0  0 12 12 12 12  0 12 12 12  0 12 12 12 12 12 12 12 12 12 12 12 12 12 12  0  0 12 12 12 12 12 12 12  0 12 12 12 12 12 12 12 12 12 12 12 12  7 14  8  5 12 10  8  9  9  0  0  0  0 10 10  8 12  4  5  7  6  6  5 10  7  0  0  0  7  6  0  0  4  4  8  8  8  8  9  8  8  8  8  0  6  6  4  5  6  4  0  0  6  5  8  5  7  6  8  8  8  8 10 10  9 16 14  8  8 
12  8  8  8  8  8  0  8  8  8  8 12 12 12 12 12  8 12  8 12 12  8  8 12 12  0  0 12 12 12 12  0 12 12 12  0 12 12 12 12 12 12 12 12 12 12 12 12 12 12  0  0 12 12 12 12 12 12 12  0 12 12 12 12 12 12 12 12 12 12 12 12  7 14  8  5 12 10  8  9  9  0  0  0  0 10 10  8 12  4  5  7  6  6  5 10  7  0  0  0  7  6  0  0  4  4  8  8  8  8  9  8  8  8  8  0  6  6  4  5  6  4  0  0  6  5  8  5  7  6  8  8  8  8 10 10  9 16 14  8  8 
12  8  8  8  8  8  0  8  8  8  8 12 12 12 12 12  8 12  8 12 12  8  8 12 12  0  0 12 12 12 12  0 12 12 12  0 12 12 12 12 12 12 12 12 12 12 12 12 12 12  0  0 12 12 12 12 12 12 12  0 12 12 12 12 12 12 12 12 12 12 12 12  7 14  8  5 12 10  8  9  9  0  0  0  0 10 10  8 12  4  5  7  6  6  5 10  7  0  0  0  7  6  0  0  4  4  8  8  8  8  9  8  8  8  8  0  6  6  4  5  6  4  0  0  6  5  8  5  7  6  8  8  8  8 10 10  9 16 14  8  8 
12  8  8  8  8  8  0  8  8  8  8 12 12 12 12 12  8 12  8 12 12  8  8 12 12  0  0 12 12 12 12  0 12 12 12  0 12 12 12 12 12 12 12 12 12 12 12 12 12 12  0  0 12 12 12 12 12 12 12  0 12 12 12 12 12 12 12 12 12 12 12 12  7 14  8  5 12 10  8  9  9  0  0  0  0 10 10  8 12  4  5  7  6  6  5 10  7  0  0  0  7  6  0  0  4  4  8  8  8  8  9  8  8  8  8  0  6  6  4  5  6  4  0  0  6  5  8  5  7  6  8  8  8  8 10 10  9 16 14  8  8 
 9 13 13 13 13 13 10 13 13 13 13  9  9  9  9  9 13  9 13  9  9 13 13  9  9 10 10  9  9  9  9 10  9  9  9 10  9  9  9  9  9  9  9  9  9  9  9  9  9  9 10 10  9  9  9  9  9  9  9 10  9  9  9  9  9  9  9  9  9  9  9  9  9 15 14 12  9  9  5  6  6 10 10 10 10  0  0 13  9  9 11 12 11 10 12  4  3 10 10 10 12 10 10 10 10 10 13 13 13 13 14 13 13 13 13 10 11 11 10  8  9  6 10 10 11 11 13 12 12 11 13 13 13 13  3  8  8 12 11 13 13 
 9 13 13 13 13 13 10 13 13 13 13  9  9  9  9  9 13  9 13  9  9 13 13  9  9 10 10  9  9  9  9 10  9  9  9 10  9  9  9  9  9  9  9  9  9  9  9  9  9  9 10 10  9  9  9  9  9  9  9 10  9  9  9  9  9  9  9  9  9  9  9  9  9 15 14 12  9  9  5  6  6 10 10 10 10  0  0 13  9  9 11 12 11 10 12  4  3 10 10 10 12 10 10 10 10 10 13 13 13 13 14 13 13 13 13 10 11 11 10  8  9  6 10 10 11 11 13 12 12 11 13 13 13 13  3  8  8 12 11 13 13 
12  0  0  0  0  0  8  0  0  0  0 12 12 12 12 12  0 12  0 12 12  0  0 12 12  8  8 12 12 12 12  8 12 12 12  8 12 12 12 12 12 12 12 12 12 12 12 12 12 12  8  8 12 12 12 12 12 12 12  8 12 12 12 12 12 12 12 12 12 12 12 12 11 16 10 11 12  5 11  9  9  8  8  8  8 13 13  0 12  6 11  9  6  8  8 11 13  8  8  8 10  8  8  8  6  6  0  0  0  0 11  0  0  0  0  8  6  6  7  8  5  8  8  8 11 10 10 11  9  6  0  0  0  0 11  8  7 13 13  0  0 
 0 12 12 12 12 12 12 12 12 12 12  0  0  0  0  0 12  0 12  0  0 12 12  0  0 12 12  0  0  0  0 12  0  0  0 12  0  0  0  0  0  0  0  0  0  0  0  0  0  0 12 12  0  0  0  0  0  0  0 12  0  0  0  0  0  0  0  0  0  0  0  0 14 17 12 15  0  7  8  7  7 12 12 12 12  9  9 12  0 10 16 13 12 12 12  6  9 12 12 12 14 12 12 12 10 10 12 12 12 12 10 12 12 12 12 12 12 12 10  9 10 10 12 12 15 15 15 15 13 12 12 12 12 12  7  6  6  6  8 12 12 
10  6  6  6  6  6  4  6  6  6  6 10 10 10 10 10  6 10  6 10 10  6  6 10 10  4  4 10 10 10 10  4 10 10 10  4 10 10 10 10 10 10 10 10 10 10 10 10 10 10  4  4 10 10 10 10 10 10 10  4 10 10 10 10 10 10 10 10 10 10 10 10  8 13 10  8 10  8  8  8  8  4  4  4  4  9  9  6 10  0  8  9  6  9  7  8  8  4  4  4 10  9  4  4  5  5  6  6  6  6  8  6  6  6  6  4  6  6  1  4  3  3  4  4  7  7 11  8  9  6  6  6  6  6  8  7  7 13 11  6  6 
16 11 11 11 11 11  5 11 11 11 11 16 16 16 16 16 11 16 11 16 16 11 11 16 16  5  5 16 16 16 16  5 16 16 16  5 16 16 16 16 16 16 16 16 16 16 16 16 16 16  5  5 16 16 16 16 16 16 16  5 16 16 16 16 16 16 16 16 16 16 16 16 10 11  9  2 16 12 11 11 11  5  5  5  5 11 11 11 16  8  0  5  9  5  5 10 11  5  5  5  5  5  5  5  6  6 11 11 11 11  8 11 11 11 11  5  9  9  7  7  7  7  5  5  3  1  5  2  5  9 11 11 11 11 11 10 11 18 15 11 11 
13  9  9  9  9  9  7  9  9  9  9 13 13 13 13 13  9 13  9 13 13  9  9 13 13  7  7 13 13 13 13  7 13 13 13  7 13 13 13 13 13 13 13 13 13 13 13 13 13 13  7  7 13 13 13 13 13 13 13  7 13 13 13 13 13 13 13 13 13 13 13 13  7 14  8  3 13 11 11 12 12  7  7  7  7 12 12  9 13  9  5  0  7  2  3 11 13  7  7  7  2  2  7  7  6  6  9  9  9  9 11  9  9  9  9  7  7  7  8  7  9  8  7  7  3  4  4  3  0  7  9  9  9  9 11 13 13 16 18  9  9 
12  6  6  6  6  6  6  6  6  6  6 12 12 12 12 12  6 12  6 12 12  6  6 12 12  6  6 12 12 12 12  6 12 12 12  6 12 12 12 12 12 12 12 12 12 12 12 12 12 12  6  6 12 12 12 12 12 12 12  6 12 12 12 12 12 12 12 12 12 12 12 12  5 13  7  8 12  8  9  9  9  6  6  6  6 11 11  6 12  6  9  7  0  5  5  9 10  6  6  6  7  5  6  6  4  4  6  6  6  6 10  6  6  6  6  6  0  0  6  3  7  5  6  6  7  8  8  8  7  0  6  6  6  6  9 11  8 14 13  6  6 
12  8  8  8  8  8  6  8  8  8  8 12 12 12 12 12  8 12  8 12 12  8  8 12 12  6  6 12 12 12 12  6 12 12 12  6 12 12 12 12 12 12 12 12 12 12 12 12 12 12  6  6 12 12 12 12 12 12 12  6 12 12 12 12 12 12 12 12 12 12 12 12  5 12  6  3 12  9  9 10 10  6  6  6  6 10 10  8 12  9  5  2  5  0  2  9 11  6  6  6  2  0  6  6  5  5  8  8  8  8 11  8  8  8  8  6  5  5  9  5  8  6  6  6  4  4  3  3  2  5  8  8  8  8  9 11 11 14 16  8  8 
12  8  8  8  8  8  5  8  8  8  8 12 12 12 12 12  8 12  8 12 12  8  8 12 12  5  5 12 12 12 12  5 12 12 12  5 12 12 12 12 12 12 12 12 12 12 12 12 12 12  5  5 12 12 12 12 12 12 12  5 12 12 12 12 12 12 12 12 12 12 12 12  5 13  8  4 12 11  9 10 10  5  5  5  5 12 12  8 12  7  5  3  5  2  0  9 11  5  5  5  4  2  5  5  6  6  8  8  8  8 11  8  8  8  8  5  5  5  7  5  8  6  5  5  4  4  5  4  3  5  8  8  8  8  9 11 11 15 16  8  8 
 6 11 11 11 11 11 10 11 11 11 11  6  6  6  6  6 11  6 11  6  6 11 11  6  6 10 10  6  6  6  6 10  6  6  6 10  6  6  6  6  6  6  6  6  6  6  6  6  6  6 10 10  6  6  6  6  6  6  6 10  6  6  6  6  6  6  6  6  6  6  6  6  8 13 12 12  6  7  2  5  5 10 10 10 10  4  4 11  6  8 10 11  9  9  9  0  4 10 10 10 10  9 10 10  8  8 11 11 11 11 13 11 11 11 11 10  9  9  9  8  8  7 10 10 11 11 12 12 11  9 11 11 11 11  1  4  7 10  8 11 11 
 9 13 13 13 13 13  7 13 13 13 13  9  9  9  9  9 13  9 13  9  9 13 13  9  9  7  7  9  9  9  9  7  9  9  9  7  9  9  9  9  9  9  9  9  9  9  9  9  9  9  7  7  9  9  9  9  9  9  9  7  9  9  9  9  9  9  9  9  9  9  9  9  9 14 13 10  9  8  3  6  6  7  7  7  7  3  3 13  9  8 11 13 10 11 11  4  0  7  7  7 12 11  7  7 10 10 13 13 13 13 12 13 13 13 13  7 10 10  9  7  9  5  7  7 10 10 13 10 13 10 13 13 13 13  3  8  8 13 12 13 13 
12  8  8  8  8  8  0  8  8  8  8 12 12 12 12 12  8 12  8 12 12  8  8 12 12  0  0 12 12 12 12  0 12 12 12  0 12 12 12 12 12 12 12 12 12 12 12 12 12 12  0  0 12 12 12 12 12 12 12  0 12 12 12 12 12 12 12 12 12 12 12 12  7 14  8  5 12 10  8  9  9  0  0  0  0 10 10  8 12  4  5  7  6  6  5 10  7  0  0  0  7  6  0  0  4  4  8  8  8  8  9  8  8  8  8  0  6  6  4  5  6  4  0  0  6  5  8  5  7  6  8  8  8  8 10 10  9 16 14  8  8 
12  8  8  8  8  8  0  8  8  8  8 12 12 12 12 12  8 12  8 12 12  8  8 12 12  0  0 12 12 12 12  0 12 12 12  0 12 12 12 12 12 12 12 12 12 12 12 12 12 12  0  0 12 12 12 12 12 12 12  0 12 12 12 12 12 12 12 12 12 12 12 12  7 14  8  5 12 10  8  9  9  0  0  0  0 10 10  8 12  4  5  7  6  6  5 10  7  0  0  0  7  6  0  0  4  4  8  8  8  8  9  8  8  8  8  0  6  6  4  5  6  4  0  0  6  5  8  5  7  6  8  8  8  8 10 10  9 16 14  8  8 
12  8  8  8  8  8  0  8  8  8  8 12 12 12 12 12  8 12  8 12 12  8  8 12 12  0  0 12 12 12 12  0 12 12 12  0 12 12 12 12 12 12 12 12 12 12 12 12 12 12  0  0 12 12 12 12 12 12 12  0 12 12 12 12 12 12 12 12 12 12 12 12  7 14  8  5 12 10  8  9  9  0  0  0  0 10 10  8 12  4  5  7  6  6  5 10  7  0  0  0  7  6  0  0  4  4  8  8  8  8  9  8  8  8  8  0  6  6  4  5  6  4  0  0  6  5  8  5  7  6  8  8  8  8 10 10  9 16 14  8  8 
14 10 10 10 10 10  7 10 10 10 10 14 14 14 14 14 10 14 10 14 14 10 10 14 14  7  7 14 14 14 14  7 14 14 14  7 14 14 14 14 14 14 14 14 14 14 14 14 14 14  7  7 14 14 14 14 14 14 14  7 14 14 14 14 14 14 14 14 14 14 14 14  7 14  8  3 14 11 11 12 12  7  7  7  7 12 12 10 14 10  5  2  7  2  4 10 12  7  7  7  0  2  7  7  6  6 10 10 10 10 10 10 10 10 10  7  7  7 10  7 10  8  7  7  4  4  3  3  2  7 10 10 10 10 10 12 13 15 18 10 10 
12  8  8  8  8  8  6  8  8  8  8 12 12 12 12 12  8 12  8 12 12  8  8 12 12  6  6 12 12 12 12  6 12 12 12  6 12 12 12 12 12 12 12 12 12 12 12 12 12 12  6  6 12 12 12 12 12 12 12  6 12 12 12 12 12 12 12 12 12 12 12 12  5 12  6  3 12  9  9 10 10  6  6  6  6 10 10  8 12  9  5  2  5  0  2  9 11  6  6  6  2  0  6  6  5  5  8  8  8  8 11  8  8  8  8  6  5  5  9  5  8  6  6  6  4  4  3  3  2  5  8  8  8  8  9 11 11 14 16  8  8 
12  8  8  8  8  8  0  8  8  8  8 12 12 12 12 12  8 12  8 12 12  8  8 12 12  0  0 12 12 12 12  0 12 12 12  0 12 12 12 12 12 12 12 12 12 12 12 12 12 12  0  0 12 12 12 12 12 12 12  0 12 12 12 12 12 12 12 12 12 12 12 12  7 14  8  5 12 10  8  9  9  0  0  0  0 10 10  8 12  4  5  7  6  6  5 10  7  0  0  0  7  6  0  0  4  4  8  8  8  8  9  8  8  8  8  0  6  6  4  5  6  4  0  0  6  5  8  5  7  6  8  8  8  8 10 10  9 16 14  8  8 
12  8  8  8  8  8  0  8  8  8  8 12 12 12 12 12  8 12  8 12 12  8  8 12 12  0  0 12 12 12 12  0 12 12 12  0 12 12 12 12 12 12 12 12 12 12 12 12 12 12  0  0 12 12 12 12 12 12 12  0 12 12 12 12 12 12 12 12 12 12 12 12  7 14  8  5 12 10  8  9  9  0  0  0  0 10 10  8 12  4  5  7  6  6  5 10  7  0  0  0  7  6  0  0  4  4  8  8  8  8  9  8  8  8  8  0  6  6  4  5  6  4  0  0  6  5  8  5  7  6  8  8  8  8 10 10  9 16 14  8  8 
10  6  6  6  6  6  4  6  6  6  6 10 10 10 10 10  6 10  6 10 10  6  6 10 10  4  4 10 10 10 10  4 10 10 10  4 10 10 10 10 10 10 10 10 10 10 10 10 10 10  4  4 10 10 10 10 10 10 10  4 10 10 10 10 10 10 10 10 10 10 10 10  5 13  8  6 10  8  8  9  9  4  4  4  4 10 10  6 10  5  6  6  4  5  6  8 10  4  4  4  6  5  4  4  0  0  6  6  6  6 10  6  6  6  6  4  4  4  5  3  7  5  4  4  5  6  8  6  6  4  6  6  6  6  8 10  9 13 14  6  6 
10  6  6  6  6  6  4  6  6  6  6 10 10 10 10 10  6 10  6 10 10  6  6 10 10  4  4 10 10 10 10  4 10 10 10  4 10 10 10 10 10 10 10 10 10 10 10 10 10 10  4  4 10 10 10 10 10 10 10  4 10 10 10 10 10 10 10 10 10 10 10 10  5 13  8  6 10  8  8  9  9  4  4  4  4 10 10  6 10  5  6  6  4  5  6  8 10  4  4  4  6  5  4  4  0  0  6  6  6  6 10  6  6  6  6  4  4  4  5  3  7  5  4  4  5  6  8  6  6  4  6  6  6  6  8 10  9 13 14  6  6 
12  0  0  0  0  0  8  0  0  0  0 12 12 12 12 12  0 12  0 12 12  0  0 12 12  8  8 12 12 12 12  8 12 12 12  8 12 12 12 12 12 12 12 12 12 12 12 12 12 12  8  8 12 12 12 12 12 12 12  8 12 12 12 12 12 12 12 12 12 12 12 12 11 16 10 11 12  5 11  9  9  8  8  8  8 13 13  0 12  6 11  9  6  8  8 11 13  8  8  8 10  8  8  8  6  6  0  0  0  0 11  0  0  0  0  8  6  6  7  8  5  8  8  8 11 10 10 11  9  6  0  0  0  0 11  8  7 13 13  0  0 
12  0  0  0  0  0  8  0  0  0  0 12 12 12 12 12  0 12  0 12 12  0  0 12 12  8  8 12 12 12 12  8 12 12 12  8 12 12 12 12 12 12 12 12 12 12 12 12 12 12  8  8 12 12 12 12 12 12 12  8 12 12 12 12 12 12 12 12 12 12 12 12 11 16 10 11 12  5 11  9  9  8  8  8  8 13 13  0 12  6 11  9  6  8  8 11 13  8  8  8 10  8  8  8  6  6  0  0  0  0 11  0  0  0  0  8  6  6  7  8  5  8  8  8 11 10 10 11  9  6  0  0  0  0 11  8  7 13 13  0  0 
12  0  0  0  0  0  8  0  0  0  0 12 12 12 12 12  0 12  0 12 12  0  0 12 12  8  8 12 12 12 12  8 12 12 12  8 12 12 12 12 12 12 12 12 12 12 12 12 12 12  8  8 12 12 12 12 12 12 12  8 12 12 12 12 12 12 12 12 12 12 12 12 11 16 10 11 12  5 11  9  9  8  8  8  8 13 13  0 12  6 11  9  6  8  8 11 13  8  8  8 10  8  8  8  6  6  0  0  0  0 11  0  0  0  0  8  6  6  7  8  5  8  8  8 11 10 10 11  9  6  0  0  0  0 11  8  7 13 13  0  0 
12  0  0  0  0  0  8  0  0  0  0 12 12 12 12 12  0 12  0 12 12  0  0 12 12  8  8 12 12 12 12  8 12 12 12  8 12 12 12 12 12 12 12 12 12 12 12 12 12 12  8  8 12 12 12 12 12 12 12  8 12 12 12 12 12 12 12 12 12 12 12 12 11 16 10 11 12  5 11  9  9  8  8  8  8 13 13  0 12  6 11  9  6  8  8 11 13  8  8  8 10  8  8  8  6  6  0  0  0  0 11  0  0  0  0  8  6  6  7  8  5  8  8  8 11 10 10 11  9  6  0  0  0  0 11  8  7 13 13  0  0 
10 11 11 11 11 11  9 11 11 11 11 10 10 10 10 10 11 10 11 10 10 11 11 10 10  9  9 10 10 10 10  9 10 10 10  9 10 10 10 10 10 10 10 10 10 10 10 10 10 10  9  9 10 10 10 10 10 10 10  9 10 10 10 10 10 10 10 10 10 10 10 10  9 17 14  8 10 10 11  8  8  9  9  9  9 14 14 11 10  8  8 11 10 11 11 13 12  9  9  9 10 11  9  9 10 10 11 11 11 11  0 11 11 11 11  9 10 10  8 10  6  9  9  9  9  9 11  8 11 10 11 11 11 11 13  9  9 15 13 11 11 
12  0  0  0  0  0  8  0  0  0  0 12 12 12 12 12  0 12  0 12 12  0  0 12 12  8  8 12 12 12 12  8 12 12 12  8 12 12 12 12 12 12 12 12 12 12 12 12 12 12  8  8 12 12 12 12 12 12 12  8 12 12 12 12 12 12 12 12 12 12 12 12 11 16 10 11 12  5 11  9  9  8  8  8  8 13 13  0 12  6 11  9  6  8  8 11 13  8  8  8 10  8  8  8  6  6  0  0  0  0 11  0  0  0  0  8  6  6  7  8  5  8  8  8 11 10 10 11  9  6  0  0  0  0 11  8  7 13 13  0  0 
12  0  0  0  0  0  8  0  0  0  0 12 12 12 12 12  0 12  0 12 12  0  0 12 12  8  8 12 12 12 12  8 12 12 12  8 12 12 12 12 12 12 12 12 12 12 12 12 12 12  8  8 12 12 12 12 12 12 12  8 12 12 12 12 12 12 12 12 12 12 12 12 11 16 10 11 12  5 11  9  9  8  8  8  8 13 13  0 12  6 11  9  6  8  8 11 13  8  8  8 10  8  8  8  6  6  0  0  0  0 11  0  0  0  0  8  6  6  7  8  5  8  8  8 11 10 10 11  9  6  0  0  0  0 11  8  7 13 13  0  0 
12  0  0  0  0  0  8  0  0  0  0 12 12 12 12 12  0 12  0 12 12  0  0 12 12  8  8 12 12 12 12  8 12 12 12  8 12 12 12 12 12 12 12 12 12 12 12 12 12 12  8  8 12 12 12 12 12 12 12  8 12 12 12 12 12 12 12 12 12 12 12 12 11 16 10 11 12  5 11  9  9  8  8  8  8 13 13  0 12  6 11  9  6  8  8 11 13  8  8  8 10  8  8  8  6  6  0  0  0  0 11  0  0  0  0  8  6  6  7  8  5  8  8  8 11 10 10 11  9  6  0  0  0  0 11  8  7 13 13  0  0 
12  0  0  0  0  0  8  0  0  0  0 12 12 12 12 12  0 12  0 12 12  0  0 12 12  8  8 12 12 12 12  8 12 12 12  8 12 12 12 12 12 12 12 12 12 12 12 12 12 12  8  8 12 12 12 12 12 12 12  8 12 12 12 12 12 12 12 12 12 12 12 12 11 16 10 11 12  5 11  9  9  8  8  8  8 13 13  0 12  6 11  9  6  8  8 11 13  8  8  8 10  8  8  8  6  6  0  0  0  0 11  0  0  0  0  8  6  6  7  8  5  8  8  8 11 10 10 11  9  6  0  0  0  0 11  8  7 13 13  0  0 
12  8  8  8  8  8  0  8  8  8  8 12 12 12 12 12  8 12  8 12 12  8  8 12 12  0  0 12 12 12 12  0 12 12 12  0 12 12 12 12 12 12 12 12 12 12 12 12 12 12  0  0 12 12 12 12 12 12 12  0 12 12 12 12 12 12 12 12 12 12 12 12  7 14  8  5 12 10  8  9  9  0  0  0  0 10 10  8 12  4  5  7  6  6  5 10  7  0  0  0  7  6  0  0  4  4  8  8  8  8  9  8  8  8  8  0  6  6  4  5  6  4  0  0  6  5  8  5  7  6  8  8  8  8 10 10  9 16 14  8  8 
12  6  6  6  6  6  6  6  6  6  6 12 12 12 12 12  6 12  6 12 12  6  6 12 12  6  6 12 12 12 12  6 12 12 12  6 12 12 12 12 12 12 12 12 12 12 12 12 12 12  6  6 12 12 12 12 12 12 12  6 12 12 12 12 12 12 12 12 12 12 12 12  5 13  7  8 12  8  9  9  9  6  6  6  6 11 11  6 12  6  9  7  0  5  5  9 10  6  6  6  7  5  6  6  4  4  6  6  6  6 10  6  6  6  6  6  0  0  6  3  7  5  6  6  7  8  8  8  7  0  6  6  6  6  9 11  8 14 13  6  6 
12  6  6  6  6  6  6  6  6  6  6 12 12 12 12 12  6 12  6 12 12  6  6 12 12  6  6 12 12 12 12  6 12 12 12  6 12 12 12 12 12 12 12 12 12 12 12 12 12 12  6  6 12 12 12 12 12 12 12  6 12 12 12 12 12 12 12 12 12 12 12 12  5 13  7  8 12  8  9  9  9  6  6  6  6 11 11  6 12  6  9  7  0  5  5  9 10  6  6  6  7  5  6  6  4  4  6  6  6  6 10  6  6  6  6  6  0  0  6  3  7  5  6  6  7  8  8  8  7  0  6  6  6  6  9 11  8 14 13  6  6 
10  7  7  7  7  7  4  7  7  7  7 10 10 10 10 10  7 10  7 10 10  7  7 10 10  4  4 10 10 10 10  4 10 10 10  4 10 10 10 10 10 10 10 10 10 10 10 10 10 10  4  4 10 10 10 10 10 10 10  4 10 10 10 10 10 10 10 10 10 10 10 10  9 14 10  7 10  9  9  8  8  4  4  4  4 10 10  7 10  1  7  8  6  9  7  9  9  4  4  4 10  9  4  4  5  5  7  7  7  7  8  7  7  7  7  4  6  6  0  4  3  4  4  4  7  7 10  7  8  6  7  7  7  7  9  7  7 14 11  7  7 
 9  8  8  8  8  8  5  8  8  8  8  9  9  9  9  9  8  9  8  9  9  8  8  9  9  5  5  9  9  9  9  5  9  9  9  5  9  9  9  9  9  9  9  9  9  9  9  9  9  9  5  5  9  9  9  9  9  9  9  5  9  9  9  9  9  9  9  9  9  9  9  9  8 13 10  6  9  8  8  8  8  5  5  5  5  8  8  8  9  4  7  7  3  5  5  8  7  5  5  5  7  5  5  5  3  3  8  8  8  8 10  8  8  8  8  5  3  3  4  0  5  2  5  5  6  6  8  6  7  3  8  8  8  8  8  9  6 13 14  8  8 
10  5  5  5  5  5  6  5  5  5  5 10 10 10 10 10  5 10  5 10 10  5  5 10 10  6  6 10 10 10 10  6 10 10 10  6 10 10 10 10 10 10 10 10 10 10 10 10 10 10  6  6 10 10 10 10 10 10 10  6 10 10 10 10 10 10 10 10 10 10 10 10  7 14 11  7 10  8  6  5  5  6  6  6  6  9  9  5 10  3  7  9  7  8  8  8  9  6  6  6 10  8  6  6  7  7  5  5  5  5  6  5  5  5  5  6  7  7  3  5  0  5  6  6  8  6 10  7  9  7  5  5  5  5  7  4  6 12  9  5  5 
10  8  8  8  8  8  4  8  8  8  8 10 10 10 10 10  8 10  8 10 10  8  8 10 10  4  4 10 10 10 10  4 10 10 10  4 10 10 10 10 10 10 10 10 10 10 10 10 10 10  4  4 10 10 10 10 10 10 10  4 10 10 10 10 10 10 10 10 10 10 10 10  8 14  8  7 10  7  6  8  8  4  4  4  4  6  6  8 10  3  7  8  5  6  6  7  5  4  4  4  8  6  4  4  5  5  8  8  8  8  9  8  8  8  8  4  5  5  4  2  5  0  4  4  6  7  9  7  8  5  8  8  8  8  7  9  8 14 12  8  8 
12  8  8  8  8  8  0  8  8  8  8 12 12 12 12 12  8 12  8 12 12  8  8 12 12  0  0 12 12 12 12  0 12 12 12  0 12 12 12 12 12 12 12 12 12 12 12 12 12 12  0  0 12 12 12 12 12 12 12  0 12 12 12 12 12 12 12 12 12 12 12 12  7 14  8  5 12 10  8  9  9  0  0  0  0 10 10  8 12  4  5  7  6  6  5 10  7  0  0  0  7  6  0  0  4  4  8  8  8  8  9  8  8  8  8  0  6  6  4  5  6  4  0  0  6  5  8  5  7  6  8  8  8  8 10 10  9 16 14  8  8 
12  8  8  8  8  8  0  8  8  8  8 12 12 12 12 12  8 12  8 12 12  8  8 12 12  0  0 12 12 12 12  0 12 12 12  0 12 12 12 12 12 12 12 12 12 12 12 12 12 12  0  0 12 12 12 12 12 12 12  0 12 12 12 12 12 12 12 12 12 12 12 12  7 14  8  5 12 10  8  9  9  0  0  0  0 10 10  8 12  4  5  7  6  6  5 10  7  0  0  0  7  6  0  0  4  4  8  8  8  8  9  8  8  8  8  0  6  6  4  5  6  4  0  0  6  5  8  5  7  6  8  8  8  8 10 10  9 16 14  8  8 
15 11 11 11 11 11  6 11 11 11 11 15 15 15 15 15 11 15 11 15 15 11 11 15 15  6  6 15 15 15 15  6 15 15 15  6 15 15 15 15 15 15 15 15 15 15 15 15 15 15  6  6 15 15 15 15 15 15 15  6 15 15 15 15 15 15 15 15 15 15 15 15  8 13  7  3 15 12 11 11 11  6  6  6  6 11 11 11 15  7  3  3  7  4  4 11 10  6  6  6  4  4  6  6  5  5 11 11 11 11  9 11 11 11 11  6  7  7  7  6  8  6  6  6  0  3  6  3  3  7 11 11 11 11 11 12 12 18 16 11 11 
15 10 10 10 10 10  5 10 10 10 10 15 15 15 15 15 10 15 10 15 15 10 10 15 15  5  5 15 15 15 15  5 15 15 15  5 15 15 15 15 15 15 15 15 15 15 15 15 15 15  5  5 15 15 15 15 15 15 15  5 15 15 15 15 15 15 15 15 15 15 15 15  9 10  8  1 15 11 11 10 10  5  5  5  5 11 11 10 15  7  1  4  8  4  4 11 10  5  5  5  4  4  5  5  6  6 10 10 10 10  9 10 10 10 10  5  8  8  7  6  6  7  5  5  3  0  4  1  4  8 10 10 10 10 10 10 10 17 15 10 10 
15 10 10 10 10 10  8 10 10 10 10 15 15 15 15 15 10 15 10 15 15 10 10 15 15  8  8 15 15 15 15  8 15 15 15  8 15 15 15 15 15 15 15 15 15 15 15 15 15 15  8  8 15 15 15 15 15 15 15  8 15 15 15 15 15 15 15 15 15 15 15 15  7 14  8  3 15 12 12 13 13  8  8  8  8 13 13 10 15 11  5  4  8  3  5 12 13  8  8  8  3  3  8  8  8  8 10 10 10 10 11 10 10 10 10  8  8  8 10  8 10  9  8  8  6  4  0  3  4  8 10 10 10 10 12 14 14 17 18 10 10 
15 11 11 11 11 11  5 11 11 11 11 15 15 15 15 15 11 15 11 15 15 11 11 15 15  5  5 15 15 15 15  5 15 15 15  5 15 15 15 15 15 15 15 15 15 15 15 15 15 15  5  5 15 15 15 15 15 15 15  5 15 15 15 15 15 15 15 15 15 15 15 15  8 11  8  0 15 12 12 11 11  5  5  5  5 12 12 11 15  8  2  3  8  3  4 12 10  5  5  5  3  3  5  5  6  6 11 11 11 11  8 11 11 11 11  5  8  8  7  6  7  7  5  5  3  1  3  0  3  8 11 11 11 11 11 11 11 17 15 11 11 
13  9  9  9  9  9  7  9  9  9  9 13 13 13 13 13  9 13  9 13 13  9  9 13 13  7  7 13 13 13 13  7 13 13 13  7 13 13 13 13 13 13 13 13 13 13 13 13 13 13  7  7 13 13 13 13 13 13 13  7 13 13 13 13 13 13 13 13 13 13 13 13  7 14  8  3 13 11 11 12 12  7  7  7  7 12 12  9 13  9  5  0  7  2  3 11 13  7  7  7  2  2  7  7  6  6  9  9  9  9 11  9  9  9  9  7  7  7  8  7  9  8  7  7  3  4  4  3  0  7  9  9  9  9 11 13 13 16 18  9  9 
12  6  6  6  6  6  6  6  6  6  6 12 12 12 12 12  6 12  6 12 12  6  6 12 12  6  6 12 12 12 12  6 12 12 12  6 12 12 12 12 12 12 12 12 12 12 12 12 12 12  6  6 12 12 12 12 12 12 12  6 12 12 12 12 12 12 12 12 12 12 12 12  5 13  7  8 12  8  9  9  9  6  6  6  6 11 11  6 12  6  9  7  0  5  5  9 10  6  6  6  7  5  6  6  4  4  6  6  6  6 10  6  6  6  6  6  0  0  6  3  7  5  6  6  7  8  8  8  7  0  6  6  6  6  9 11  8 14 13  6  6 
12  0  0  0  0  0  8  0  0  0  0 12 12 12 12 12  0 12  0 12 12  0  0 12 12  8  8 12 12 12 12  8 12 12 12  8 12 12 12 12 12 12 12 12 12 12 12 12 12 12  8  8 12 12 12 12 12 12 12  8 12 12 12 12 12 12 12 12 12 12 12 12 11 16 10 11 12  5 11  9  9  8  8  8  8 13 13  0 12  6 11  9  6  8  8 11 13  8  8  8 10  8  8  8  6  6  0  0  0  0 11  0  0  0  0  8  6  6  7  8  5  8  8  8 11 10 10 11  9  6  0  0  0  0 11  8  7 13 13  0  0 
12  0  0  0  0  0  8  0  0  0  0 12 12 12 12 12  0 12  0 12 12  0  0 12 12  8  8 12 12 12 12  8 12 12 12  8 12 12 12 12 12 12 12 12 12 12 12 12 12 12  8  8 12 12 12 12 12 12 12  8 12 12 12 12 12 12 12 12 12 12 12 12 11 16 10 11 12  5 11  9  9  8  8  8  8 13 13  0 12  6 11  9  6  8  8 11 13  8  8  8 10  8  8  8  6  6  0  0  0  0 11  0  0  0  0  8  6  6  7  8  5  8  8  8 11 10 10 11  9  6  0  0  0  0 11  8  7 13 13  0  0 
12  0  0  0  0  0  8  0  0  0  0 12 12 12 12 12  0 12  0 12 12  0  0 12 12  8  8 12 12 12 12  8 12 12 12  8 12 12 12 12 12 12 12 12 12 12 12 12 12 12  8  8 12 12 12 12 12 12 12  8 12 12 12 12 12 12 12 12 12 12 12 12 11 16 10 11 12  5 11  9  9  8  8  8  8 13 13  0 12  6 11  9  6  8  8 11 13  8  8  8 10  8  8  8  6  6  0  0  0  0 11  0  0  0  0  8  6  6  7  8  5  8  8  8 11 10 10 11  9  6  0  0  0  0 11  8  7 13 13  0  0 
12  0  0  0  0  0  8  0  0  0  0 12 12 12 12 12  0 12  0 12 12  0  0 12 12  8  8 12 12 12 12  8 12 12 12  8 12 12 12 12 12 12 12 12 12 12 12 12 12 12  8  8 12 12 12 12 12 12 12  8 12 12 12 12 12 12 12 12 12 12 12 12 11 16 10 11 12  5 11  9  9  8  8  8  8 13 13  0 12  6 11  9  6  8  8 11 13  8  8  8 10  8  8  8  6  6  0  0  0  0 11  0  0  0  0  8  6  6  7  8  5  8  8  8 11 10 10 11  9  6  0  0  0  0 11  8  7 13 13  0  0 
 7 11 11 11 11 11 10 11 11 11 11  7  7  7  7  7 11  7 11  7  7 11 11  7  7 10 10  7  7  7  7 10  7  7  7 10  7  7  7  7  7  7  7  7  7  7  7  7  7  7 10 10  7  7  7  7  7  7  7 10  7  7  7  7  7  7  7  7  7  7  7  7  8 13 12 11  7  7  3  6  6 10 10 10 10  3  3 11  7  8 11 11  9  9  9  1  3 10 10 10 10  9 10 10  8  8 11 11 11 11 13 11 11 11 11 10  9  9  9  8  7  7 10 10 11 10 12 11 11  9 11 11 11 11  0  5  8 11  9 11 11 
 6  8  8  8  8  8 10  8  8  8  8  6  6  6  6  6  8  6  8  6  6  8  8  6  6 10 10  6  6  6  6 10  6  6  6 10  6  6  6  6  6  6  6  6  6  6  6  6  6  6 10 10  6  6  6  6  6  6  6 10  6  6  6  6  6  6  6  6  6  6  6  6 10 15 14 11  6  4  5  3  3 10 10 10 10  8  8  8  6  7 10 13 11 11 11  4  8 10 10 10 12 11 10 10 10 10  8  8  8  8  9  8  8  8  8 10 11 11  7  9  4  9 10 10 12 10 14 11 13 11  8  8  8  8  5  0  5  8  8  8  8 
 6  7  7  7  7  7  9  7  7  7  7  6  6  6  6  6  7  6  7  6  6  7  7  6  6  9  9  6  6  6  6  9  6  6  6  9  6  6  6  6  6  6  6  6  6  6  6  6  6  6  9  9  6  6  6  6  6  6  6  9  6  6  6  6  6  6  6  6  6  6  6  6 10 16 12 11  6  2  5  2  2  9  9  9  9  8  8  7  6  7 11 13  8 11 11  7  8  9  9  9 13 11  9  9  9  9  7  7  7  7  9  7  7  7  7  9  8  8  7  6  6  8  9  9 12 10 14 11 13  8  7  7  7  7  8  5  0 10  9  7  7 
 6 13 13 13 13 13 16 13 13 13 13  6  6  6  6  6 13  6 13  6  6 13 13  6  6 16 16  6  6  6  6 16  6  6  6 16  6  6  6  6  6  6  6  6  6  6  6  6  6  6 16 16  6  6  6  6  6  6  6 16  6  6  6  6  6  6  6  6  6  6  6  6 18 20 14 17  6  8 10 10 10 16 16 16 16 12 12 13  6 13 18 16 14 14 15 10 13 16 16 16 15 14 16 16 13 13 13 13 13 13 15 13 13 13 13 16 14 14 14 13 12 14 16 16 18 17 17 17 16 14 13 13 13 13 11  8 10  0  7 13 13 
 8 13 13 13 13 13 14 13 13 13 13  8  8  8  8  8 13  8 13  8  8 13 13  8  8 14 14  8  8  8  8 14  8  8  8 14  8  8  8  8  8  8  8  8  8  8  8  8  8  8 14 14  8  8  8  8  8  8  8 14  8  8  8  8  8  8  8  8  8  8  8  8 15 19 14 15  8  9 10  9  9 14 14 14 14 11 11 13  8 11 15 18 13 16 16  8 12 14 14 14 18 16 14 14 14 14 13 13 13 13 13 13 13 13 13 14 13 13 11 14  9 12 14 14 16 15 18 15 18 13 13 13 13 13  9  8  9  7  0 13 13 
12  0  0  0  0  0  8  0  0  0  0 12 12 12 12 12  0 12  0 12 12  0  0 12 12  8  8 12 12 12 12  8 12 12 12  8 12 12 12 12 12 12 12 12 12 12 12 12 12 12  8  8 12 12 12 12 12 12 12  8 12 12 12 12 12 12 12 12 12 12 12 12 11 16 10 11 12  5 11  9  9  8  8  8  8 13 13  0 12  6 11  9  6  8  8 11 13  8  8  8 10  8  8  8  6  6  0  0  0  0 11  0  0  0  0  8  6  6  7  8  5  8  8  8 11 10 10 11  9  6  0  0  0  0 11  8  7 13 13  0  0 
12  0  0  0  0  0  8  0  0  0  0 12 12 12 12 12  0 12  0 12 12  0  0 12 12  8  8 12 12 12 12  8 12 12 12  8 12 12 12 12 12 12 12 12 12 12 12 12 12 12  8  8 12 12 12 12 12 12 12  8 12 12 12 12 12 12 12 12 12 12 12 12 11 16 10 11 12  5 11  9  9  8  8  8  8 13 13  0 12  6 11  9  6  8  8 11 13  8  8  8 10  8  8  8  6  6  0  0  0  0 11  0  0  0  0  8  6  6  7  8  5  8  8  8 11 10 10 11  9  6  0  0  0  0 11  8  7 13 13  0  0 
