Instance Date: 20090214

VehicleNumber---RequestNumber---MaxTravelTime---DisinfectionTime
    3              75               90             30

VehicleCapacity---VehicleLunchReadyTime---VehicleLunchDueTime---VehicleLunchDuration
    13                    870                    930                     60

LocationID---StaffDemand---SeatDemand---ReadyTime---DueTime---ServiceTime
    0            0              0          450        1230         0
    1            2            1.5          480         710         8
    2            2            1.5          480         710         8
    3            2              1          480        1200         8
    4            2              1          480        1200         8
    5            2              3          480        1200         8
    6            3              3          480         750         8
    7            2              1          510         710         8
    8            3              3          480        1200         8
    9            2              1          480        1200         8
   10            2              3          480        1200         8
   11            3              3          480        1200         8
   12            3              3          480        1200         8
   13            2              1          750        1200         8
   14            2              3          750        1200         8
   15            2              1          480        1200         8
   16            2              1          540         700         8
   17            2              3          480         750         8
   18            2              1          480         750         8
   19            2              1          480        1200         8
   20            2              1          750        1200         8
   21            3              1          750        1200         8
   22            2              1          480        1200         8
   23            2              1          480        1200         8
   24            3              3          480        1200         8
   25            2              1          700         850         8
   26            2              3          663         813         8
   27            3              3          480         750         8
   28            2              1          750        1200         8
   29            2              1          480        1200         8
   30            2              1          801         921         8
   31            2              1          480         750         8
   32            2              1          480        1200         8
   33            2              1          960        1080         8
   34            2              3          757         877         8
   35            3              3          480         750         8
   36            2              3          480        1200         8
   37            2              3          681         801         8
   38            2              3          480        1200         8
   39            2              3          774         924         8
   40            2              1          750        1200         8
   41            2              1          960        1080         8
   42            2              3          480        1200         8
   43            2              3          750        1200         8
   44            2              1          826         976         8
   45            2              3          480        1200         8
   46            3              3          480         750         8
   47            3              3          480        1200         8
   48            3              3          898        1018         8
   49            2              1          870         990         8
   50            2              1          812         932         8
   51            2              3          480        1200         8
   52            2              3          750        1200         8
   53            2              3          480        1200         8
   54            2              1          750        1200         8
   55            2              1          750        1200         8
   56            2            1.5          750        1200         8
   57            2              1          750        1200         8
   58            2              1          480        1200         8
   59            2            1.5          874         994         8
   60            2            1.5          874         994         8
   61            2              3          751         901         8
   62            2              3          480        1200         8
   63            2              1          750        1200         8
   64            2              1          480        1200         8
   65            3              3          970        1090         8
   66            2              3          913        1063         8
   67            2              1          817         967         8
   68            2              1          750        1200         8
   69            2              1          480        1200         8
   70            2              1          480        1200         8
   71            2              1          750        1200         8
   72            2              1          750        1200         8
   73            2              1          480        1200         8
   74            2              1          480        1200         8
   75            2              1          750        1200         8
   76            2           -1.5          465         740         3
   77            2           -1.5          495         740         3
   78            2             -1          480        1200        10
   79            2             -1          480        1200        10
   80            2             -3          480        1200        10
   81            3             -3          480         750        10
   82            2             -1          510         740         3
   83            3             -3          480        1200        10
   84            2             -1          480        1200        10
   85            2             -3          480        1200        10
   86            3             -3          480        1200         3
   87            3             -3          480        1200        10
   88            2             -1          750        1200        10
   89            2             -3          750        1200        10
   90            2             -1          480        1200        10
   91            2             -1          540         730         3
   92            2             -3          480         750         3
   93            2             -1          480         750        10
   94            2             -1          480        1200        10
   95            2             -1          750        1200        10
   96            3             -1          750        1200         3
   97            2             -1          480        1200        10
   98            2             -1          480        1200        10
   99            3             -3          480        1200        10
  100            2             -1          700         880         3
  101            2             -3          663         843         3
  102            3             -3          480         750        10
  103            2             -1          750        1200        10
  104            2             -1          480        1200        10
  105            2             -1          801         941        10
  106            2             -1          480         750         3
  107            2             -1          480        1200         3
  108            2             -1          960        1100        10
  109            2             -3          757         897        10
  110            3             -3          480         750         3
  111            2             -3          480        1200        10
  112            2             -3          681         831        10
  113            2             -3          480        1200         3
  114            2             -3          774         954         3
  115            2             -1          750        1200        10
  116            2             -1          960        1100        10
  117            2             -3          480        1200         3
  118            2             -3          750        1200         3
  119            2             -1          826        1006         3
  120            2             -3          480        1200        10
  121            3             -3          480         750        10
  122            3             -3          480        1200         9
  123            3             -3          898        1038        10
  124            2             -1          870        1010        10
  125            2             -1          812         952        10
  126            2             -3          480        1200        10
  127            2             -3          750        1200         3
  128            2             -3          480        1200        10
  129            2             -1          750        1200        10
  130            2             -1          750        1200        10
  131            2           -1.5          750        1200        10
  132            2             -1          750        1200        10
  133            2             -1          480        1200        10
  134            2           -1.5          874        1014         3
  135            2           -1.5          874        1014         3
  136            2             -3          751         931         3
  137            2             -3          480        1200         3
  138            2             -1          750        1200        10
  139            2             -1          480        1200        10
  140            3             -3          970        1110        10
  141            2             -3          913        1093         3
  142            2             -1          817         997         3
  143            2             -1          750        1200         3
  144            2             -1          480        1200         3
  145            2             -1          480        1200         3
  146            2             -1          750        1200        10
  147            2             -1          750        1200        10
  148            2             -1          480        1200        10
  149            2             -1          480        1200        10
  150            2             -1          750        1200        10

Travel Time Between Locations
 0 11 11 11 11  0  0 12 11 11 11 11 11 11 11 11  0  0 12 11 11 11 11  0 11  0  0  0 11 11  0  0  0 12  0  0  0  0  0  0  0 12  0  0  0  0  0  0  0  0  0  0  0  0  0  0  0  0  0  0  0  0  0  0  0  0  0  0  0  0  0  0  0  0 11 11  0  0 17 16 10 10  0  6  4 14 14 12  8  9 10 12 12 11 12  9  8 12  6  5 11 11 13 13 14  9 12 12 14  9  4 13 13 12 12  9  7 11 11 11  5  7  9  9  7  5 10 12  5 15 13 11  8  8 11 11 11 11 18  9  6 11 11 11 11 11 13  7  7 18 15 
11  0  0  0  0 11 11  8  0  0  0  0  0  0  0  0 11 11  8  0  0  0  0 11  0 11 11 11  0  0 11 11 11  8 11 11 11 11 11 11 11  8 11 11 11 11 11 11 11 11 11 11 11 11 11 11 11 11 11 11 11 11 11 11 11 11 11 11 11 11 11 11 11 11  0  0 11 11 15 14  6  6 11 10 12  9 10 12  9 12  6  8  8 10  6 13 10  6 14  6  0  0 11 11 10  8  8  8 11  7  8  9 11  8  8 13  8  0  0  0  9 10  4  4  9  9  6  8  6 11  9  7  9 11  0  0  0  0 14  7 10  0  0  0  0  0  9  9  8 15 11 
11  0  0  0  0 11 11  8  0  0  0  0  0  0  0  0 11 11  8  0  0  0  0 11  0 11 11 11  0  0 11 11 11  8 11 11 11 11 11 11 11  8 11 11 11 11 11 11 11 11 11 11 11 11 11 11 11 11 11 11 11 11 11 11 11 11 11 11 11 11 11 11 11 11  0  0 11 11 15 14  6  6 11 10 12  9 10 12  9 12  6  8  8 10  6 13 10  6 14  6  0  0 11 11 10  8  8  8 11  7  8  9 11  8  8 13  8  0  0  0  9 10  4  4  9  9  6  8  6 11  9  7  9 11  0  0  0  0 14  7 10  0  0  0  0  0  9  9  8 15 11 
11  0  0  0  0 11 11  8  0  0  0  0  0  0  0  0 11 11  8  0  0  0  0 11  0 11 11 11  0  0 11 11 11  8 11 11 11 11 11 11 11  8 11 11 11 11 11 11 11 11 11 11 11 11 11 11 11 11 11 11 11 11 11 11 11 11 11 11 11 11 11 11 11 11  0  0 11 11 15 14  6  6 11 10 12  9 10 12  9 12  6  8  8 10  6 13 10  6 14  6  0  0 11 11 10  8  8  8 11  7  8  9 11  8  8 13  8  0  0  0  9 10  4  4  9  9  6  8  6 11  9  7  9 11  0  0  0  0 14  7 10  0  0  0  0  0  9  9  8 15 11 
11  0  0  0  0 11 11  8  0  0  0  0  0  0  0  0 11 11  8  0  0  0  0 11  0 11 11 11  0  0 11 11 11  8 11 11 11 11 11 11 11  8 11 11 11 11 11 11 11 11 11 11 11 11 11 11 11 11 11 11 11 11 11 11 11 11 11 11 11 11 11 11 11 11  0  0 11 11 15 14  6  6 11 10 12  9 10 12  9 12  6  8  8 10  6 13 10  6 14  6  0  0 11 11 10  8  8  8 11  7  8  9 11  8  8 13  8  0  0  0  9 10  4  4  9  9  6  8  6 11  9  7  9 11  0  0  0  0 14  7 10  0  0  0  0  0  9  9  8 15 11 
 0 11 11 11 11  0  0 12 11 11 11 11 11 11 11 11  0  0 12 11 11 11 11  0 11  0  0  0 11 11  0  0  0 12  0  0  0  0  0  0  0 12  0  0  0  0  0  0  0  0  0  0  0  0  0  0  0  0  0  0  0  0  0  0  0  0  0  0  0  0  0  0  0  0 11 11  0  0 17 16 10 10  0  6  4 14 14 12  8  9 10 12 12 11 12  9  8 12  6  5 11 11 13 13 14  9 12 12 14  9  4 13 13 12 12  9  7 11 11 11  5  7  9  9  7  5 10 12  5 15 13 11  8  8 11 11 11 11 18  9  6 11 11 11 11 11 13  7  7 18 15 
 0 11 11 11 11  0  0 12 11 11 11 11 11 11 11 11  0  0 12 11 11 11 11  0 11  0  0  0 11 11  0  0  0 12  0  0  0  0  0  0  0 12  0  0  0  0  0  0  0  0  0  0  0  0  0  0  0  0  0  0  0  0  0  0  0  0  0  0  0  0  0  0  0  0 11 11  0  0 17 16 10 10  0  6  4 14 14 12  8  9 10 12 12 11 12  9  8 12  6  5 11 11 13 13 14  9 12 12 14  9  4 13 13 12 12  9  7 11 11 11  5  7  9  9  7  5 10 12  5 15 13 11  8  8 11 11 11 11 18  9  6 11 11 11 11 11 13  7  7 18 15 
12  8  8  8  8 12 12  0  8  8  8  8  8  8  8  8 12 12  0  8  8  8  8 12  8 12 12 12  8  8 12 12 12  0 12 12 12 12 12 12 12  0 12 12 12 12 12 12 12 12 12 12 12 12 12 12 12 12 12 12 12 12 12 12 12 12 12 12 12 12 12 12 12 12  8  8 12 12 14 12  4  3 12 10 10  7 10 10  8  7  4  0  0  6  6 10  8  6 16  9  8  8  6  7  6  5  0  0 10  7 11  8  6  0  0 10  7  8  8  8 11 12  8  8  9 12  4  0  9  7  7  3  8  9  8  8  8  8 14  7  9  8  8  8  8  8  8  8  9 10  8 
11  0  0  0  0 11 11  8  0  0  0  0  0  0  0  0 11 11  8  0  0  0  0 11  0 11 11 11  0  0 11 11 11  8 11 11 11 11 11 11 11  8 11 11 11 11 11 11 11 11 11 11 11 11 11 11 11 11 11 11 11 11 11 11 11 11 11 11 11 11 11 11 11 11  0  0 11 11 15 14  6  6 11 10 12  9 10 12  9 12  6  8  8 10  6 13 10  6 14  6  0  0 11 11 10  8  8  8 11  7  8  9 11  8  8 13  8  0  0  0  9 10  4  4  9  9  6  8  6 11  9  7  9 11  0  0  0  0 14  7 10  0  0  0  0  0  9  9  8 15 11 
11  0  0  0  0 11 11  8  0  0  0  0  0  0  0  0 11 11  8  0  0  0  0 11  0 11 11 11  0  0 11 11 11  8 11 11 11 11 11 11 11  8 11 11 11 11 11 11 11 11 11 11 11 11 11 11 11 11 11 11 11 11 11 11 11 11 11 11 11 11 11 11 11 11  0  0 11 11 15 14  6  6 11 10 12  9 10 12  9 12  6  8  8 10  6 13 10  6 14  6  0  0 11 11 10  8  8  8 11  7  8  9 11  8  8 13  8  0  0  0  9 10  4  4  9  9  6  8  6 11  9  7  9 11  0  0  0  0 14  7 10  0  0  0  0  0  9  9  8 15 11 
11  0  0  0  0 11 11  8  0  0  0  0  0  0  0  0 11 11  8  0  0  0  0 11  0 11 11 11  0  0 11 11 11  8 11 11 11 11 11 11 11  8 11 11 11 11 11 11 11 11 11 11 11 11 11 11 11 11 11 11 11 11 11 11 11 11 11 11 11 11 11 11 11 11  0  0 11 11 15 14  6  6 11 10 12  9 10 12  9 12  6  8  8 10  6 13 10  6 14  6  0  0 11 11 10  8  8  8 11  7  8  9 11  8  8 13  8  0  0  0  9 10  4  4  9  9  6  8  6 11  9  7  9 11  0  0  0  0 14  7 10  0  0  0  0  0  9  9  8 15 11 
11  0  0  0  0 11 11  8  0  0  0  0  0  0  0  0 11 11  8  0  0  0  0 11  0 11 11 11  0  0 11 11 11  8 11 11 11 11 11 11 11  8 11 11 11 11 11 11 11 11 11 11 11 11 11 11 11 11 11 11 11 11 11 11 11 11 11 11 11 11 11 11 11 11  0  0 11 11 15 14  6  6 11 10 12  9 10 12  9 12  6  8  8 10  6 13 10  6 14  6  0  0 11 11 10  8  8  8 11  7  8  9 11  8  8 13  8  0  0  0  9 10  4  4  9  9  6  8  6 11  9  7  9 11  0  0  0  0 14  7 10  0  0  0  0  0  9  9  8 15 11 
11  0  0  0  0 11 11  8  0  0  0  0  0  0  0  0 11 11  8  0  0  0  0 11  0 11 11 11  0  0 11 11 11  8 11 11 11 11 11 11 11  8 11 11 11 11 11 11 11 11 11 11 11 11 11 11 11 11 11 11 11 11 11 11 11 11 11 11 11 11 11 11 11 11  0  0 11 11 15 14  6  6 11 10 12  9 10 12  9 12  6  8  8 10  6 13 10  6 14  6  0  0 11 11 10  8  8  8 11  7  8  9 11  8  8 13  8  0  0  0  9 10  4  4  9  9  6  8  6 11  9  7  9 11  0  0  0  0 14  7 10  0  0  0  0  0  9  9  8 15 11 
11  0  0  0  0 11 11  8  0  0  0  0  0  0  0  0 11 11  8  0  0  0  0 11  0 11 11 11  0  0 11 11 11  8 11 11 11 11 11 11 11  8 11 11 11 11 11 11 11 11 11 11 11 11 11 11 11 11 11 11 11 11 11 11 11 11 11 11 11 11 11 11 11 11  0  0 11 11 15 14  6  6 11 10 12  9 10 12  9 12  6  8  8 10  6 13 10  6 14  6  0  0 11 11 10  8  8  8 11  7  8  9 11  8  8 13  8  0  0  0  9 10  4  4  9  9  6  8  6 11  9  7  9 11  0  0  0  0 14  7 10  0  0  0  0  0  9  9  8 15 11 
11  0  0  0  0 11 11  8  0  0  0  0  0  0  0  0 11 11  8  0  0  0  0 11  0 11 11 11  0  0 11 11 11  8 11 11 11 11 11 11 11  8 11 11 11 11 11 11 11 11 11 11 11 11 11 11 11 11 11 11 11 11 11 11 11 11 11 11 11 11 11 11 11 11  0  0 11 11 15 14  6  6 11 10 12  9 10 12  9 12  6  8  8 10  6 13 10  6 14  6  0  0 11 11 10  8  8  8 11  7  8  9 11  8  8 13  8  0  0  0  9 10  4  4  9  9  6  8  6 11  9  7  9 11  0  0  0  0 14  7 10  0  0  0  0  0  9  9  8 15 11 
11  0  0  0  0 11 11  8  0  0  0  0  0  0  0  0 11 11  8  0  0  0  0 11  0 11 11 11  0  0 11 11 11  8 11 11 11 11 11 11 11  8 11 11 11 11 11 11 11 11 11 11 11 11 11 11 11 11 11 11 11 11 11 11 11 11 11 11 11 11 11 11 11 11  0  0 11 11 15 14  6  6 11 10 12  9 10 12  9 12  6  8  8 10  6 13 10  6 14  6  0  0 11 11 10  8  8  8 11  7  8  9 11  8  8 13  8  0  0  0  9 10  4  4  9  9  6  8  6 11  9  7  9 11  0  0  0  0 14  7 10  0  0  0  0  0  9  9  8 15 11 
 0 11 11 11 11  0  0 12 11 11 11 11 11 11 11 11  0  0 12 11 11 11 11  0 11  0  0  0 11 11  0  0  0 12  0  0  0  0  0  0  0 12  0  0  0  0  0  0  0  0  0  0  0  0  0  0  0  0  0  0  0  0  0  0  0  0  0  0  0  0  0  0  0  0 11 11  0  0 17 16 10 10  0  6  4 14 14 12  8  9 10 12 12 11 12  9  8 12  6  5 11 11 13 13 14  9 12 12 14  9  4 13 13 12 12  9  7 11 11 11  5  7  9  9  7  5 10 12  5 15 13 11  8  8 11 11 11 11 18  9  6 11 11 11 11 11 13  7  7 18 15 
 0 11 11 11 11  0  0 12 11 11 11 11 11 11 11 11  0  0 12 11 11 11 11  0 11  0  0  0 11 11  0  0  0 12  0  0  0  0  0  0  0 12  0  0  0  0  0  0  0  0  0  0  0  0  0  0  0  0  0  0  0  0  0  0  0  0  0  0  0  0  0  0  0  0 11 11  0  0 17 16 10 10  0  6  4 14 14 12  8  9 10 12 12 11 12  9  8 12  6  5 11 11 13 13 14  9 12 12 14  9  4 13 13 12 12  9  7 11 11 11  5  7  9  9  7  5 10 12  5 15 13 11  8  8 11 11 11 11 18  9  6 11 11 11 11 11 13  7  7 18 15 
12  8  8  8  8 12 12  0  8  8  8  8  8  8  8  8 12 12  0  8  8  8  8 12  8 12 12 12  8  8 12 12 12  0 12 12 12 12 12 12 12  0 12 12 12 12 12 12 12 12 12 12 12 12 12 12 12 12 12 12 12 12 12 12 12 12 12 12 12 12 12 12 12 12  8  8 12 12 14 12  4  3 12 10 10  7 10 10  8  7  4  0  0  6  6 10  8  6 16  9  8  8  6  7  6  5  0  0 10  7 11  8  6  0  0 10  7  8  8  8 11 12  8  8  9 12  4  0  9  7  7  3  8  9  8  8  8  8 14  7  9  8  8  8  8  8  8  8  9 10  8 
11  0  0  0  0 11 11  8  0  0  0  0  0  0  0  0 11 11  8  0  0  0  0 11  0 11 11 11  0  0 11 11 11  8 11 11 11 11 11 11 11  8 11 11 11 11 11 11 11 11 11 11 11 11 11 11 11 11 11 11 11 11 11 11 11 11 11 11 11 11 11 11 11 11  0  0 11 11 15 14  6  6 11 10 12  9 10 12  9 12  6  8  8 10  6 13 10  6 14  6  0  0 11 11 10  8  8  8 11  7  8  9 11  8  8 13  8  0  0  0  9 10  4  4  9  9  6  8  6 11  9  7  9 11  0  0  0  0 14  7 10  0  0  0  0  0  9  9  8 15 11 
11  0  0  0  0 11 11  8  0  0  0  0  0  0  0  0 11 11  8  0  0  0  0 11  0 11 11 11  0  0 11 11 11  8 11 11 11 11 11 11 11  8 11 11 11 11 11 11 11 11 11 11 11 11 11 11 11 11 11 11 11 11 11 11 11 11 11 11 11 11 11 11 11 11  0  0 11 11 15 14  6  6 11 10 12  9 10 12  9 12  6  8  8 10  6 13 10  6 14  6  0  0 11 11 10  8  8  8 11  7  8  9 11  8  8 13  8  0  0  0  9 10  4  4  9  9  6  8  6 11  9  7  9 11  0  0  0  0 14  7 10  0  0  0  0  0  9  9  8 15 11 
11  0  0  0  0 11 11  8  0  0  0  0  0  0  0  0 11 11  8  0  0  0  0 11  0 11 11 11  0  0 11 11 11  8 11 11 11 11 11 11 11  8 11 11 11 11 11 11 11 11 11 11 11 11 11 11 11 11 11 11 11 11 11 11 11 11 11 11 11 11 11 11 11 11  0  0 11 11 15 14  6  6 11 10 12  9 10 12  9 12  6  8  8 10  6 13 10  6 14  6  0  0 11 11 10  8  8  8 11  7  8  9 11  8  8 13  8  0  0  0  9 10  4  4  9  9  6  8  6 11  9  7  9 11  0  0  0  0 14  7 10  0  0  0  0  0  9  9  8 15 11 
11  0  0  0  0 11 11  8  0  0  0  0  0  0  0  0 11 11  8  0  0  0  0 11  0 11 11 11  0  0 11 11 11  8 11 11 11 11 11 11 11  8 11 11 11 11 11 11 11 11 11 11 11 11 11 11 11 11 11 11 11 11 11 11 11 11 11 11 11 11 11 11 11 11  0  0 11 11 15 14  6  6 11 10 12  9 10 12  9 12  6  8  8 10  6 13 10  6 14  6  0  0 11 11 10  8  8  8 11  7  8  9 11  8  8 13  8  0  0  0  9 10  4  4  9  9  6  8  6 11  9  7  9 11  0  0  0  0 14  7 10  0  0  0  0  0  9  9  8 15 11 
 0 11 11 11 11  0  0 12 11 11 11 11 11 11 11 11  0  0 12 11 11 11 11  0 11  0  0  0 11 11  0  0  0 12  0  0  0  0  0  0  0 12  0  0  0  0  0  0  0  0  0  0  0  0  0  0  0  0  0  0  0  0  0  0  0  0  0  0  0  0  0  0  0  0 11 11  0  0 17 16 10 10  0  6  4 14 14 12  8  9 10 12 12 11 12  9  8 12  6  5 11 11 13 13 14  9 12 12 14  9  4 13 13 12 12  9  7 11 11 11  5  7  9  9  7  5 10 12  5 15 13 11  8  8 11 11 11 11 18  9  6 11 11 11 11 11 13  7  7 18 15 
11  0  0  0  0 11 11  8  0  0  0  0  0  0  0  0 11 11  8  0  0  0  0 11  0 11 11 11  0  0 11 11 11  8 11 11 11 11 11 11 11  8 11 11 11 11 11 11 11 11 11 11 11 11 11 11 11 11 11 11 11 11 11 11 11 11 11 11 11 11 11 11 11 11  0  0 11 11 15 14  6  6 11 10 12  9 10 12  9 12  6  8  8 10  6 13 10  6 14  6  0  0 11 11 10  8  8  8 11  7  8  9 11  8  8 13  8  0  0  0  9 10  4  4  9  9  6  8  6 11  9  7  9 11  0  0  0  0 14  7 10  0  0  0  0  0  9  9  8 15 11 
 0 11 11 11 11  0  0 12 11 11 11 11 11 11 11 11  0  0 12 11 11 11 11  0 11  0  0  0 11 11  0  0  0 12  0  0  0  0  0  0  0 12  0  0  0  0  0  0  0  0  0  0  0  0  0  0  0  0  0  0  0  0  0  0  0  0  0  0  0  0  0  0  0  0 11 11  0  0 17 16 10 10  0  6  4 14 14 12  8  9 10 12 12 11 12  9  8 12  6  5 11 11 13 13 14  9 12 12 14  9  4 13 13 12 12  9  7 11 11 11  5  7  9  9  7  5 10 12  5 15 13 11  8  8 11 11 11 11 18  9  6 11 11 11 11 11 13  7  7 18 15 
 0 11 11 11 11  0  0 12 11 11 11 11 11 11 11 11  0  0 12 11 11 11 11  0 11  0  0  0 11 11  0  0  0 12  0  0  0  0  0  0  0 12  0  0  0  0  0  0  0  0  0  0  0  0  0  0  0  0  0  0  0  0  0  0  0  0  0  0  0  0  0  0  0  0 11 11  0  0 17 16 10 10  0  6  4 14 14 12  8  9 10 12 12 11 12  9  8 12  6  5 11 11 13 13 14  9 12 12 14  9  4 13 13 12 12  9  7 11 11 11  5  7  9  9  7  5 10 12  5 15 13 11  8  8 11 11 11 11 18  9  6 11 11 11 11 11 13  7  7 18 15 
 0 11 11 11 11  0  0 12 11 11 11 11 11 11 11 11  0  0 12 11 11 11 11  0 11  0  0  0 11 11  0  0  0 12  0  0  0  0  0  0  0 12  0  0  0  0  0  0  0  0  0  0  0  0  0  0  0  0  0  0  0  0  0  0  0  0  0  0  0  0  0  0  0  0 11 11  0  0 17 16 10 10  0  6  4 14 14 12  8  9 10 12 12 11 12  9  8 12  6  5 11 11 13 13 14  9 12 12 14  9  4 13 13 12 12  9  7 11 11 11  5  7  9  9  7  5 10 12  5 15 13 11  8  8 11 11 11 11 18  9  6 11 11 11 11 11 13  7  7 18 15 
11  0  0  0  0 11 11  8  0  0  0  0  0  0  0  0 11 11  8  0  0  0  0 11  0 11 11 11  0  0 11 11 11  8 11 11 11 11 11 11 11  8 11 11 11 11 11 11 11 11 11 11 11 11 11 11 11 11 11 11 11 11 11 11 11 11 11 11 11 11 11 11 11 11  0  0 11 11 15 14  6  6 11 10 12  9 10 12  9 12  6  8  8 10  6 13 10  6 14  6  0  0 11 11 10  8  8  8 11  7  8  9 11  8  8 13  8  0  0  0  9 10  4  4  9  9  6  8  6 11  9  7  9 11  0  0  0  0 14  7 10  0  0  0  0  0  9  9  8 15 11 
11  0  0  0  0 11 11  8  0  0  0  0  0  0  0  0 11 11  8  0  0  0  0 11  0 11 11 11  0  0 11 11 11  8 11 11 11 11 11 11 11  8 11 11 11 11 11 11 11 11 11 11 11 11 11 11 11 11 11 11 11 11 11 11 11 11 11 11 11 11 11 11 11 11  0  0 11 11 15 14  6  6 11 10 12  9 10 12  9 12  6  8  8 10  6 13 10  6 14  6  0  0 11 11 10  8  8  8 11  7  8  9 11  8  8 13  8  0  0  0  9 10  4  4  9  9  6  8  6 11  9  7  9 11  0  0  0  0 14  7 10  0  0  0  0  0  9  9  8 15 11 
 0 11 11 11 11  0  0 12 11 11 11 11 11 11 11 11  0  0 12 11 11 11 11  0 11  0  0  0 11 11  0  0  0 12  0  0  0  0  0  0  0 12  0  0  0  0  0  0  0  0  0  0  0  0  0  0  0  0  0  0  0  0  0  0  0  0  0  0  0  0  0  0  0  0 11 11  0  0 17 16 10 10  0  6  4 14 14 12  8  9 10 12 12 11 12  9  8 12  6  5 11 11 13 13 14  9 12 12 14  9  4 13 13 12 12  9  7 11 11 11  5  7  9  9  7  5 10 12  5 15 13 11  8  8 11 11 11 11 18  9  6 11 11 11 11 11 13  7  7 18 15 
 0 11 11 11 11  0  0 12 11 11 11 11 11 11 11 11  0  0 12 11 11 11 11  0 11  0  0  0 11 11  0  0  0 12  0  0  0  0  0  0  0 12  0  0  0  0  0  0  0  0  0  0  0  0  0  0  0  0  0  0  0  0  0  0  0  0  0  0  0  0  0  0  0  0 11 11  0  0 17 16 10 10  0  6  4 14 14 12  8  9 10 12 12 11 12  9  8 12  6  5 11 11 13 13 14  9 12 12 14  9  4 13 13 12 12  9  7 11 11 11  5  7  9  9  7  5 10 12  5 15 13 11  8  8 11 11 11 11 18  9  6 11 11 11 11 11 13  7  7 18 15 
 0 11 11 11 11  0  0 12 11 11 11 11 11 11 11 11  0  0 12 11 11 11 11  0 11  0  0  0 11 11  0  0  0 12  0  0  0  0  0  0  0 12  0  0  0  0  0  0  0  0  0  0  0  0  0  0  0  0  0  0  0  0  0  0  0  0  0  0  0  0  0  0  0  0 11 11  0  0 17 16 10 10  0  6  4 14 14 12  8  9 10 12 12 11 12  9  8 12  6  5 11 11 13 13 14  9 12 12 14  9  4 13 13 12 12  9  7 11 11 11  5  7  9  9  7  5 10 12  5 15 13 11  8  8 11 11 11 11 18  9  6 11 11 11 11 11 13  7  7 18 15 
12  8  8  8  8 12 12  0  8  8  8  8  8  8  8  8 12 12  0  8  8  8  8 12  8 12 12 12  8  8 12 12 12  0 12 12 12 12 12 12 12  0 12 12 12 12 12 12 12 12 12 12 12 12 12 12 12 12 12 12 12 12 12 12 12 12 12 12 12 12 12 12 12 12  8  8 12 12 14 12  4  3 12 10 10  7 10 10  8  7  4  0  0  6  6 10  8  6 16  9  8  8  6  7  6  5  0  0 10  7 11  8  6  0  0 10  7  8  8  8 11 12  8  8  9 12  4  0  9  7  7  3  8  9  8  8  8  8 14  7  9  8  8  8  8  8  8  8  9 10  8 
 0 11 11 11 11  0  0 12 11 11 11 11 11 11 11 11  0  0 12 11 11 11 11  0 11  0  0  0 11 11  0  0  0 12  0  0  0  0  0  0  0 12  0  0  0  0  0  0  0  0  0  0  0  0  0  0  0  0  0  0  0  0  0  0  0  0  0  0  0  0  0  0  0  0 11 11  0  0 17 16 10 10  0  6  4 14 14 12  8  9 10 12 12 11 12  9  8 12  6  5 11 11 13 13 14  9 12 12 14  9  4 13 13 12 12  9  7 11 11 11  5  7  9  9  7  5 10 12  5 15 13 11  8  8 11 11 11 11 18  9  6 11 11 11 11 11 13  7  7 18 15 
 0 11 11 11 11  0  0 12 11 11 11 11 11 11 11 11  0  0 12 11 11 11 11  0 11  0  0  0 11 11  0  0  0 12  0  0  0  0  0  0  0 12  0  0  0  0  0  0  0  0  0  0  0  0  0  0  0  0  0  0  0  0  0  0  0  0  0  0  0  0  0  0  0  0 11 11  0  0 17 16 10 10  0  6  4 14 14 12  8  9 10 12 12 11 12  9  8 12  6  5 11 11 13 13 14  9 12 12 14  9  4 13 13 12 12  9  7 11 11 11  5  7  9  9  7  5 10 12  5 15 13 11  8  8 11 11 11 11 18  9  6 11 11 11 11 11 13  7  7 18 15 
 0 11 11 11 11  0  0 12 11 11 11 11 11 11 11 11  0  0 12 11 11 11 11  0 11  0  0  0 11 11  0  0  0 12  0  0  0  0  0  0  0 12  0  0  0  0  0  0  0  0  0  0  0  0  0  0  0  0  0  0  0  0  0  0  0  0  0  0  0  0  0  0  0  0 11 11  0  0 17 16 10 10  0  6  4 14 14 12  8  9 10 12 12 11 12  9  8 12  6  5 11 11 13 13 14  9 12 12 14  9  4 13 13 12 12  9  7 11 11 11  5  7  9  9  7  5 10 12  5 15 13 11  8  8 11 11 11 11 18  9  6 11 11 11 11 11 13  7  7 18 15 
 0 11 11 11 11  0  0 12 11 11 11 11 11 11 11 11  0  0 12 11 11 11 11  0 11  0  0  0 11 11  0  0  0 12  0  0  0  0  0  0  0 12  0  0  0  0  0  0  0  0  0  0  0  0  0  0  0  0  0  0  0  0  0  0  0  0  0  0  0  0  0  0  0  0 11 11  0  0 17 16 10 10  0  6  4 14 14 12  8  9 10 12 12 11 12  9  8 12  6  5 11 11 13 13 14  9 12 12 14  9  4 13 13 12 12  9  7 11 11 11  5  7  9  9  7  5 10 12  5 15 13 11  8  8 11 11 11 11 18  9  6 11 11 11 11 11 13  7  7 18 15 
 0 11 11 11 11  0  0 12 11 11 11 11 11 11 11 11  0  0 12 11 11 11 11  0 11  0  0  0 11 11  0  0  0 12  0  0  0  0  0  0  0 12  0  0  0  0  0  0  0  0  0  0  0  0  0  0  0  0  0  0  0  0  0  0  0  0  0  0  0  0  0  0  0  0 11 11  0  0 17 16 10 10  0  6  4 14 14 12  8  9 10 12 12 11 12  9  8 12  6  5 11 11 13 13 14  9 12 12 14  9  4 13 13 12 12  9  7 11 11 11  5  7  9  9  7  5 10 12  5 15 13 11  8  8 11 11 11 11 18  9  6 11 11 11 11 11 13  7  7 18 15 
 0 11 11 11 11  0  0 12 11 11 11 11 11 11 11 11  0  0 12 11 11 11 11  0 11  0  0  0 11 11  0  0  0 12  0  0  0  0  0  0  0 12  0  0  0  0  0  0  0  0  0  0  0  0  0  0  0  0  0  0  0  0  0  0  0  0  0  0  0  0  0  0  0  0 11 11  0  0 17 16 10 10  0  6  4 14 14 12  8  9 10 12 12 11 12  9  8 12  6  5 11 11 13 13 14  9 12 12 14  9  4 13 13 12 12  9  7 11 11 11  5  7  9  9  7  5 10 12  5 15 13 11  8  8 11 11 11 11 18  9  6 11 11 11 11 11 13  7  7 18 15 
 0 11 11 11 11  0  0 12 11 11 11 11 11 11 11 11  0  0 12 11 11 11 11  0 11  0  0  0 11 11  0  0  0 12  0  0  0  0  0  0  0 12  0  0  0  0  0  0  0  0  0  0  0  0  0  0  0  0  0  0  0  0  0  0  0  0  0  0  0  0  0  0  0  0 11 11  0  0 17 16 10 10  0  6  4 14 14 12  8  9 10 12 12 11 12  9  8 12  6  5 11 11 13 13 14  9 12 12 14  9  4 13 13 12 12  9  7 11 11 11  5  7  9  9  7  5 10 12  5 15 13 11  8  8 11 11 11 11 18  9  6 11 11 11 11 11 13  7  7 18 15 
12  8  8  8  8 12 12  0  8  8  8  8  8  8  8  8 12 12  0  8  8  8  8 12  8 12 12 12  8  8 12 12 12  0 12 12 12 12 12 12 12  0 12 12 12 12 12 12 12 12 12 12 12 12 12 12 12 12 12 12 12 12 12 12 12 12 12 12 12 12 12 12 12 12  8  8 12 12 14 12  4  3 12 10 10  7 10 10  8  7  4  0  0  6  6 10  8  6 16  9  8  8  6  7  6  5  0  0 10  7 11  8  6  0  0 10  7  8  8  8 11 12  8  8  9 12  4  0  9  7  7  3  8  9  8  8  8  8 14  7  9  8  8  8  8  8  8  8  9 10  8 
 0 11 11 11 11  0  0 12 11 11 11 11 11 11 11 11  0  0 12 11 11 11 11  0 11  0  0  0 11 11  0  0  0 12  0  0  0  0  0  0  0 12  0  0  0  0  0  0  0  0  0  0  0  0  0  0  0  0  0  0  0  0  0  0  0  0  0  0  0  0  0  0  0  0 11 11  0  0 17 16 10 10  0  6  4 14 14 12  8  9 10 12 12 11 12  9  8 12  6  5 11 11 13 13 14  9 12 12 14  9  4 13 13 12 12  9  7 11 11 11  5  7  9  9  7  5 10 12  5 15 13 11  8  8 11 11 11 11 18  9  6 11 11 11 11 11 13  7  7 18 15 
 0 11 11 11 11  0  0 12 11 11 11 11 11 11 11 11  0  0 12 11 11 11 11  0 11  0  0  0 11 11  0  0  0 12  0  0  0  0  0  0  0 12  0  0  0  0  0  0  0  0  0  0  0  0  0  0  0  0  0  0  0  0  0  0  0  0  0  0  0  0  0  0  0  0 11 11  0  0 17 16 10 10  0  6  4 14 14 12  8  9 10 12 12 11 12  9  8 12  6  5 11 11 13 13 14  9 12 12 14  9  4 13 13 12 12  9  7 11 11 11  5  7  9  9  7  5 10 12  5 15 13 11  8  8 11 11 11 11 18  9  6 11 11 11 11 11 13  7  7 18 15 
 0 11 11 11 11  0  0 12 11 11 11 11 11 11 11 11  0  0 12 11 11 11 11  0 11  0  0  0 11 11  0  0  0 12  0  0  0  0  0  0  0 12  0  0  0  0  0  0  0  0  0  0  0  0  0  0  0  0  0  0  0  0  0  0  0  0  0  0  0  0  0  0  0  0 11 11  0  0 17 16 10 10  0  6  4 14 14 12  8  9 10 12 12 11 12  9  8 12  6  5 11 11 13 13 14  9 12 12 14  9  4 13 13 12 12  9  7 11 11 11  5  7  9  9  7  5 10 12  5 15 13 11  8  8 11 11 11 11 18  9  6 11 11 11 11 11 13  7  7 18 15 
 0 11 11 11 11  0  0 12 11 11 11 11 11 11 11 11  0  0 12 11 11 11 11  0 11  0  0  0 11 11  0  0  0 12  0  0  0  0  0  0  0 12  0  0  0  0  0  0  0  0  0  0  0  0  0  0  0  0  0  0  0  0  0  0  0  0  0  0  0  0  0  0  0  0 11 11  0  0 17 16 10 10  0  6  4 14 14 12  8  9 10 12 12 11 12  9  8 12  6  5 11 11 13 13 14  9 12 12 14  9  4 13 13 12 12  9  7 11 11 11  5  7  9  9  7  5 10 12  5 15 13 11  8  8 11 11 11 11 18  9  6 11 11 11 11 11 13  7  7 18 15 
 0 11 11 11 11  0  0 12 11 11 11 11 11 11 11 11  0  0 12 11 11 11 11  0 11  0  0  0 11 11  0  0  0 12  0  0  0  0  0  0  0 12  0  0  0  0  0  0  0  0  0  0  0  0  0  0  0  0  0  0  0  0  0  0  0  0  0  0  0  0  0  0  0  0 11 11  0  0 17 16 10 10  0  6  4 14 14 12  8  9 10 12 12 11 12  9  8 12  6  5 11 11 13 13 14  9 12 12 14  9  4 13 13 12 12  9  7 11 11 11  5  7  9  9  7  5 10 12  5 15 13 11  8  8 11 11 11 11 18  9  6 11 11 11 11 11 13  7  7 18 15 
 0 11 11 11 11  0  0 12 11 11 11 11 11 11 11 11  0  0 12 11 11 11 11  0 11  0  0  0 11 11  0  0  0 12  0  0  0  0  0  0  0 12  0  0  0  0  0  0  0  0  0  0  0  0  0  0  0  0  0  0  0  0  0  0  0  0  0  0  0  0  0  0  0  0 11 11  0  0 17 16 10 10  0  6  4 14 14 12  8  9 10 12 12 11 12  9  8 12  6  5 11 11 13 13 14  9 12 12 14  9  4 13 13 12 12  9  7 11 11 11  5  7  9  9  7  5 10 12  5 15 13 11  8  8 11 11 11 11 18  9  6 11 11 11 11 11 13  7  7 18 15 
 0 11 11 11 11  0  0 12 11 11 11 11 11 11 11 11  0  0 12 11 11 11 11  0 11  0  0  0 11 11  0  0  0 12  0  0  0  0  0  0  0 12  0  0  0  0  0  0  0  0  0  0  0  0  0  0  0  0  0  0  0  0  0  0  0  0  0  0  0  0  0  0  0  0 11 11  0  0 17 16 10 10  0  6  4 14 14 12  8  9 10 12 12 11 12  9  8 12  6  5 11 11 13 13 14  9 12 12 14  9  4 13 13 12 12  9  7 11 11 11  5  7  9  9  7  5 10 12  5 15 13 11  8  8 11 11 11 11 18  9  6 11 11 11 11 11 13  7  7 18 15 
 0 11 11 11 11  0  0 12 11 11 11 11 11 11 11 11  0  0 12 11 11 11 11  0 11  0  0  0 11 11  0  0  0 12  0  0  0  0  0  0  0 12  0  0  0  0  0  0  0  0  0  0  0  0  0  0  0  0  0  0  0  0  0  0  0  0  0  0  0  0  0  0  0  0 11 11  0  0 17 16 10 10  0  6  4 14 14 12  8  9 10 12 12 11 12  9  8 12  6  5 11 11 13 13 14  9 12 12 14  9  4 13 13 12 12  9  7 11 11 11  5  7  9  9  7  5 10 12  5 15 13 11  8  8 11 11 11 11 18  9  6 11 11 11 11 11 13  7  7 18 15 
 0 11 11 11 11  0  0 12 11 11 11 11 11 11 11 11  0  0 12 11 11 11 11  0 11  0  0  0 11 11  0  0  0 12  0  0  0  0  0  0  0 12  0  0  0  0  0  0  0  0  0  0  0  0  0  0  0  0  0  0  0  0  0  0  0  0  0  0  0  0  0  0  0  0 11 11  0  0 17 16 10 10  0  6  4 14 14 12  8  9 10 12 12 11 12  9  8 12  6  5 11 11 13 13 14  9 12 12 14  9  4 13 13 12 12  9  7 11 11 11  5  7  9  9  7  5 10 12  5 15 13 11  8  8 11 11 11 11 18  9  6 11 11 11 11 11 13  7  7 18 15 
 0 11 11 11 11  0  0 12 11 11 11 11 11 11 11 11  0  0 12 11 11 11 11  0 11  0  0  0 11 11  0  0  0 12  0  0  0  0  0  0  0 12  0  0  0  0  0  0  0  0  0  0  0  0  0  0  0  0  0  0  0  0  0  0  0  0  0  0  0  0  0  0  0  0 11 11  0  0 17 16 10 10  0  6  4 14 14 12  8  9 10 12 12 11 12  9  8 12  6  5 11 11 13 13 14  9 12 12 14  9  4 13 13 12 12  9  7 11 11 11  5  7  9  9  7  5 10 12  5 15 13 11  8  8 11 11 11 11 18  9  6 11 11 11 11 11 13  7  7 18 15 
 0 11 11 11 11  0  0 12 11 11 11 11 11 11 11 11  0  0 12 11 11 11 11  0 11  0  0  0 11 11  0  0  0 12  0  0  0  0  0  0  0 12  0  0  0  0  0  0  0  0  0  0  0  0  0  0  0  0  0  0  0  0  0  0  0  0  0  0  0  0  0  0  0  0 11 11  0  0 17 16 10 10  0  6  4 14 14 12  8  9 10 12 12 11 12  9  8 12  6  5 11 11 13 13 14  9 12 12 14  9  4 13 13 12 12  9  7 11 11 11  5  7  9  9  7  5 10 12  5 15 13 11  8  8 11 11 11 11 18  9  6 11 11 11 11 11 13  7  7 18 15 
 0 11 11 11 11  0  0 12 11 11 11 11 11 11 11 11  0  0 12 11 11 11 11  0 11  0  0  0 11 11  0  0  0 12  0  0  0  0  0  0  0 12  0  0  0  0  0  0  0  0  0  0  0  0  0  0  0  0  0  0  0  0  0  0  0  0  0  0  0  0  0  0  0  0 11 11  0  0 17 16 10 10  0  6  4 14 14 12  8  9 10 12 12 11 12  9  8 12  6  5 11 11 13 13 14  9 12 12 14  9  4 13 13 12 12  9  7 11 11 11  5  7  9  9  7  5 10 12  5 15 13 11  8  8 11 11 11 11 18  9  6 11 11 11 11 11 13  7  7 18 15 
 0 11 11 11 11  0  0 12 11 11 11 11 11 11 11 11  0  0 12 11 11 11 11  0 11  0  0  0 11 11  0  0  0 12  0  0  0  0  0  0  0 12  0  0  0  0  0  0  0  0  0  0  0  0  0  0  0  0  0  0  0  0  0  0  0  0  0  0  0  0  0  0  0  0 11 11  0  0 17 16 10 10  0  6  4 14 14 12  8  9 10 12 12 11 12  9  8 12  6  5 11 11 13 13 14  9 12 12 14  9  4 13 13 12 12  9  7 11 11 11  5  7  9  9  7  5 10 12  5 15 13 11  8  8 11 11 11 11 18  9  6 11 11 11 11 11 13  7  7 18 15 
 0 11 11 11 11  0  0 12 11 11 11 11 11 11 11 11  0  0 12 11 11 11 11  0 11  0  0  0 11 11  0  0  0 12  0  0  0  0  0  0  0 12  0  0  0  0  0  0  0  0  0  0  0  0  0  0  0  0  0  0  0  0  0  0  0  0  0  0  0  0  0  0  0  0 11 11  0  0 17 16 10 10  0  6  4 14 14 12  8  9 10 12 12 11 12  9  8 12  6  5 11 11 13 13 14  9 12 12 14  9  4 13 13 12 12  9  7 11 11 11  5  7  9  9  7  5 10 12  5 15 13 11  8  8 11 11 11 11 18  9  6 11 11 11 11 11 13  7  7 18 15 
 0 11 11 11 11  0  0 12 11 11 11 11 11 11 11 11  0  0 12 11 11 11 11  0 11  0  0  0 11 11  0  0  0 12  0  0  0  0  0  0  0 12  0  0  0  0  0  0  0  0  0  0  0  0  0  0  0  0  0  0  0  0  0  0  0  0  0  0  0  0  0  0  0  0 11 11  0  0 17 16 10 10  0  6  4 14 14 12  8  9 10 12 12 11 12  9  8 12  6  5 11 11 13 13 14  9 12 12 14  9  4 13 13 12 12  9  7 11 11 11  5  7  9  9  7  5 10 12  5 15 13 11  8  8 11 11 11 11 18  9  6 11 11 11 11 11 13  7  7 18 15 
 0 11 11 11 11  0  0 12 11 11 11 11 11 11 11 11  0  0 12 11 11 11 11  0 11  0  0  0 11 11  0  0  0 12  0  0  0  0  0  0  0 12  0  0  0  0  0  0  0  0  0  0  0  0  0  0  0  0  0  0  0  0  0  0  0  0  0  0  0  0  0  0  0  0 11 11  0  0 17 16 10 10  0  6  4 14 14 12  8  9 10 12 12 11 12  9  8 12  6  5 11 11 13 13 14  9 12 12 14  9  4 13 13 12 12  9  7 11 11 11  5  7  9  9  7  5 10 12  5 15 13 11  8  8 11 11 11 11 18  9  6 11 11 11 11 11 13  7  7 18 15 
 0 11 11 11 11  0  0 12 11 11 11 11 11 11 11 11  0  0 12 11 11 11 11  0 11  0  0  0 11 11  0  0  0 12  0  0  0  0  0  0  0 12  0  0  0  0  0  0  0  0  0  0  0  0  0  0  0  0  0  0  0  0  0  0  0  0  0  0  0  0  0  0  0  0 11 11  0  0 17 16 10 10  0  6  4 14 14 12  8  9 10 12 12 11 12  9  8 12  6  5 11 11 13 13 14  9 12 12 14  9  4 13 13 12 12  9  7 11 11 11  5  7  9  9  7  5 10 12  5 15 13 11  8  8 11 11 11 11 18  9  6 11 11 11 11 11 13  7  7 18 15 
 0 11 11 11 11  0  0 12 11 11 11 11 11 11 11 11  0  0 12 11 11 11 11  0 11  0  0  0 11 11  0  0  0 12  0  0  0  0  0  0  0 12  0  0  0  0  0  0  0  0  0  0  0  0  0  0  0  0  0  0  0  0  0  0  0  0  0  0  0  0  0  0  0  0 11 11  0  0 17 16 10 10  0  6  4 14 14 12  8  9 10 12 12 11 12  9  8 12  6  5 11 11 13 13 14  9 12 12 14  9  4 13 13 12 12  9  7 11 11 11  5  7  9  9  7  5 10 12  5 15 13 11  8  8 11 11 11 11 18  9  6 11 11 11 11 11 13  7  7 18 15 
 0 11 11 11 11  0  0 12 11 11 11 11 11 11 11 11  0  0 12 11 11 11 11  0 11  0  0  0 11 11  0  0  0 12  0  0  0  0  0  0  0 12  0  0  0  0  0  0  0  0  0  0  0  0  0  0  0  0  0  0  0  0  0  0  0  0  0  0  0  0  0  0  0  0 11 11  0  0 17 16 10 10  0  6  4 14 14 12  8  9 10 12 12 11 12  9  8 12  6  5 11 11 13 13 14  9 12 12 14  9  4 13 13 12 12  9  7 11 11 11  5  7  9  9  7  5 10 12  5 15 13 11  8  8 11 11 11 11 18  9  6 11 11 11 11 11 13  7  7 18 15 
 0 11 11 11 11  0  0 12 11 11 11 11 11 11 11 11  0  0 12 11 11 11 11  0 11  0  0  0 11 11  0  0  0 12  0  0  0  0  0  0  0 12  0  0  0  0  0  0  0  0  0  0  0  0  0  0  0  0  0  0  0  0  0  0  0  0  0  0  0  0  0  0  0  0 11 11  0  0 17 16 10 10  0  6  4 14 14 12  8  9 10 12 12 11 12  9  8 12  6  5 11 11 13 13 14  9 12 12 14  9  4 13 13 12 12  9  7 11 11 11  5  7  9  9  7  5 10 12  5 15 13 11  8  8 11 11 11 11 18  9  6 11 11 11 11 11 13  7  7 18 15 
 0 11 11 11 11  0  0 12 11 11 11 11 11 11 11 11  0  0 12 11 11 11 11  0 11  0  0  0 11 11  0  0  0 12  0  0  0  0  0  0  0 12  0  0  0  0  0  0  0  0  0  0  0  0  0  0  0  0  0  0  0  0  0  0  0  0  0  0  0  0  0  0  0  0 11 11  0  0 17 16 10 10  0  6  4 14 14 12  8  9 10 12 12 11 12  9  8 12  6  5 11 11 13 13 14  9 12 12 14  9  4 13 13 12 12  9  7 11 11 11  5  7  9  9  7  5 10 12  5 15 13 11  8  8 11 11 11 11 18  9  6 11 11 11 11 11 13  7  7 18 15 
 0 11 11 11 11  0  0 12 11 11 11 11 11 11 11 11  0  0 12 11 11 11 11  0 11  0  0  0 11 11  0  0  0 12  0  0  0  0  0  0  0 12  0  0  0  0  0  0  0  0  0  0  0  0  0  0  0  0  0  0  0  0  0  0  0  0  0  0  0  0  0  0  0  0 11 11  0  0 17 16 10 10  0  6  4 14 14 12  8  9 10 12 12 11 12  9  8 12  6  5 11 11 13 13 14  9 12 12 14  9  4 13 13 12 12  9  7 11 11 11  5  7  9  9  7  5 10 12  5 15 13 11  8  8 11 11 11 11 18  9  6 11 11 11 11 11 13  7  7 18 15 
 0 11 11 11 11  0  0 12 11 11 11 11 11 11 11 11  0  0 12 11 11 11 11  0 11  0  0  0 11 11  0  0  0 12  0  0  0  0  0  0  0 12  0  0  0  0  0  0  0  0  0  0  0  0  0  0  0  0  0  0  0  0  0  0  0  0  0  0  0  0  0  0  0  0 11 11  0  0 17 16 10 10  0  6  4 14 14 12  8  9 10 12 12 11 12  9  8 12  6  5 11 11 13 13 14  9 12 12 14  9  4 13 13 12 12  9  7 11 11 11  5  7  9  9  7  5 10 12  5 15 13 11  8  8 11 11 11 11 18  9  6 11 11 11 11 11 13  7  7 18 15 
 0 11 11 11 11  0  0 12 11 11 11 11 11 11 11 11  0  0 12 11 11 11 11  0 11  0  0  0 11 11  0  0  0 12  0  0  0  0  0  0  0 12  0  0  0  0  0  0  0  0  0  0  0  0  0  0  0  0  0  0  0  0  0  0  0  0  0  0  0  0  0  0  0  0 11 11  0  0 17 16 10 10  0  6  4 14 14 12  8  9 10 12 12 11 12  9  8 12  6  5 11 11 13 13 14  9 12 12 14  9  4 13 13 12 12  9  7 11 11 11  5  7  9  9  7  5 10 12  5 15 13 11  8  8 11 11 11 11 18  9  6 11 11 11 11 11 13  7  7 18 15 
 0 11 11 11 11  0  0 12 11 11 11 11 11 11 11 11  0  0 12 11 11 11 11  0 11  0  0  0 11 11  0  0  0 12  0  0  0  0  0  0  0 12  0  0  0  0  0  0  0  0  0  0  0  0  0  0  0  0  0  0  0  0  0  0  0  0  0  0  0  0  0  0  0  0 11 11  0  0 17 16 10 10  0  6  4 14 14 12  8  9 10 12 12 11 12  9  8 12  6  5 11 11 13 13 14  9 12 12 14  9  4 13 13 12 12  9  7 11 11 11  5  7  9  9  7  5 10 12  5 15 13 11  8  8 11 11 11 11 18  9  6 11 11 11 11 11 13  7  7 18 15 
 0 11 11 11 11  0  0 12 11 11 11 11 11 11 11 11  0  0 12 11 11 11 11  0 11  0  0  0 11 11  0  0  0 12  0  0  0  0  0  0  0 12  0  0  0  0  0  0  0  0  0  0  0  0  0  0  0  0  0  0  0  0  0  0  0  0  0  0  0  0  0  0  0  0 11 11  0  0 17 16 10 10  0  6  4 14 14 12  8  9 10 12 12 11 12  9  8 12  6  5 11 11 13 13 14  9 12 12 14  9  4 13 13 12 12  9  7 11 11 11  5  7  9  9  7  5 10 12  5 15 13 11  8  8 11 11 11 11 18  9  6 11 11 11 11 11 13  7  7 18 15 
 0 11 11 11 11  0  0 12 11 11 11 11 11 11 11 11  0  0 12 11 11 11 11  0 11  0  0  0 11 11  0  0  0 12  0  0  0  0  0  0  0 12  0  0  0  0  0  0  0  0  0  0  0  0  0  0  0  0  0  0  0  0  0  0  0  0  0  0  0  0  0  0  0  0 11 11  0  0 17 16 10 10  0  6  4 14 14 12  8  9 10 12 12 11 12  9  8 12  6  5 11 11 13 13 14  9 12 12 14  9  4 13 13 12 12  9  7 11 11 11  5  7  9  9  7  5 10 12  5 15 13 11  8  8 11 11 11 11 18  9  6 11 11 11 11 11 13  7  7 18 15 
 0 11 11 11 11  0  0 12 11 11 11 11 11 11 11 11  0  0 12 11 11 11 11  0 11  0  0  0 11 11  0  0  0 12  0  0  0  0  0  0  0 12  0  0  0  0  0  0  0  0  0  0  0  0  0  0  0  0  0  0  0  0  0  0  0  0  0  0  0  0  0  0  0  0 11 11  0  0 17 16 10 10  0  6  4 14 14 12  8  9 10 12 12 11 12  9  8 12  6  5 11 11 13 13 14  9 12 12 14  9  4 13 13 12 12  9  7 11 11 11  5  7  9  9  7  5 10 12  5 15 13 11  8  8 11 11 11 11 18  9  6 11 11 11 11 11 13  7  7 18 15 
 0 11 11 11 11  0  0 12 11 11 11 11 11 11 11 11  0  0 12 11 11 11 11  0 11  0  0  0 11 11  0  0  0 12  0  0  0  0  0  0  0 12  0  0  0  0  0  0  0  0  0  0  0  0  0  0  0  0  0  0  0  0  0  0  0  0  0  0  0  0  0  0  0  0 11 11  0  0 17 16 10 10  0  6  4 14 14 12  8  9 10 12 12 11 12  9  8 12  6  5 11 11 13 13 14  9 12 12 14  9  4 13 13 12 12  9  7 11 11 11  5  7  9  9  7  5 10 12  5 15 13 11  8  8 11 11 11 11 18  9  6 11 11 11 11 11 13  7  7 18 15 
 0 11 11 11 11  0  0 12 11 11 11 11 11 11 11 11  0  0 12 11 11 11 11  0 11  0  0  0 11 11  0  0  0 12  0  0  0  0  0  0  0 12  0  0  0  0  0  0  0  0  0  0  0  0  0  0  0  0  0  0  0  0  0  0  0  0  0  0  0  0  0  0  0  0 11 11  0  0 17 16 10 10  0  6  4 14 14 12  8  9 10 12 12 11 12  9  8 12  6  5 11 11 13 13 14  9 12 12 14  9  4 13 13 12 12  9  7 11 11 11  5  7  9  9  7  5 10 12  5 15 13 11  8  8 11 11 11 11 18  9  6 11 11 11 11 11 13  7  7 18 15 
 0 11 11 11 11  0  0 12 11 11 11 11 11 11 11 11  0  0 12 11 11 11 11  0 11  0  0  0 11 11  0  0  0 12  0  0  0  0  0  0  0 12  0  0  0  0  0  0  0  0  0  0  0  0  0  0  0  0  0  0  0  0  0  0  0  0  0  0  0  0  0  0  0  0 11 11  0  0 17 16 10 10  0  6  4 14 14 12  8  9 10 12 12 11 12  9  8 12  6  5 11 11 13 13 14  9 12 12 14  9  4 13 13 12 12  9  7 11 11 11  5  7  9  9  7  5 10 12  5 15 13 11  8  8 11 11 11 11 18  9  6 11 11 11 11 11 13  7  7 18 15 
 0 11 11 11 11  0  0 12 11 11 11 11 11 11 11 11  0  0 12 11 11 11 11  0 11  0  0  0 11 11  0  0  0 12  0  0  0  0  0  0  0 12  0  0  0  0  0  0  0  0  0  0  0  0  0  0  0  0  0  0  0  0  0  0  0  0  0  0  0  0  0  0  0  0 11 11  0  0 17 16 10 10  0  6  4 14 14 12  8  9 10 12 12 11 12  9  8 12  6  5 11 11 13 13 14  9 12 12 14  9  4 13 13 12 12  9  7 11 11 11  5  7  9  9  7  5 10 12  5 15 13 11  8  8 11 11 11 11 18  9  6 11 11 11 11 11 13  7  7 18 15 
11  0  0  0  0 11 11  8  0  0  0  0  0  0  0  0 11 11  8  0  0  0  0 11  0 11 11 11  0  0 11 11 11  8 11 11 11 11 11 11 11  8 11 11 11 11 11 11 11 11 11 11 11 11 11 11 11 11 11 11 11 11 11 11 11 11 11 11 11 11 11 11 11 11  0  0 11 11 15 14  6  6 11 10 12  9 10 12  9 12  6  8  8 10  6 13 10  6 14  6  0  0 11 11 10  8  8  8 11  7  8  9 11  8  8 13  8  0  0  0  9 10  4  4  9  9  6  8  6 11  9  7  9 11  0  0  0  0 14  7 10  0  0  0  0  0  9  9  8 15 11 
11  0  0  0  0 11 11  8  0  0  0  0  0  0  0  0 11 11  8  0  0  0  0 11  0 11 11 11  0  0 11 11 11  8 11 11 11 11 11 11 11  8 11 11 11 11 11 11 11 11 11 11 11 11 11 11 11 11 11 11 11 11 11 11 11 11 11 11 11 11 11 11 11 11  0  0 11 11 15 14  6  6 11 10 12  9 10 12  9 12  6  8  8 10  6 13 10  6 14  6  0  0 11 11 10  8  8  8 11  7  8  9 11  8  8 13  8  0  0  0  9 10  4  4  9  9  6  8  6 11  9  7  9 11  0  0  0  0 14  7 10  0  0  0  0  0  9  9  8 15 11 
 0 11 11 11 11  0  0 12 11 11 11 11 11 11 11 11  0  0 12 11 11 11 11  0 11  0  0  0 11 11  0  0  0 12  0  0  0  0  0  0  0 12  0  0  0  0  0  0  0  0  0  0  0  0  0  0  0  0  0  0  0  0  0  0  0  0  0  0  0  0  0  0  0  0 11 11  0  0 17 16 10 10  0  6  4 14 14 12  8  9 10 12 12 11 12  9  8 12  6  5 11 11 13 13 14  9 12 12 14  9  4 13 13 12 12  9  7 11 11 11  5  7  9  9  7  5 10 12  5 15 13 11  8  8 11 11 11 11 18  9  6 11 11 11 11 11 13  7  7 18 15 
 0 11 11 11 11  0  0 12 11 11 11 11 11 11 11 11  0  0 12 11 11 11 11  0 11  0  0  0 11 11  0  0  0 12  0  0  0  0  0  0  0 12  0  0  0  0  0  0  0  0  0  0  0  0  0  0  0  0  0  0  0  0  0  0  0  0  0  0  0  0  0  0  0  0 11 11  0  0 17 16 10 10  0  6  4 14 14 12  8  9 10 12 12 11 12  9  8 12  6  5 11 11 13 13 14  9 12 12 14  9  4 13 13 12 12  9  7 11 11 11  5  7  9  9  7  5 10 12  5 15 13 11  8  8 11 11 11 11 18  9  6 11 11 11 11 11 13  7  7 18 15 
17 15 15 15 15 17 17 14 15 15 15 15 15 15 15 15 17 17 14 15 15 15 15 17 15 17 17 17 15 15 17 17 17 14 17 17 17 17 17 17 17 14 17 17 17 17 17 17 17 17 17 17 17 17 17 17 17 17 17 17 17 17 17 17 17 17 17 17 17 17 17 17 17 17 15 15 17 17  0  5 15 14 17 15 18  9  9 12 16 15 16 14 14 13 13 18 16 13 19 18 15 15 14 10 11 13 14 14  9 15 18 10 14 14 14 18 16 15 15 15 16 20 16 16 18 19 16 14 18 12 12 14 16 17 15 15 15 15 21 15 18 15 15 15 15 15 10 17 18  5 12 
16 14 14 14 14 16 16 12 14 14 14 14 14 14 14 14 16 16 12 14 14 14 14 16 14 16 16 16 14 14 16 16 16 12 16 16 16 16 16 16 16 12 16 16 16 16 16 16 16 16 16 16 16 16 16 16 16 16 16 16 16 16 16 16 16 16 16 16 16 16 16 16 16 16 14 14 16 16  5  0 13 12 16 12 15  8  5 10 12 15 15 12 12 13 13 16 11 13 17 17 14 14 11 10  9 15 12 12  9 14 16 11 11 12 12 16 11 14 14 14 13 17 14 14 16 16 15 12 17 10 11 12 12 12 14 14 14 14 23 14 13 14 14 14 14 14 11 12 16  5 11 
10  6  6  6  6 10 10  4  6  6  6  6  6  6  6  6 10 10  4  6  6  6  6 10  6 10 10 10  6  6 10 10 10  4 10 10 10 10 10 10 10  4 10 10 10 10 10 10 10 10 10 10 10 10 10 10 10 10 10 10 10 10 10 10 10 10 10 10 10 10 10 10 10 10  6  6 10 10 15 13  0  2 10  8  6  9 10  9  7  9  5  4  4  5  4 10  7  4 13  9  6  6  5  6  5  3  4  4  7  6 11  6  5  4  4 10  7  6  6  6  9 13  6  6  9 10  5  4  9  6  6  1  7  8  6  6  6  6 14  6  8  6  6  6  6  6  6  8  9 11  8 
10  6  6  6  6 10 10  3  6  6  6  6  6  6  6  6 10 10  3  6  6  6  6 10  6 10 10 10  6  6 10 10 10  3 10 10 10 10 10 10 10  3 10 10 10 10 10 10 10 10 10 10 10 10 10 10 10 10 10 10 10 10 10 10 10 10 10 10 10 10 10 10 10 10  6  6 10 10 14 12  2  0 10  9  8  8  8  8  7  8  4  3  3  5  4 10  7  4 13 10  6  6  6  5  4  4  3  3  9  8 11  6  6  3  3 10  7  6  6  6  9 13  7  7  9 12  4  3 10  5  6  1  7  8  6  6  6  6 12  8  8  6  6  6  6  6  6  8  9  9  6 
 0 11 11 11 11  0  0 12 11 11 11 11 11 11 11 11  0  0 12 11 11 11 11  0 11  0  0  0 11 11  0  0  0 12  0  0  0  0  0  0  0 12  0  0  0  0  0  0  0  0  0  0  0  0  0  0  0  0  0  0  0  0  0  0  0  0  0  0  0  0  0  0  0  0 11 11  0  0 17 16 10 10  0  6  4 14 14 12  8  9 10 12 12 11 12  9  8 12  6  5 11 11 13 13 14  9 12 12 14  9  4 13 13 12 12  9  7 11 11 11  5  7  9  9  7  5 10 12  5 15 13 11  8  8 11 11 11 11 18  9  6 11 11 11 11 11 13  7  7 18 15 
 6 10 10 10 10  6  6 10 10 10 10 10 10 10 10 10  6  6 10 10 10 10 10  6 10  6  6  6 10 10  6  6  6 10  6  6  6  6  6  6  6 10  6  6  6  6  6  6  6  6  6  6  6  6  6  6  6  6  6  6  6  6  6  6  6  6  6  6  6  6  6  6  6  6 10 10  6  6 15 12  8  9  6  0  3 11 10 11  5  7  9 10 10 12  9  7  4  9 10  8 10 10 12 11 10  9 10 10 10  5  4 11 12 10 10  7  6 10 10 10  2  7  7  7  5  6  9 10  8 11 11  9  5  5 10 10 10 10 17  5  5 10 10 10 10 10 11  5  5 14 13 
 4 12 12 12 12  4  4 10 12 12 12 12 12 12 12 12  4  4 10 12 12 12 12  4 12  4  4  4 12 12  4  4  4 10  4  4  4  4  4  4  4 10  4  4  4  4  4  4  4  4  4  4  4  4  4  4  4  4  4  4  4  4  4  4  4  4  4  4  4  4  4  4  4  4 12 12  4  4 18 15  6  8  4  3  0 14 13 12  8  6 10 10 10 11 10  9  7 10  7  7 12 12  9 12 11  9 10 10 11  8  6 12  9 10 10  9  8 12 12 12  3  7  8  8  7  7 10 10  7 12 12  7  8  8 12 12 12 12 16  8  7 12 12 12 12 12 12  8  8 17 14 
14  9  9  9  9 14 14  7  9  9  9  9  9  9  9  9 14 14  7  9  9  9  9 14  9 14 14 14  9  9 14 14 14  7 14 14 14 14 14 14 14  7 14 14 14 14 14 14 14 14 14 14 14 14 14 14 14 14 14 14 14 14 14 14 14 14 14 14 14 14 14 14 14 14  9  9 14 14  9  8  9  8 14 11 14  0  5  7 10 12 11  7  7  8  6 13  9  6 16 13  9  9  6  5  4  9  7  7  7 11 13  7  6  7  7 13  9  9  9  9 12 15 12 12 12 14 11  7 13  5  6  8 10 10  9  9  9  9 18 11 11  9  9  9  9  9  7 10 11  7  6 
14 10 10 10 10 14 14 10 10 10 10 10 10 10 10 10 14 14 10 10 10 10 10 14 10 14 14 14 10 10 14 14 14 10 14 14 14 14 14 14 14 10 14 14 14 14 14 14 14 14 14 14 14 14 14 14 14 14 14 14 14 14 14 14 14 14 14 14 14 14 14 14 14 14 10 10 14 14  9  5 10  8 14 10 13  5  0  6 10 11 11 10 10 13  9 14 11  9 15 13 10 10 11 10  9 11 10 10  4 11 14  9 11 10 10 14  9 10 10 10 11 15 14 14 13 14 11 10 13 10 10  9 10 12 10 10 10 10 19 11 11 10 10 10 10 10  9 10 13  7  8 
12 12 12 12 12 12 12 10 12 12 12 12 12 12 12 12 12 12 10 12 12 12 12 12 12 12 12 12 12 12 12 12 12 10 12 12 12 12 12 12 12 10 12 12 12 12 12 12 12 12 12 12 12 12 12 12 12 12 12 12 12 12 12 12 12 12 12 12 12 12 12 12 12 12 12 12 12 12 12 10  9  8 12 11 12  7  6  0  7  9  9 10 10 12  9 10  7  9 12 11 12 12 11 10 10  9 10 10  6  9 11  9 11 10 10 10  7 12 12 12 10 13 13 13 11 12  9 10 11 10 11  8  7  8 12 12 12 12 18  9  9 12 12 12 12 12  9  8 11 11  9 
 8  9  9  9  9  8  8  8  9  9  9  9  9  9  9  9  8  8  8  9  9  9  9  8  9  8  8  8  9  9  8  8  8  8  8  8  8  8  8  8  8  8  8  8  8  8  8  8  8  8  8  8  8  8  8  8  8  8  8  8  8  8  8  8  8  8  8  8  8  8  8  8  8  8  9  9  8  8 16 12  7  7  8  5  8 10 10  7  0  4  7  8  8 11  8  5  1  8 10  7  9  9 11 10  9  7  8  8 12  3  8 10 11  8  8  5  1  9  9  9  6  9  8  8  6  9  7  8  7 10 10  7  0  2  9  9  9  9 18  3  3  9  9  9  9  9 10  1  5 12 12 
 9 12 12 12 12  9  9  7 12 12 12 12 12 12 12 12  9  9  7 12 12 12 12  9 12  9  9  9 12 12  9  9  9  7  9  9  9  9  9  9  9  7  9  9  9  9  9  9  9  9  9  9  9  9  9  9  9  9  9  9  9  9  9  9  9  9  9  9  9  9  9  9  9  9 12 12  9  9 15 15  9  8  9  7  6 12 11  9  4  0 10  7  7 12 11  3  4 11 13 10 12 12 10 10 10 10  7  7 13  6 10 13 10  7  7  3  4 12 12 12  7  6  8  8  6  9 10  7 10 11 11  8  4  3 12 12 12 12 18  6  3 12 12 12 12 12 13  4  7 16 13 
10  6  6  6  6 10 10  4  6  6  6  6  6  6  6  6 10 10  4  6  6  6  6 10  6 10 10 10  6  6 10 10 10  4 10 10 10 10 10 10 10  4 10 10 10 10 10 10 10 10 10 10 10 10 10 10 10 10 10 10 10 10 10 10 10 10 10 10 10 10 10 10 10 10  6  6 10 10 16 15  5  4 10  9 10 11 11  9  7 10  0  4  4  5  6 10  8  6 13  7  6  6  7  9  8  4  4  4 11  7  9  8  7  4  4 10  7  6  6  6  9 11  4  4  9 10  0  4  7  9  9  4  7  8  6  6  6  6 14  7  9  6  6  6  6  6  8  8  8 13 10 
12  8  8  8  8 12 12  0  8  8  8  8  8  8  8  8 12 12  0  8  8  8  8 12  8 12 12 12  8  8 12 12 12  0 12 12 12 12 12 12 12  0 12 12 12 12 12 12 12 12 12 12 12 12 12 12 12 12 12 12 12 12 12 12 12 12 12 12 12 12 12 12 12 12  8  8 12 12 14 12  4  3 12 10 10  7 10 10  8  7  4  0  0  6  6 10  8  6 16  9  8  8  6  7  6  5  0  0 10  7 11  8  6  0  0 10  7  8  8  8 11 12  8  8  9 12  4  0  9  7  7  3  8  9  8  8  8  8 14  7  9  8  8  8  8  8  8  8  9 10  8 
12  8  8  8  8 12 12  0  8  8  8  8  8  8  8  8 12 12  0  8  8  8  8 12  8 12 12 12  8  8 12 12 12  0 12 12 12 12 12 12 12  0 12 12 12 12 12 12 12 12 12 12 12 12 12 12 12 12 12 12 12 12 12 12 12 12 12 12 12 12 12 12 12 12  8  8 12 12 14 12  4  3 12 10 10  7 10 10  8  7  4  0  0  6  6 10  8  6 16  9  8  8  6  7  6  5  0  0 10  7 11  8  6  0  0 10  7  8  8  8 11 12  8  8  9 12  4  0  9  7  7  3  8  9  8  8  8  8 14  7  9  8  8  8  8  8  8  8  9 10  8 
11 10 10 10 10 11 11  6 10 10 10 10 10 10 10 10 11 11  6 10 10 10 10 11 10 11 11 11 10 10 11 11 11  6 11 11 11 11 11 11 11  6 11 11 11 11 11 11 11 11 11 11 11 11 11 11 11 11 11 11 11 11 11 11 11 11 11 11 11 11 11 11 11 11 10 10 11 11 13 13  5  5 11 12 11  8 13 12 11 12  5  6  6  0  8 13 11  8 17  9 10 10  2  6  5  8  6  6  9 10 11  5  2  6  6 13 11 10 10 10 13 13  8  8 13 12  5  6  9  5  5  4 11 12 10 10 10 10 12 10 12 10 10 10 10 10  5 12 12 11  5 
12  6  6  6  6 12 12  6  6  6  6  6  6  6  6  6 12 12  6  6  6  6  6 12  6 12 12 12  6  6 12 12 12  6 12 12 12 12 12 12 12  6 12 12 12 12 12 12 12 12 12 12 12 12 12 12 12 12 12 12 12 12 12 12 12 12 12 12 12 12 12 12 12 12  6  6 12 12 13 13  4  4 12  9 10  6  9  9  8 11  6  6  6  8  0 11  7  0 14  8  6  6  7  6  6  3  6  6  6  7 11  6  7  6  6 11  7  6  6  6 10 13  6  6  9 11  6  6  8  7  7  5  8  8  6  6  6  6 16  7  9  6  6  6  6  6  6  8 10  9  9 
 9 13 13 13 13  9  9 10 13 13 13 13 13 13 13 13  9  9 10 13 13 13 13  9 13  9  9  9 13 13  9  9  9 10  9  9  9  9  9  9  9 10  9  9  9  9  9  9  9  9  9  9  9  9  9  9  9  9  9  9  9  9  9  9  9  9  9  9  9  9  9  9  9  9 13 13  9  9 18 16 10 10  9  7  9 13 14 10  5  3 10 10 10 13 11  0  5 11 12 11 13 13 11 11 11 10 10 10 10  7 10 13 11 10 10  0  5 13 13 13  7  6  9  9  6 10 10 10 11 12 13  9  5  4 13 13 13 13 19  7  4 13 13 13 13 13 13  4  7 16 13 
 8 10 10 10 10  8  8  8 10 10 10 10 10 10 10 10  8  8  8 10 10 10 10  8 10  8  8  8 10 10  8  8  8  8  8  8  8  8  8  8  8  8  8  8  8  8  8  8  8  8  8  8  8  8  8  8  8  8  8  8  8  8  8  8  8  8  8  8  8  8  8  8  8  8 10 10  8  8 16 11  7  7  8  4  7  9 11  7  1  4  8  8  8 11  7  5  0  7  9  6 10 10 11 10 10  7  8  8 12  4  7 10 11  8  8  5  2 10 10 10  6  8  9  9  6  9  8  8  6 11 10  7  1  1 10 10 10 10 19  4  3 10 10 10 10 10 10  1  5 13 12 
12  6  6  6  6 12 12  6  6  6  6  6  6  6  6  6 12 12  6  6  6  6  6 12  6 12 12 12  6  6 12 12 12  6 12 12 12 12 12 12 12  6 12 12 12 12 12 12 12 12 12 12 12 12 12 12 12 12 12 12 12 12 12 12 12 12 12 12 12 12 12 12 12 12  6  6 12 12 13 13  4  4 12  9 10  6  9  9  8 11  6  6  6  8  0 11  7  0 14  8  6  6  7  6  6  3  6  6  6  7 11  6  7  6  6 11  7  6  6  6 10 13  6  6  9 11  6  6  8  7  7  5  8  8  6  6  6  6 16  7  9  6  6  6  6  6  6  8 10  9  9 
 6 14 14 14 14  6  6 16 14 14 14 14 14 14 14 14  6  6 16 14 14 14 14  6 14  6  6  6 14 14  6  6  6 16  6  6  6  6  6  6  6 16  6  6  6  6  6  6  6  6  6  6  6  6  6  6  6  6  6  6  6  6  6  6  6  6  6  6  6  6  6  6  6  6 14 14  6  6 19 17 13 13  6 10  7 16 15 12 10 13 13 16 16 17 14 12  9 14  0 10 14 14 16 16 17 13 16 16 14  9  7 16 16 16 16 12 10 14 14 14  8 12 12 12 10 10 13 16 10 18 16 13 10 10 14 14 14 14 19  9 10 14 14 14 14 14 16 10 10 18 18 
 5  6  6  6  6  5  5  9  6  6  6  6  6  6  6  6  5  5  9  6  6  6  6  5  6  5  5  5  6  6  5  5  5  9  5  5  5  5  5  5  5  9  5  5  5  5  5  5  5  5  5  5  5  5  5  5  5  5  5  5  5  5  5  5  5  5  5  5  5  5  5  5  5  5  6  6  5  5 18 17  9 10  5  8  7 13 13 11  7 10  7  9  9  9  8 11  6  8 10  0  6  6 11 11 11  6  9  9 10  5  5 11 11  9  9 11  7  6  6  6  8  7  5  5  6  3  7  9  0 12 12 10  7  7  6  6  6  6 15  5  9  6  6  6  6  6 11  7  7 15 14 
11  0  0  0  0 11 11  8  0  0  0  0  0  0  0  0 11 11  8  0  0  0  0 11  0 11 11 11  0  0 11 11 11  8 11 11 11 11 11 11 11  8 11 11 11 11 11 11 11 11 11 11 11 11 11 11 11 11 11 11 11 11 11 11 11 11 11 11 11 11 11 11 11 11  0  0 11 11 15 14  6  6 11 10 12  9 10 12  9 12  6  8  8 10  6 13 10  6 14  6  0  0 11 11 10  8  8  8 11  7  8  9 11  8  8 13  8  0  0  0  9 10  4  4  9  9  6  8  6 11  9  7  9 11  0  0  0  0 14  7 10  0  0  0  0  0  9  9  8 15 11 
11  0  0  0  0 11 11  8  0  0  0  0  0  0  0  0 11 11  8  0  0  0  0 11  0 11 11 11  0  0 11 11 11  8 11 11 11 11 11 11 11  8 11 11 11 11 11 11 11 11 11 11 11 11 11 11 11 11 11 11 11 11 11 11 11 11 11 11 11 11 11 11 11 11  0  0 11 11 15 14  6  6 11 10 12  9 10 12  9 12  6  8  8 10  6 13 10  6 14  6  0  0 11 11 10  8  8  8 11  7  8  9 11  8  8 13  8  0  0  0  9 10  4  4  9  9  6  8  6 11  9  7  9 11  0  0  0  0 14  7 10  0  0  0  0  0  9  9  8 15 11 
13 11 11 11 11 13 13  6 11 11 11 11 11 11 11 11 13 13  6 11 11 11 11 13 11 13 13 13 11 11 13 13 13  6 13 13 13 13 13 13 13  6 13 13 13 13 13 13 13 13 13 13 13 13 13 13 13 13 13 13 13 13 13 13 13 13 13 13 13 13 13 13 13 13 11 11 13 13 14 11  5  6 13 12  9  6 11 11 11 10  7  6  6  2  7 11 11  7 16 11 11 11  0  6  5  6  6  6  8 10 13  7  0  6  6 11 10 11 11 11 12 15  9  9 12 14  7  6 11  5  5  6 11 10 11 11 11 11 12 10 12 11 11 11 11 11  7 11 11  9  5 
13 11 11 11 11 13 13  7 11 11 11 11 11 11 11 11 13 13  7 11 11 11 11 13 11 13 13 13 11 11 13 13 13  7 13 13 13 13 13 13 13  7 13 13 13 13 13 13 13 13 13 13 13 13 13 13 13 13 13 13 13 13 13 13 13 13 13 13 13 13 13 13 13 13 11 11 13 13 10 10  6  5 13 11 12  5 10 10 10 10  9  7  7  6  6 11 10  6 16 11 11 11  6  0  1  9  7  7  6 10 13  3  6  7  7 11 10 11 11 11 12 16 11 11 12 14  9  7 11  2  3  5 10 11 11 11 11 11 15 10 11 11 11 11 11 11  3 11 12  6  3 
14 10 10 10 10 14 14  6 10 10 10 10 10 10 10 10 14 14  6 10 10 10 10 14 10 14 14 14 10 10 14 14 14  6 14 14 14 14 14 14 14  6 14 14 14 14 14 14 14 14 14 14 14 14 14 14 14 14 14 14 14 14 14 14 14 14 14 14 14 14 14 14 14 14 10 10 14 14 11  9  5  4 14 10 11  4  9 10  9 10  8  6  6  5  6 11 10  6 17 11 10 10  5  1  0  8  6  6  7 10 12  3  5  6  6 11 10 10 10 10 12 15 10 10 12 14  8  6 11  1  2  4  9 10 10 10 10 10 14 10 12 10 10 10 10 10  3 10 12  7  3 
 9  8  8  8  8  9  9  5  8  8  8  8  8  8  8  8  9  9  5  8  8  8  8  9  8  9  9  9  8  8  9  9  9  5  9  9  9  9  9  9  9  5  9  9  9  9  9  9  9  9  9  9  9  9  9  9  9  9  9  9  9  9  9  9  9  9  9  9  9  9  9  9  9  9  8  8  9  9 13 15  3  4  9  9  9  9 11  9  7 10  4  5  5  8  3 10  7  3 13  6  8  8  6  9  8  0  5  5  8  6 10  6  6  5  5 10  7  8  8  8  7 12  4  4  9  9  4  5  6  9  6  4  7  8  8  8  8  8 14  6  9  8  8  8  8  8  6  8  8 12  8 
12  8  8  8  8 12 12  0  8  8  8  8  8  8  8  8 12 12  0  8  8  8  8 12  8 12 12 12  8  8 12 12 12  0 12 12 12 12 12 12 12  0 12 12 12 12 12 12 12 12 12 12 12 12 12 12 12 12 12 12 12 12 12 12 12 12 12 12 12 12 12 12 12 12  8  8 12 12 14 12  4  3 12 10 10  7 10 10  8  7  4  0  0  6  6 10  8  6 16  9  8  8  6  7  6  5  0  0 10  7 11  8  6  0  0 10  7  8  8  8 11 12  8  8  9 12  4  0  9  7  7  3  8  9  8  8  8  8 14  7  9  8  8  8  8  8  8  8  9 10  8 
12  8  8  8  8 12 12  0  8  8  8  8  8  8  8  8 12 12  0  8  8  8  8 12  8 12 12 12  8  8 12 12 12  0 12 12 12 12 12 12 12  0 12 12 12 12 12 12 12 12 12 12 12 12 12 12 12 12 12 12 12 12 12 12 12 12 12 12 12 12 12 12 12 12  8  8 12 12 14 12  4  3 12 10 10  7 10 10  8  7  4  0  0  6  6 10  8  6 16  9  8  8  6  7  6  5  0  0 10  7 11  8  6  0  0 10  7  8  8  8 11 12  8  8  9 12  4  0  9  7  7  3  8  9  8  8  8  8 14  7  9  8  8  8  8  8  8  8  9 10  8 
14 11 11 11 11 14 14 10 11 11 11 11 11 11 11 11 14 14 10 11 11 11 11 14 11 14 14 14 11 11 14 14 14 10 14 14 14 14 14 14 14 10 14 14 14 14 14 14 14 14 14 14 14 14 14 14 14 14 14 14 14 14 14 14 14 14 14 14 14 14 14 14 14 14 11 11 14 14  9  9  7  9 14 10 11  7  4  6 12 13 11 10 10  9  6 10 12  6 14 10 11 11  8  6  7  8 10 10  0  9 13  6  8 10 10 10 12 11 11 11 11 14 12 12 11 12 11 10 10  8  8  8 12 13 11 11 11 11 17  9 13 11 11 11 11 11  6 13 10  9  9 
 9  7  7  7  7  9  9  7  7  7  7  7  7  7  7  7  9  9  7  7  7  7  7  9  7  9  9  9  7  7  9  9  9  7  9  9  9  9  9  9  9  7  9  9  9  9  9  9  9  9  9  9  9  9  9  9  9  9  9  9  9  9  9  9  9  9  9  9  9  9  9  9  9  9  7  7  9  9 15 14  6  8  9  5  8 11 11  9  3  6  7  7  7 10  7  7  4  7  9  5  7  7 10 10 10  6  7  7  9  0  6  9 10  7  7  7  3  7  7  7  5  9  5  5  3  7  7  7  5 11  9  7  3  5  7  7  7  7 15  0  5  7  7  7  7  7  9  4  3 12 11 
 4  8  8  8  8  4  4 11  8  8  8  8  8  8  8  8  4  4 11  8  8  8  8  4  8  4  4  4  8  8  4  4  4 11  4  4  4  4  4  4  4 11  4  4  4  4  4  4  4  4  4  4  4  4  4  4  4  4  4  4  4  4  4  4  4  4  4  4  4  4  4  4  4  4  8  8  4  4 18 16 11 11  4  4  6 13 14 11  8 10  9 11 11 11 11 10  7 11  7  5  8  8 13 13 12 10 11 11 13  6  0 14 13 11 11 10  8  8  8  8  6  9  9  9  6  3  9 11  5 13 14 11  8  8  8  8  8  8 16  6  7  8  8  8  8  8 14  7  5 17 15 
13  9  9  9  9 13 13  8  9  9  9  9  9  9  9  9 13 13  8  9  9  9  9 13  9 13 13 13  9  9 13 13 13  8 13 13 13 13 13 13 13  8 13 13 13 13 13 13 13 13 13 13 13 13 13 13 13 13 13 13 13 13 13 13 13 13 13 13 13 13 13 13 13 13  9  9 13 13 10 11  6  6 13 11 12  7  9  9 10 13  8  8  8  5  6 13 10  6 16 11  9  9  7  3  3  6  8  8  6  9 14  0  7  8  8 13 10  9  9  9 12 16  9  9 11 14  8  8 11  4  5  5 10 11  9  9  9  9 14  9 11  9  9  9  9  9  0 11 11  6  5 
13 11 11 11 11 13 13  6 11 11 11 11 11 11 11 11 13 13  6 11 11 11 11 13 11 13 13 13 11 11 13 13 13  6 13 13 13 13 13 13 13  6 13 13 13 13 13 13 13 13 13 13 13 13 13 13 13 13 13 13 13 13 13 13 13 13 13 13 13 13 13 13 13 13 11 11 13 13 14 11  5  6 13 12  9  6 11 11 11 10  7  6  6  2  7 11 11  7 16 11 11 11  0  6  5  6  6  6  8 10 13  7  0  6  6 11 10 11 11 11 12 15  9  9 12 14  7  6 11  5  5  6 11 10 11 11 11 11 12 10 12 11 11 11 11 11  7 11 11  9  5 
12  8  8  8  8 12 12  0  8  8  8  8  8  8  8  8 12 12  0  8  8  8  8 12  8 12 12 12  8  8 12 12 12  0 12 12 12 12 12 12 12  0 12 12 12 12 12 12 12 12 12 12 12 12 12 12 12 12 12 12 12 12 12 12 12 12 12 12 12 12 12 12 12 12  8  8 12 12 14 12  4  3 12 10 10  7 10 10  8  7  4  0  0  6  6 10  8  6 16  9  8  8  6  7  6  5  0  0 10  7 11  8  6  0  0 10  7  8  8  8 11 12  8  8  9 12  4  0  9  7  7  3  8  9  8  8  8  8 14  7  9  8  8  8  8  8  8  8  9 10  8 
12  8  8  8  8 12 12  0  8  8  8  8  8  8  8  8 12 12  0  8  8  8  8 12  8 12 12 12  8  8 12 12 12  0 12 12 12 12 12 12 12  0 12 12 12 12 12 12 12 12 12 12 12 12 12 12 12 12 12 12 12 12 12 12 12 12 12 12 12 12 12 12 12 12  8  8 12 12 14 12  4  3 12 10 10  7 10 10  8  7  4  0  0  6  6 10  8  6 16  9  8  8  6  7  6  5  0  0 10  7 11  8  6  0  0 10  7  8  8  8 11 12  8  8  9 12  4  0  9  7  7  3  8  9  8  8  8  8 14  7  9  8  8  8  8  8  8  8  9 10  8 
 9 13 13 13 13  9  9 10 13 13 13 13 13 13 13 13  9  9 10 13 13 13 13  9 13  9  9  9 13 13  9  9  9 10  9  9  9  9  9  9  9 10  9  9  9  9  9  9  9  9  9  9  9  9  9  9  9  9  9  9  9  9  9  9  9  9  9  9  9  9  9  9  9  9 13 13  9  9 18 16 10 10  9  7  9 13 14 10  5  3 10 10 10 13 11  0  5 11 12 11 13 13 11 11 11 10 10 10 10  7 10 13 11 10 10  0  5 13 13 13  7  6  9  9  6 10 10 10 11 12 13  9  5  4 13 13 13 13 19  7  4 13 13 13 13 13 13  4  7 16 13 
 7  8  8  8  8  7  7  7  8  8  8  8  8  8  8  8  7  7  7  8  8  8  8  7  8  7  7  7  8  8  7  7  7  7  7  7  7  7  7  7  7  7  7  7  7  7  7  7  7  7  7  7  7  7  7  7  7  7  7  7  7  7  7  7  7  7  7  7  7  7  7  7  7  7  8  8  7  7 16 11  7  7  7  6  8  9  9  7  1  4  7  7  7 11  7  5  2  7 10  7  8  8 10 10 10  7  7  7 12  3  8 10 10  7  7  5  0  8  8  8  6  8  8  8  5  8  7  7  7 11 10  8  1  3  8  8  8  8 18  3  2  8  8  8  8  8 10  1  5 13 12 
11  0  0  0  0 11 11  8  0  0  0  0  0  0  0  0 11 11  8  0  0  0  0 11  0 11 11 11  0  0 11 11 11  8 11 11 11 11 11 11 11  8 11 11 11 11 11 11 11 11 11 11 11 11 11 11 11 11 11 11 11 11 11 11 11 11 11 11 11 11 11 11 11 11  0  0 11 11 15 14  6  6 11 10 12  9 10 12  9 12  6  8  8 10  6 13 10  6 14  6  0  0 11 11 10  8  8  8 11  7  8  9 11  8  8 13  8  0  0  0  9 10  4  4  9  9  6  8  6 11  9  7  9 11  0  0  0  0 14  7 10  0  0  0  0  0  9  9  8 15 11 
11  0  0  0  0 11 11  8  0  0  0  0  0  0  0  0 11 11  8  0  0  0  0 11  0 11 11 11  0  0 11 11 11  8 11 11 11 11 11 11 11  8 11 11 11 11 11 11 11 11 11 11 11 11 11 11 11 11 11 11 11 11 11 11 11 11 11 11 11 11 11 11 11 11  0  0 11 11 15 14  6  6 11 10 12  9 10 12  9 12  6  8  8 10  6 13 10  6 14  6  0  0 11 11 10  8  8  8 11  7  8  9 11  8  8 13  8  0  0  0  9 10  4  4  9  9  6  8  6 11  9  7  9 11  0  0  0  0 14  7 10  0  0  0  0  0  9  9  8 15 11 
11  0  0  0  0 11 11  8  0  0  0  0  0  0  0  0 11 11  8  0  0  0  0 11  0 11 11 11  0  0 11 11 11  8 11 11 11 11 11 11 11  8 11 11 11 11 11 11 11 11 11 11 11 11 11 11 11 11 11 11 11 11 11 11 11 11 11 11 11 11 11 11 11 11  0  0 11 11 15 14  6  6 11 10 12  9 10 12  9 12  6  8  8 10  6 13 10  6 14  6  0  0 11 11 10  8  8  8 11  7  8  9 11  8  8 13  8  0  0  0  9 10  4  4  9  9  6  8  6 11  9  7  9 11  0  0  0  0 14  7 10  0  0  0  0  0  9  9  8 15 11 
 5  9  9  9  9  5  5 11  9  9  9  9  9  9  9  9  5  5 11  9  9  9  9  5  9  5  5  5  9  9  5  5  5 11  5  5  5  5  5  5  5 11  5  5  5  5  5  5  5  5  5  5  5  5  5  5  5  5  5  5  5  5  5  5  5  5  5  5  5  5  5  5  5  5  9  9  5  5 16 13  9  9  5  2  3 12 11 10  6  7  9 11 11 13 10  7  6 10  8  8  9  9 12 12 12  7 11 11 11  5  6 12 12 11 11  7  6  9  9  9  0  5  5  5  5  7  9 11  8 11 12 10  6  6  9  9  9  9 15  5  5  9  9  9  9  9 12  5  5 14 14 
 7 10 10 10 10  7  7 12 10 10 10 10 10 10 10 10  7  7 12 10 10 10 10  7 10  7  7  7 10 10  7  7  7 12  7  7  7  7  7  7  7 12  7  7  7  7  7  7  7  7  7  7  7  7  7  7  7  7  7  7  7  7  7  7  7  7  7  7  7  7  7  7  7  7 10 10  7  7 20 17 13 13  7  7  7 15 15 13  9  6 11 12 12 13 13  6  8 13 12  7 10 10 15 16 15 12 12 12 14  9  9 16 15 12 12  6  8 10 10 10  5  0 10 10  7  9 11 12  7 15 16 13  9  8 10 10 10 10 20  9  7 10 10 10 10 10 16  8  8 18 17 
 9  4  4  4  4  9  9  8  4  4  4  4  4  4  4  4  9  9  8  4  4  4  4  9  4  9  9  9  4  4  9  9  9  8  9  9  9  9  9  9  9  8  9  9  9  9  9  9  9  9  9  9  9  9  9  9  9  9  9  9  9  9  9  9  9  9  9  9  9  9  9  9  9  9  4  4  9  9 16 14  6  7  9  7  8 12 14 13  8  8  4  8  8  8  6  9  9  6 12  5  4  4  9 11 10  4  8  8 12  5  9  9  9  8  8  9  8  4  4  4  5 10  0  0  5  8  4  8  5 11  9  6  8  9  4  4  4  4 10  5  8  4  4  4  4  4  9  8  4 12 11 
 9  4  4  4  4  9  9  8  4  4  4  4  4  4  4  4  9  9  8  4  4  4  4  9  4  9  9  9  4  4  9  9  9  8  9  9  9  9  9  9  9  8  9  9  9  9  9  9  9  9  9  9  9  9  9  9  9  9  9  9  9  9  9  9  9  9  9  9  9  9  9  9  9  9  4  4  9  9 16 14  6  7  9  7  8 12 14 13  8  8  4  8  8  8  6  9  9  6 12  5  4  4  9 11 10  4  8  8 12  5  9  9  9  8  8  9  8  4  4  4  5 10  0  0  5  8  4  8  5 11  9  6  8  9  4  4  4  4 10  5  8  4  4  4  4  4  9  8  4 12 11 
 7  9  9  9  9  7  7  9  9  9  9  9  9  9  9  9  7  7  9  9  9  9  9  7  9  7  7  7  9  9  7  7  7  9  7  7  7  7  7  7  7  9  7  7  7  7  7  7  7  7  7  7  7  7  7  7  7  7  7  7  7  7  7  7  7  7  7  7  7  7  7  7  7  7  9  9  7  7 18 16  9  9  7  5  7 12 13 11  6  6  9  9  9 13  9  6  6  9 10  6  9  9 12 12 12  9  9  9 11  3  6 11 12  9  9  6  5  9  9  9  5  7  5  5  0  6  9  9  6 13 12  9  6  5  9  9  9  9 15  3  3  9  9  9  9  9 11  5  1 14 14 
 5  9  9  9  9  5  5 12  9  9  9  9  9  9  9  9  5  5 12  9  9  9  9  5  9  5  5  5  9  9  5  5  5 12  5  5  5  5  5  5  5 12  5  5  5  5  5  5  5  5  5  5  5  5  5  5  5  5  5  5  5  5  5  5  5  5  5  5  5  5  5  5  5  5  9  9  5  5 19 16 10 12  5  6  7 14 14 12  9  9 10 12 12 12 11 10  9 11 10  3  9  9 14 14 14  9 12 12 12  7  3 14 14 12 12 10  8  9  9  9  7  9  8  8  6  0 10 12  3 15 15 11  9  9  9  9  9  9 13  7  7  9  9  9  9  9 14  8  6 17 17 
10  6  6  6  6 10 10  4  6  6  6  6  6  6  6  6 10 10  4  6  6  6  6 10  6 10 10 10  6  6 10 10 10  4 10 10 10 10 10 10 10  4 10 10 10 10 10 10 10 10 10 10 10 10 10 10 10 10 10 10 10 10 10 10 10 10 10 10 10 10 10 10 10 10  6  6 10 10 16 15  5  4 10  9 10 11 11  9  7 10  0  4  4  5  6 10  8  6 13  7  6  6  7  9  8  4  4  4 11  7  9  8  7  4  4 10  7  6  6  6  9 11  4  4  9 10  0  4  7  9  9  4  7  8  6  6  6  6 14  7  9  6  6  6  6  6  8  8  8 13 10 
12  8  8  8  8 12 12  0  8  8  8  8  8  8  8  8 12 12  0  8  8  8  8 12  8 12 12 12  8  8 12 12 12  0 12 12 12 12 12 12 12  0 12 12 12 12 12 12 12 12 12 12 12 12 12 12 12 12 12 12 12 12 12 12 12 12 12 12 12 12 12 12 12 12  8  8 12 12 14 12  4  3 12 10 10  7 10 10  8  7  4  0  0  6  6 10  8  6 16  9  8  8  6  7  6  5  0  0 10  7 11  8  6  0  0 10  7  8  8  8 11 12  8  8  9 12  4  0  9  7  7  3  8  9  8  8  8  8 14  7  9  8  8  8  8  8  8  8  9 10  8 
 5  6  6  6  6  5  5  9  6  6  6  6  6  6  6  6  5  5  9  6  6  6  6  5  6  5  5  5  6  6  5  5  5  9  5  5  5  5  5  5  5  9  5  5  5  5  5  5  5  5  5  5  5  5  5  5  5  5  5  5  5  5  5  5  5  5  5  5  5  5  5  5  5  5  6  6  5  5 18 17  9 10  5  8  7 13 13 11  7 10  7  9  9  9  8 11  6  8 10  0  6  6 11 11 11  6  9  9 10  5  5 11 11  9  9 11  7  6  6  6  8  7  5  5  6  3  7  9  0 12 12 10  7  7  6  6  6  6 15  5  9  6  6  6  6  6 11  7  7 15 14 
15 11 11 11 11 15 15  7 11 11 11 11 11 11 11 11 15 15  7 11 11 11 11 15 11 15 15 15 11 11 15 15 15  7 15 15 15 15 15 15 15  7 15 15 15 15 15 15 15 15 15 15 15 15 15 15 15 15 15 15 15 15 15 15 15 15 15 15 15 15 15 15 15 15 11 11 15 15 12 10  6  5 15 11 12  5 10 10 10 11  9  7  7  5  7 12 11  7 18 12 11 11  5  2  1  9  7  7  8 11 13  4  5  7  7 12 11 11 11 11 11 15 11 11 13 15  9  7 12  0  3  5 10 11 11 11 11 11 15 11 13 11 11 11 11 11  4 11 13  8  3 
13  9  9  9  9 13 13  7  9  9  9  9  9  9  9  9 13 13  7  9  9  9  9 13  9 13 13 13  9  9 13 13 13  7 13 13 13 13 13 13 13  7 13 13 13 13 13 13 13 13 13 13 13 13 13 13 13 13 13 13 13 13 13 13 13 13 13 13 13 13 13 13 13 13  9  9 13 13 12 11  6  6 13 11 12  6 10 11 10 11  9  7  7  5  7 13 10  7 16 12  9  9  5  3  2  6  7  7  8  9 14  5  5  7  7 13 10  9  9  9 12 16  9  9 12 15  9  7 12  3  0  5 10 11  9  9  9  9 15  9 11  9  9  9  9  9  5 11 12  9  2 
11  7  7  7  7 11 11  3  7  7  7  7  7  7  7  7 11 11  3  7  7  7  7 11  7 11 11 11  7  7 11 11 11  3 11 11 11 11 11 11 11  3 11 11 11 11 11 11 11 11 11 11 11 11 11 11 11 11 11 11 11 11 11 11 11 11 11 11 11 11 11 11 11 11  7  7 11 11 14 12  1  1 11  9  7  8  9  8  7  8  4  3  3  4  5  9  7  5 13 10  7  7  6  5  4  4  3  3  8  7 11  5  6  3  3  9  8  7  7  7 10 13  6  6  9 11  4  3 10  5  5  0  7  8  7  7  7  7 13  7  8  7  7  7  7  7  5  8  9 10  7 
 8  9  9  9  9  8  8  8  9  9  9  9  9  9  9  9  8  8  8  9  9  9  9  8  9  8  8  8  9  9  8  8  8  8  8  8  8  8  8  8  8  8  8  8  8  8  8  8  8  8  8  8  8  8  8  8  8  8  8  8  8  8  8  8  8  8  8  8  8  8  8  8  8  8  9  9  8  8 16 12  7  7  8  5  8 10 10  7  0  4  7  8  8 11  8  5  1  8 10  7  9  9 11 10  9  7  8  8 12  3  8 10 11  8  8  5  1  9  9  9  6  9  8  8  6  9  7  8  7 10 10  7  0  2  9  9  9  9 18  3  3  9  9  9  9  9 10  1  5 12 12 
 8 11 11 11 11  8  8  9 11 11 11 11 11 11 11 11  8  8  9 11 11 11 11  8 11  8  8  8 11 11  8  8  8  9  8  8  8  8  8  8  8  9  8  8  8  8  8  8  8  8  8  8  8  8  8  8  8  8  8  8  8  8  8  8  8  8  8  8  8  8  8  8  8  8 11 11  8  8 17 12  8  8  8  5  8 10 12  8  2  3  8  9  9 12  8  4  1  8 10  7 11 11 10 11 10  8  9  9 13  5  8 11 10  9  9  4  3 11 11 11  6  8  9  9  5  9  8  9  7 11 11  8  2  0 11 11 11 11 19  5  2 11 11 11 11 11 11  2  5 14 13 
11  0  0  0  0 11 11  8  0  0  0  0  0  0  0  0 11 11  8  0  0  0  0 11  0 11 11 11  0  0 11 11 11  8 11 11 11 11 11 11 11  8 11 11 11 11 11 11 11 11 11 11 11 11 11 11 11 11 11 11 11 11 11 11 11 11 11 11 11 11 11 11 11 11  0  0 11 11 15 14  6  6 11 10 12  9 10 12  9 12  6  8  8 10  6 13 10  6 14  6  0  0 11 11 10  8  8  8 11  7  8  9 11  8  8 13  8  0  0  0  9 10  4  4  9  9  6  8  6 11  9  7  9 11  0  0  0  0 14  7 10  0  0  0  0  0  9  9  8 15 11 
11  0  0  0  0 11 11  8  0  0  0  0  0  0  0  0 11 11  8  0  0  0  0 11  0 11 11 11  0  0 11 11 11  8 11 11 11 11 11 11 11  8 11 11 11 11 11 11 11 11 11 11 11 11 11 11 11 11 11 11 11 11 11 11 11 11 11 11 11 11 11 11 11 11  0  0 11 11 15 14  6  6 11 10 12  9 10 12  9 12  6  8  8 10  6 13 10  6 14  6  0  0 11 11 10  8  8  8 11  7  8  9 11  8  8 13  8  0  0  0  9 10  4  4  9  9  6  8  6 11  9  7  9 11  0  0  0  0 14  7 10  0  0  0  0  0  9  9  8 15 11 
11  0  0  0  0 11 11  8  0  0  0  0  0  0  0  0 11 11  8  0  0  0  0 11  0 11 11 11  0  0 11 11 11  8 11 11 11 11 11 11 11  8 11 11 11 11 11 11 11 11 11 11 11 11 11 11 11 11 11 11 11 11 11 11 11 11 11 11 11 11 11 11 11 11  0  0 11 11 15 14  6  6 11 10 12  9 10 12  9 12  6  8  8 10  6 13 10  6 14  6  0  0 11 11 10  8  8  8 11  7  8  9 11  8  8 13  8  0  0  0  9 10  4  4  9  9  6  8  6 11  9  7  9 11  0  0  0  0 14  7 10  0  0  0  0  0  9  9  8 15 11 
11  0  0  0  0 11 11  8  0  0  0  0  0  0  0  0 11 11  8  0  0  0  0 11  0 11 11 11  0  0 11 11 11  8 11 11 11 11 11 11 11  8 11 11 11 11 11 11 11 11 11 11 11 11 11 11 11 11 11 11 11 11 11 11 11 11 11 11 11 11 11 11 11 11  0  0 11 11 15 14  6  6 11 10 12  9 10 12  9 12  6  8  8 10  6 13 10  6 14  6  0  0 11 11 10  8  8  8 11  7  8  9 11  8  8 13  8  0  0  0  9 10  4  4  9  9  6  8  6 11  9  7  9 11  0  0  0  0 14  7 10  0  0  0  0  0  9  9  8 15 11 
18 14 14 14 14 18 18 14 14 14 14 14 14 14 14 14 18 18 14 14 14 14 14 18 14 18 18 18 14 14 18 18 18 14 18 18 18 18 18 18 18 14 18 18 18 18 18 18 18 18 18 18 18 18 18 18 18 18 18 18 18 18 18 18 18 18 18 18 18 18 18 18 18 18 14 14 18 18 21 23 14 12 18 17 16 18 19 18 18 18 14 14 14 12 16 19 19 16 19 15 14 14 12 15 14 14 14 14 17 15 16 14 12 14 14 19 18 14 14 14 15 20 10 10 15 13 14 14 15 15 15 13 18 19 14 14 14 14  0 15 18 14 14 14 14 14 14 18 14 20 17 
 9  7  7  7  7  9  9  7  7  7  7  7  7  7  7  7  9  9  7  7  7  7  7  9  7  9  9  9  7  7  9  9  9  7  9  9  9  9  9  9  9  7  9  9  9  9  9  9  9  9  9  9  9  9  9  9  9  9  9  9  9  9  9  9  9  9  9  9  9  9  9  9  9  9  7  7  9  9 15 14  6  8  9  5  8 11 11  9  3  6  7  7  7 10  7  7  4  7  9  5  7  7 10 10 10  6  7  7  9  0  6  9 10  7  7  7  3  7  7  7  5  9  5  5  3  7  7  7  5 11  9  7  3  5  7  7  7  7 15  0  5  7  7  7  7  7  9  4  3 12 11 
 6 10 10 10 10  6  6  9 10 10 10 10 10 10 10 10  6  6  9 10 10 10 10  6 10  6  6  6 10 10  6  6  6  9  6  6  6  6  6  6  6  9  6  6  6  6  6  6  6  6  6  6  6  6  6  6  6  6  6  6  6  6  6  6  6  6  6  6  6  6  6  6  6  6 10 10  6  6 18 13  8  8  6  5  7 11 11  9  3  3  9  9  9 12  9  4  3  9 10  9 10 10 12 11 12  9  9  9 13  5  7 11 12  9  9  4  2 10 10 10  5  7  8  8  3  7  9  9  9 13 11  8  3  2 10 10 10 10 18  5  0 10 10 10 10 10 11  3  4 14 13 
11  0  0  0  0 11 11  8  0  0  0  0  0  0  0  0 11 11  8  0  0  0  0 11  0 11 11 11  0  0 11 11 11  8 11 11 11 11 11 11 11  8 11 11 11 11 11 11 11 11 11 11 11 11 11 11 11 11 11 11 11 11 11 11 11 11 11 11 11 11 11 11 11 11  0  0 11 11 15 14  6  6 11 10 12  9 10 12  9 12  6  8  8 10  6 13 10  6 14  6  0  0 11 11 10  8  8  8 11  7  8  9 11  8  8 13  8  0  0  0  9 10  4  4  9  9  6  8  6 11  9  7  9 11  0  0  0  0 14  7 10  0  0  0  0  0  9  9  8 15 11 
11  0  0  0  0 11 11  8  0  0  0  0  0  0  0  0 11 11  8  0  0  0  0 11  0 11 11 11  0  0 11 11 11  8 11 11 11 11 11 11 11  8 11 11 11 11 11 11 11 11 11 11 11 11 11 11 11 11 11 11 11 11 11 11 11 11 11 11 11 11 11 11 11 11  0  0 11 11 15 14  6  6 11 10 12  9 10 12  9 12  6  8  8 10  6 13 10  6 14  6  0  0 11 11 10  8  8  8 11  7  8  9 11  8  8 13  8  0  0  0  9 10  4  4  9  9  6  8  6 11  9  7  9 11  0  0  0  0 14  7 10  0  0  0  0  0  9  9  8 15 11 
11  0  0  0  0 11 11  8  0  0  0  0  0  0  0  0 11 11  8  0  0  0  0 11  0 11 11 11  0  0 11 11 11  8 11 11 11 11 11 11 11  8 11 11 11 11 11 11 11 11 11 11 11 11 11 11 11 11 11 11 11 11 11 11 11 11 11 11 11 11 11 11 11 11  0  0 11 11 15 14  6  6 11 10 12  9 10 12  9 12  6  8  8 10  6 13 10  6 14  6  0  0 11 11 10  8  8  8 11  7  8  9 11  8  8 13  8  0  0  0  9 10  4  4  9  9  6  8  6 11  9  7  9 11  0  0  0  0 14  7 10  0  0  0  0  0  9  9  8 15 11 
11  0  0  0  0 11 11  8  0  0  0  0  0  0  0  0 11 11  8  0  0  0  0 11  0 11 11 11  0  0 11 11 11  8 11 11 11 11 11 11 11  8 11 11 11 11 11 11 11 11 11 11 11 11 11 11 11 11 11 11 11 11 11 11 11 11 11 11 11 11 11 11 11 11  0  0 11 11 15 14  6  6 11 10 12  9 10 12  9 12  6  8  8 10  6 13 10  6 14  6  0  0 11 11 10  8  8  8 11  7  8  9 11  8  8 13  8  0  0  0  9 10  4  4  9  9  6  8  6 11  9  7  9 11  0  0  0  0 14  7 10  0  0  0  0  0  9  9  8 15 11 
11  0  0  0  0 11 11  8  0  0  0  0  0  0  0  0 11 11  8  0  0  0  0 11  0 11 11 11  0  0 11 11 11  8 11 11 11 11 11 11 11  8 11 11 11 11 11 11 11 11 11 11 11 11 11 11 11 11 11 11 11 11 11 11 11 11 11 11 11 11 11 11 11 11  0  0 11 11 15 14  6  6 11 10 12  9 10 12  9 12  6  8  8 10  6 13 10  6 14  6  0  0 11 11 10  8  8  8 11  7  8  9 11  8  8 13  8  0  0  0  9 10  4  4  9  9  6  8  6 11  9  7  9 11  0  0  0  0 14  7 10  0  0  0  0  0  9  9  8 15 11 
13  9  9  9  9 13 13  8  9  9  9  9  9  9  9  9 13 13  8  9  9  9  9 13  9 13 13 13  9  9 13 13 13  8 13 13 13 13 13 13 13  8 13 13 13 13 13 13 13 13 13 13 13 13 13 13 13 13 13 13 13 13 13 13 13 13 13 13 13 13 13 13 13 13  9  9 13 13 10 11  6  6 13 11 12  7  9  9 10 13  8  8  8  5  6 13 10  6 16 11  9  9  7  3  3  6  8  8  6  9 14  0  7  8  8 13 10  9  9  9 12 16  9  9 11 14  8  8 11  4  5  5 10 11  9  9  9  9 14  9 11  9  9  9  9  9  0 11 11  6  5 
 7  9  9  9  9  7  7  8  9  9  9  9  9  9  9  9  7  7  8  9  9  9  9  7  9  7  7  7  9  9  7  7  7  8  7  7  7  7  7  7  7  8  7  7  7  7  7  7  7  7  7  7  7  7  7  7  7  7  7  7  7  7  7  7  7  7  7  7  7  7  7  7  7  7  9  9  7  7 17 12  8  8  7  5  8 10 10  8  1  4  8  8  8 12  8  4  1  8 10  7  9  9 11 11 10  8  8  8 13  4  7 11 11  8  8  4  1  9  9  9  5  8  8  8  5  8  8  8  7 11 11  8  1  2  9  9  9  9 18  4  3  9  9  9  9  9 11  0  4 13 13 
 7  8  8  8  8  7  7  9  8  8  8  8  8  8  8  8  7  7  9  8  8  8  8  7  8  7  7  7  8  8  7  7  7  9  7  7  7  7  7  7  7  9  7  7  7  7  7  7  7  7  7  7  7  7  7  7  7  7  7  7  7  7  7  7  7  7  7  7  7  7  7  7  7  7  8  8  7  7 18 16  9  9  7  5  8 11 13 11  5  7  8  9  9 12 10  7  5 10 10  7  8  8 11 12 12  8  9  9 10  3  5 11 11  9  9  7  5  8  8  8  5  8  4  4  1  6  8  9  7 13 12  9  5  5  8  8  8  8 14  3  4  8  8  8  8  8 11  4  0 14 13 
18 15 15 15 15 18 18 10 15 15 15 15 15 15 15 15 18 18 10 15 15 15 15 18 15 18 18 18 15 15 18 18 18 10 18 18 18 18 18 18 18 10 18 18 18 18 18 18 18 18 18 18 18 18 18 18 18 18 18 18 18 18 18 18 18 18 18 18 18 18 18 18 18 18 15 15 18 18  5  5 11  9 18 14 17  7  7 11 12 16 13 10 10 11  9 16 13  9 18 15 15 15  9  6  7 12 10 10  9 12 17  6  9 10 10 16 13 15 15 15 14 18 12 12 14 17 13 10 15  8  9 10 12 14 15 15 15 15 20 12 14 15 15 15 15 15  6 13 14  0  9 
15 11 11 11 11 15 15  8 11 11 11 11 11 11 11 11 15 15  8 11 11 11 11 15 11 15 15 15 11 11 15 15 15  8 15 15 15 15 15 15 15  8 15 15 15 15 15 15 15 15 15 15 15 15 15 15 15 15 15 15 15 15 15 15 15 15 15 15 15 15 15 15 15 15 11 11 15 15 12 11  8  6 15 13 14  6  8  9 12 13 10  8  8  5  9 13 12  9 18 14 11 11  5  3  3  8  8  8  9 11 15  5  5  8  8 13 12 11 11 11 14 17 11 11 14 17 10  8 14  3  2  7 12 13 11 11 11 11 17 11 13 11 11 11 11 11  5 13 13  9  0 
