Instance Date: 20090606

VehicleNumber---RequestNumber---MaxTravelTime---DisinfectionTime
    4              79               90             30

VehicleCapacity---VehicleLunchReadyTime---VehicleLunchDueTime---VehicleLunchDuration
    7                     840                    900                     60

LocationID---StaffDemand---SeatDemand---ReadyTime---DueTime---ServiceTime
    0            0              0          450        1230         0
    1            2              1          480        1200         8
    2            2              1          480         750         8
    3            2              3          480        1200         8
    4            2              3          480        1200         8
    5            2              1          540         700         8
    6            2              3          480        1200         8
    7            2              3          480        1200         8
    8            2              1          540         700         8
    9            2              1          480        1200         8
   10            2              1          480        1200         8
   11            2              1          480        1200         8
   12            2              1          480        1200         8
   13            2              1          750        1200         8
   14            2              3          480         750         8
   15            2              3          480        1200         8
   16            2              1          480        1200         8
   17            2              1          480         750         8
   18            2              1          480        1200         8
   19            2              1          480         750         8
   20            2              1          750        1200         8
   21            2              1          480        1200         8
   22            2              1          480        1200         8
   23            2              1          840         960         8
   24            2              3          480        1200         8
   25            2              1          750        1200         8
   26            2              1          720         840         8
   27            2              3          480        1200         8
   28            2              1          750        1200         8
   29            2              1          750        1200         8
   30            2              1          750        1200         8
   31            2              3          480        1200         8
   32            2              1          480        1200         8
   33            2              3          480        1200         8
   34            2              1          480        1200         8
   35            2              3          840         960         8
   36            2              3          960        1080         8
   37            2              3          480        1200         8
   38            2              3          480         750         8
   39            2              1          480        1200         8
   40            2              1          480        1200         8
   41            2              1          960        1080         8
   42            2              3          960        1080         8
   43            2              3          750        1200         8
   44            2              3          480        1200         8
   45            2              1          707         857         8
   46            2              3          845         995         8
   47            2              3          840         960         8
   48            2              3          750        1200         8
   49            2              3          777         927         8
   50            2              1          785         935         8
   51            2              3          480        1200         8
   52            2              1          480        1200         8
   53            2              1          750        1200         8
   54            3              3          480        1200         8
   55            2              1          877         997         8
   56            2              3          750        1200         8
   57            3              3          945        1065         8
   58            2              3          840         960         8
   59            2              3          750        1200         8
   60            2              1          750        1200         8
   61            2              3          853        1003         8
   62            2              3          787         937         8
   63            2              1          480        1200         8
   64            2              1          840         990         8
   65            2              3          750        1200         8
   66            2              1          480        1200         8
   67            2              1          750        1200         8
   68            2              3          878         998         8
   69            2              3          750        1200         8
   70            2              3          840         990         8
   71            2              3          750        1200         8
   72            3              3          480        1200         8
   73            2              1          750        1200         8
   74            3              3          842         962         8
   75            2              3          480        1200         8
   76            2              3          750        1200         8
   77            2              3          750        1200         8
   78            2              1          750        1200         8
   79            2              1          750        1200         8
   80            2             -1          480        1200        10
   81            2             -1          480         750        10
   82            2             -3          480        1200        10
   83            2             -3          480        1200        10
   84            2             -1          540         730        10
   85            2             -3          480        1200        10
   86            2             -3          480        1200        10
   87            2             -1          540         730         3
   88            2             -1          480        1200        10
   89            2             -1          480        1200        10
   90            2             -1          480        1200        10
   91            2             -1          480        1200        10
   92            2             -1          750        1200        10
   93            2             -3          480         750        10
   94            2             -3          480        1200        10
   95            2             -1          480        1200        10
   96            2             -1          480         750        10
   97            2             -1          480        1200        10
   98            2             -1          480         750        10
   99            2             -1          750        1200        10
  100            2             -1          480        1200        10
  101            2             -1          480        1200        10
  102            2             -1          840         980        10
  103            2             -3          480        1200         3
  104            2             -1          750        1200        10
  105            2             -1          720         870        10
  106            2             -3          480        1200        10
  107            2             -1          750        1200        10
  108            2             -1          750        1200        10
  109            2             -1          750        1200        10
  110            2             -3          480        1200         3
  111            2             -1          480        1200         3
  112            2             -3          480        1200         3
  113            2             -1          480        1200         3
  114            2             -3          840         980        10
  115            2             -3          960        1100        10
  116            2             -3          480        1200         3
  117            2             -3          480         750         3
  118            2             -1          480        1200         3
  119            2             -1          480        1200         3
  120            2             -1          960        1100        10
  121            2             -3          960        1100        10
  122            2             -3          750        1200         3
  123            2             -3          480        1200         3
  124            2             -1          707         887         3
  125            2             -3          845        1025         3
  126            2             -3          840         980        10
  127            2             -3          750        1200         3
  128            2             -3          777         957         3
  129            2             -1          785         965         3
  130            2             -3          480        1200        10
  131            2             -1          480        1200        10
  132            2             -1          750        1200        10
  133            3             -3          480        1200        10
  134            2             -1          877        1017        10
  135            2             -3          750        1200        10
  136            3             -3          945        1095         3
  137            2             -3          840         980        10
  138            2             -3          750        1200        10
  139            2             -1          750        1200        10
  140            2             -3          853        1033         3
  141            2             -3          787         967         3
  142            2             -1          480        1200         3
  143            2             -1          840        1020         3
  144            2             -3          750        1200        10
  145            2             -1          480        1200        10
  146            2             -1          750        1200        10
  147            2             -3          878        1028        10
  148            2             -3          750        1200         3
  149            2             -3          840        1020         3
  150            2             -3          750        1200        10
  151            3             -3          480        1200         3
  152            2             -1          750        1200        10
  153            3             -3          842         982         3
  154            2             -3          480        1200        10
  155            2             -3          750        1200        10
  156            2             -3          750        1200        10
  157            2             -1          750        1200        10
  158            2             -1          750        1200        10

Travel Time Between Locations
 0 11 11 11 11  0 11 11  0 11 11 11 11 11  0  0 11 11 11  0 11 11 11 11  0  0 11 12  0 11 11  0  0  0  0 12 12  0  0  0  0 12 12  0  0  0  0 12  0  0  0  0  0  0  0  0  0  0  0  0 12  0  0  0  0  0  0  0  0  0  0  0  0  0  0  0  0  0  0 11 13 13 17 17 18 12 16 12 10 10  9  7  9  9  5  9 10 10  6  7 15 13  7 11 16 15 12  7  7  9 12 12 12 12  9  9 12 12 12 12 11 11 12 12 12 12 11 11 11 11 11 10 12 13  5 15 12  9  9  6 11 11 11 11 15 12 12 13 12 12 13 11 10  9  6 10 13 13 17 
11  0  0  0  0 11  0  0 11  0  0  0  0  0 11 11  0  0  0 11  0  0  0  0 11 11  0  8 11  0  0 11 11 11 11  8  8 11 11 11 11  8  8 11 11 11 11  8 11 11 11 11 11 11 11 11 11 11 11 11  8 11 11 11 11 11 11 11 11 11 11 11 11 11 11 11 11 11 11  0  8  9 18 18 15 10 14  8  6  6  9 10  9  7  6  8  8  8 11  8 11  9 11  0 14 14 10 11  8 14  8  8  8  8  8  8  8  8  8  8  6  6  8  8  8  8  8  0  0  0  5  6 10  8  6 10  8  8  9 10  0  0  0  0 11  8  8  8  8  8  8  0  8 11 11  7  9  9 16 
11  0  0  0  0 11  0  0 11  0  0  0  0  0 11 11  0  0  0 11  0  0  0  0 11 11  0  8 11  0  0 11 11 11 11  8  8 11 11 11 11  8  8 11 11 11 11  8 11 11 11 11 11 11 11 11 11 11 11 11  8 11 11 11 11 11 11 11 11 11 11 11 11 11 11 11 11 11 11  0  8  9 18 18 15 10 14  8  6  6  9 10  9  7  6  8  8  8 11  8 11  9 11  0 14 14 10 11  8 14  8  8  8  8  8  8  8  8  8  8  6  6  8  8  8  8  8  0  0  0  5  6 10  8  6 10  8  8  9 10  0  0  0  0 11  8  8  8  8  8  8  0  8 11 11  7  9  9 16 
11  0  0  0  0 11  0  0 11  0  0  0  0  0 11 11  0  0  0 11  0  0  0  0 11 11  0  8 11  0  0 11 11 11 11  8  8 11 11 11 11  8  8 11 11 11 11  8 11 11 11 11 11 11 11 11 11 11 11 11  8 11 11 11 11 11 11 11 11 11 11 11 11 11 11 11 11 11 11  0  8  9 18 18 15 10 14  8  6  6  9 10  9  7  6  8  8  8 11  8 11  9 11  0 14 14 10 11  8 14  8  8  8  8  8  8  8  8  8  8  6  6  8  8  8  8  8  0  0  0  5  6 10  8  6 10  8  8  9 10  0  0  0  0 11  8  8  8  8  8  8  0  8 11 11  7  9  9 16 
11  0  0  0  0 11  0  0 11  0  0  0  0  0 11 11  0  0  0 11  0  0  0  0 11 11  0  8 11  0  0 11 11 11 11  8  8 11 11 11 11  8  8 11 11 11 11  8 11 11 11 11 11 11 11 11 11 11 11 11  8 11 11 11 11 11 11 11 11 11 11 11 11 11 11 11 11 11 11  0  8  9 18 18 15 10 14  8  6  6  9 10  9  7  6  8  8  8 11  8 11  9 11  0 14 14 10 11  8 14  8  8  8  8  8  8  8  8  8  8  6  6  8  8  8  8  8  0  0  0  5  6 10  8  6 10  8  8  9 10  0  0  0  0 11  8  8  8  8  8  8  0  8 11 11  7  9  9 16 
 0 11 11 11 11  0 11 11  0 11 11 11 11 11  0  0 11 11 11  0 11 11 11 11  0  0 11 12  0 11 11  0  0  0  0 12 12  0  0  0  0 12 12  0  0  0  0 12  0  0  0  0  0  0  0  0  0  0  0  0 12  0  0  0  0  0  0  0  0  0  0  0  0  0  0  0  0  0  0 11 13 13 17 17 18 12 16 12 10 10  9  7  9  9  5  9 10 10  6  7 15 13  7 11 16 15 12  7  7  9 12 12 12 12  9  9 12 12 12 12 11 11 12 12 12 12 11 11 11 11 11 10 12 13  5 15 12  9  9  6 11 11 11 11 15 12 12 13 12 12 13 11 10  9  6 10 13 13 17 
11  0  0  0  0 11  0  0 11  0  0  0  0  0 11 11  0  0  0 11  0  0  0  0 11 11  0  8 11  0  0 11 11 11 11  8  8 11 11 11 11  8  8 11 11 11 11  8 11 11 11 11 11 11 11 11 11 11 11 11  8 11 11 11 11 11 11 11 11 11 11 11 11 11 11 11 11 11 11  0  8  9 18 18 15 10 14  8  6  6  9 10  9  7  6  8  8  8 11  8 11  9 11  0 14 14 10 11  8 14  8  8  8  8  8  8  8  8  8  8  6  6  8  8  8  8  8  0  0  0  5  6 10  8  6 10  8  8  9 10  0  0  0  0 11  8  8  8  8  8  8  0  8 11 11  7  9  9 16 
11  0  0  0  0 11  0  0 11  0  0  0  0  0 11 11  0  0  0 11  0  0  0  0 11 11  0  8 11  0  0 11 11 11 11  8  8 11 11 11 11  8  8 11 11 11 11  8 11 11 11 11 11 11 11 11 11 11 11 11  8 11 11 11 11 11 11 11 11 11 11 11 11 11 11 11 11 11 11  0  8  9 18 18 15 10 14  8  6  6  9 10  9  7  6  8  8  8 11  8 11  9 11  0 14 14 10 11  8 14  8  8  8  8  8  8  8  8  8  8  6  6  8  8  8  8  8  0  0  0  5  6 10  8  6 10  8  8  9 10  0  0  0  0 11  8  8  8  8  8  8  0  8 11 11  7  9  9 16 
 0 11 11 11 11  0 11 11  0 11 11 11 11 11  0  0 11 11 11  0 11 11 11 11  0  0 11 12  0 11 11  0  0  0  0 12 12  0  0  0  0 12 12  0  0  0  0 12  0  0  0  0  0  0  0  0  0  0  0  0 12  0  0  0  0  0  0  0  0  0  0  0  0  0  0  0  0  0  0 11 13 13 17 17 18 12 16 12 10 10  9  7  9  9  5  9 10 10  6  7 15 13  7 11 16 15 12  7  7  9 12 12 12 12  9  9 12 12 12 12 11 11 12 12 12 12 11 11 11 11 11 10 12 13  5 15 12  9  9  6 11 11 11 11 15 12 12 13 12 12 13 11 10  9  6 10 13 13 17 
11  0  0  0  0 11  0  0 11  0  0  0  0  0 11 11  0  0  0 11  0  0  0  0 11 11  0  8 11  0  0 11 11 11 11  8  8 11 11 11 11  8  8 11 11 11 11  8 11 11 11 11 11 11 11 11 11 11 11 11  8 11 11 11 11 11 11 11 11 11 11 11 11 11 11 11 11 11 11  0  8  9 18 18 15 10 14  8  6  6  9 10  9  7  6  8  8  8 11  8 11  9 11  0 14 14 10 11  8 14  8  8  8  8  8  8  8  8  8  8  6  6  8  8  8  8  8  0  0  0  5  6 10  8  6 10  8  8  9 10  0  0  0  0 11  8  8  8  8  8  8  0  8 11 11  7  9  9 16 
11  0  0  0  0 11  0  0 11  0  0  0  0  0 11 11  0  0  0 11  0  0  0  0 11 11  0  8 11  0  0 11 11 11 11  8  8 11 11 11 11  8  8 11 11 11 11  8 11 11 11 11 11 11 11 11 11 11 11 11  8 11 11 11 11 11 11 11 11 11 11 11 11 11 11 11 11 11 11  0  8  9 18 18 15 10 14  8  6  6  9 10  9  7  6  8  8  8 11  8 11  9 11  0 14 14 10 11  8 14  8  8  8  8  8  8  8  8  8  8  6  6  8  8  8  8  8  0  0  0  5  6 10  8  6 10  8  8  9 10  0  0  0  0 11  8  8  8  8  8  8  0  8 11 11  7  9  9 16 
11  0  0  0  0 11  0  0 11  0  0  0  0  0 11 11  0  0  0 11  0  0  0  0 11 11  0  8 11  0  0 11 11 11 11  8  8 11 11 11 11  8  8 11 11 11 11  8 11 11 11 11 11 11 11 11 11 11 11 11  8 11 11 11 11 11 11 11 11 11 11 11 11 11 11 11 11 11 11  0  8  9 18 18 15 10 14  8  6  6  9 10  9  7  6  8  8  8 11  8 11  9 11  0 14 14 10 11  8 14  8  8  8  8  8  8  8  8  8  8  6  6  8  8  8  8  8  0  0  0  5  6 10  8  6 10  8  8  9 10  0  0  0  0 11  8  8  8  8  8  8  0  8 11 11  7  9  9 16 
11  0  0  0  0 11  0  0 11  0  0  0  0  0 11 11  0  0  0 11  0  0  0  0 11 11  0  8 11  0  0 11 11 11 11  8  8 11 11 11 11  8  8 11 11 11 11  8 11 11 11 11 11 11 11 11 11 11 11 11  8 11 11 11 11 11 11 11 11 11 11 11 11 11 11 11 11 11 11  0  8  9 18 18 15 10 14  8  6  6  9 10  9  7  6  8  8  8 11  8 11  9 11  0 14 14 10 11  8 14  8  8  8  8  8  8  8  8  8  8  6  6  8  8  8  8  8  0  0  0  5  6 10  8  6 10  8  8  9 10  0  0  0  0 11  8  8  8  8  8  8  0  8 11 11  7  9  9 16 
11  0  0  0  0 11  0  0 11  0  0  0  0  0 11 11  0  0  0 11  0  0  0  0 11 11  0  8 11  0  0 11 11 11 11  8  8 11 11 11 11  8  8 11 11 11 11  8 11 11 11 11 11 11 11 11 11 11 11 11  8 11 11 11 11 11 11 11 11 11 11 11 11 11 11 11 11 11 11  0  8  9 18 18 15 10 14  8  6  6  9 10  9  7  6  8  8  8 11  8 11  9 11  0 14 14 10 11  8 14  8  8  8  8  8  8  8  8  8  8  6  6  8  8  8  8  8  0  0  0  5  6 10  8  6 10  8  8  9 10  0  0  0  0 11  8  8  8  8  8  8  0  8 11 11  7  9  9 16 
 0 11 11 11 11  0 11 11  0 11 11 11 11 11  0  0 11 11 11  0 11 11 11 11  0  0 11 12  0 11 11  0  0  0  0 12 12  0  0  0  0 12 12  0  0  0  0 12  0  0  0  0  0  0  0  0  0  0  0  0 12  0  0  0  0  0  0  0  0  0  0  0  0  0  0  0  0  0  0 11 13 13 17 17 18 12 16 12 10 10  9  7  9  9  5  9 10 10  6  7 15 13  7 11 16 15 12  7  7  9 12 12 12 12  9  9 12 12 12 12 11 11 12 12 12 12 11 11 11 11 11 10 12 13  5 15 12  9  9  6 11 11 11 11 15 12 12 13 12 12 13 11 10  9  6 10 13 13 17 
 0 11 11 11 11  0 11 11  0 11 11 11 11 11  0  0 11 11 11  0 11 11 11 11  0  0 11 12  0 11 11  0  0  0  0 12 12  0  0  0  0 12 12  0  0  0  0 12  0  0  0  0  0  0  0  0  0  0  0  0 12  0  0  0  0  0  0  0  0  0  0  0  0  0  0  0  0  0  0 11 13 13 17 17 18 12 16 12 10 10  9  7  9  9  5  9 10 10  6  7 15 13  7 11 16 15 12  7  7  9 12 12 12 12  9  9 12 12 12 12 11 11 12 12 12 12 11 11 11 11 11 10 12 13  5 15 12  9  9  6 11 11 11 11 15 12 12 13 12 12 13 11 10  9  6 10 13 13 17 
11  0  0  0  0 11  0  0 11  0  0  0  0  0 11 11  0  0  0 11  0  0  0  0 11 11  0  8 11  0  0 11 11 11 11  8  8 11 11 11 11  8  8 11 11 11 11  8 11 11 11 11 11 11 11 11 11 11 11 11  8 11 11 11 11 11 11 11 11 11 11 11 11 11 11 11 11 11 11  0  8  9 18 18 15 10 14  8  6  6  9 10  9  7  6  8  8  8 11  8 11  9 11  0 14 14 10 11  8 14  8  8  8  8  8  8  8  8  8  8  6  6  8  8  8  8  8  0  0  0  5  6 10  8  6 10  8  8  9 10  0  0  0  0 11  8  8  8  8  8  8  0  8 11 11  7  9  9 16 
11  0  0  0  0 11  0  0 11  0  0  0  0  0 11 11  0  0  0 11  0  0  0  0 11 11  0  8 11  0  0 11 11 11 11  8  8 11 11 11 11  8  8 11 11 11 11  8 11 11 11 11 11 11 11 11 11 11 11 11  8 11 11 11 11 11 11 11 11 11 11 11 11 11 11 11 11 11 11  0  8  9 18 18 15 10 14  8  6  6  9 10  9  7  6  8  8  8 11  8 11  9 11  0 14 14 10 11  8 14  8  8  8  8  8  8  8  8  8  8  6  6  8  8  8  8  8  0  0  0  5  6 10  8  6 10  8  8  9 10  0  0  0  0 11  8  8  8  8  8  8  0  8 11 11  7  9  9 16 
11  0  0  0  0 11  0  0 11  0  0  0  0  0 11 11  0  0  0 11  0  0  0  0 11 11  0  8 11  0  0 11 11 11 11  8  8 11 11 11 11  8  8 11 11 11 11  8 11 11 11 11 11 11 11 11 11 11 11 11  8 11 11 11 11 11 11 11 11 11 11 11 11 11 11 11 11 11 11  0  8  9 18 18 15 10 14  8  6  6  9 10  9  7  6  8  8  8 11  8 11  9 11  0 14 14 10 11  8 14  8  8  8  8  8  8  8  8  8  8  6  6  8  8  8  8  8  0  0  0  5  6 10  8  6 10  8  8  9 10  0  0  0  0 11  8  8  8  8  8  8  0  8 11 11  7  9  9 16 
 0 11 11 11 11  0 11 11  0 11 11 11 11 11  0  0 11 11 11  0 11 11 11 11  0  0 11 12  0 11 11  0  0  0  0 12 12  0  0  0  0 12 12  0  0  0  0 12  0  0  0  0  0  0  0  0  0  0  0  0 12  0  0  0  0  0  0  0  0  0  0  0  0  0  0  0  0  0  0 11 13 13 17 17 18 12 16 12 10 10  9  7  9  9  5  9 10 10  6  7 15 13  7 11 16 15 12  7  7  9 12 12 12 12  9  9 12 12 12 12 11 11 12 12 12 12 11 11 11 11 11 10 12 13  5 15 12  9  9  6 11 11 11 11 15 12 12 13 12 12 13 11 10  9  6 10 13 13 17 
11  0  0  0  0 11  0  0 11  0  0  0  0  0 11 11  0  0  0 11  0  0  0  0 11 11  0  8 11  0  0 11 11 11 11  8  8 11 11 11 11  8  8 11 11 11 11  8 11 11 11 11 11 11 11 11 11 11 11 11  8 11 11 11 11 11 11 11 11 11 11 11 11 11 11 11 11 11 11  0  8  9 18 18 15 10 14  8  6  6  9 10  9  7  6  8  8  8 11  8 11  9 11  0 14 14 10 11  8 14  8  8  8  8  8  8  8  8  8  8  6  6  8  8  8  8  8  0  0  0  5  6 10  8  6 10  8  8  9 10  0  0  0  0 11  8  8  8  8  8  8  0  8 11 11  7  9  9 16 
11  0  0  0  0 11  0  0 11  0  0  0  0  0 11 11  0  0  0 11  0  0  0  0 11 11  0  8 11  0  0 11 11 11 11  8  8 11 11 11 11  8  8 11 11 11 11  8 11 11 11 11 11 11 11 11 11 11 11 11  8 11 11 11 11 11 11 11 11 11 11 11 11 11 11 11 11 11 11  0  8  9 18 18 15 10 14  8  6  6  9 10  9  7  6  8  8  8 11  8 11  9 11  0 14 14 10 11  8 14  8  8  8  8  8  8  8  8  8  8  6  6  8  8  8  8  8  0  0  0  5  6 10  8  6 10  8  8  9 10  0  0  0  0 11  8  8  8  8  8  8  0  8 11 11  7  9  9 16 
11  0  0  0  0 11  0  0 11  0  0  0  0  0 11 11  0  0  0 11  0  0  0  0 11 11  0  8 11  0  0 11 11 11 11  8  8 11 11 11 11  8  8 11 11 11 11  8 11 11 11 11 11 11 11 11 11 11 11 11  8 11 11 11 11 11 11 11 11 11 11 11 11 11 11 11 11 11 11  0  8  9 18 18 15 10 14  8  6  6  9 10  9  7  6  8  8  8 11  8 11  9 11  0 14 14 10 11  8 14  8  8  8  8  8  8  8  8  8  8  6  6  8  8  8  8  8  0  0  0  5  6 10  8  6 10  8  8  9 10  0  0  0  0 11  8  8  8  8  8  8  0  8 11 11  7  9  9 16 
11  0  0  0  0 11  0  0 11  0  0  0  0  0 11 11  0  0  0 11  0  0  0  0 11 11  0  8 11  0  0 11 11 11 11  8  8 11 11 11 11  8  8 11 11 11 11  8 11 11 11 11 11 11 11 11 11 11 11 11  8 11 11 11 11 11 11 11 11 11 11 11 11 11 11 11 11 11 11  0  8  9 18 18 15 10 14  8  6  6  9 10  9  7  6  8  8  8 11  8 11  9 11  0 14 14 10 11  8 14  8  8  8  8  8  8  8  8  8  8  6  6  8  8  8  8  8  0  0  0  5  6 10  8  6 10  8  8  9 10  0  0  0  0 11  8  8  8  8  8  8  0  8 11 11  7  9  9 16 
 0 11 11 11 11  0 11 11  0 11 11 11 11 11  0  0 11 11 11  0 11 11 11 11  0  0 11 12  0 11 11  0  0  0  0 12 12  0  0  0  0 12 12  0  0  0  0 12  0  0  0  0  0  0  0  0  0  0  0  0 12  0  0  0  0  0  0  0  0  0  0  0  0  0  0  0  0  0  0 11 13 13 17 17 18 12 16 12 10 10  9  7  9  9  5  9 10 10  6  7 15 13  7 11 16 15 12  7  7  9 12 12 12 12  9  9 12 12 12 12 11 11 12 12 12 12 11 11 11 11 11 10 12 13  5 15 12  9  9  6 11 11 11 11 15 12 12 13 12 12 13 11 10  9  6 10 13 13 17 
 0 11 11 11 11  0 11 11  0 11 11 11 11 11  0  0 11 11 11  0 11 11 11 11  0  0 11 12  0 11 11  0  0  0  0 12 12  0  0  0  0 12 12  0  0  0  0 12  0  0  0  0  0  0  0  0  0  0  0  0 12  0  0  0  0  0  0  0  0  0  0  0  0  0  0  0  0  0  0 11 13 13 17 17 18 12 16 12 10 10  9  7  9  9  5  9 10 10  6  7 15 13  7 11 16 15 12  7  7  9 12 12 12 12  9  9 12 12 12 12 11 11 12 12 12 12 11 11 11 11 11 10 12 13  5 15 12  9  9  6 11 11 11 11 15 12 12 13 12 12 13 11 10  9  6 10 13 13 17 
11  0  0  0  0 11  0  0 11  0  0  0  0  0 11 11  0  0  0 11  0  0  0  0 11 11  0  8 11  0  0 11 11 11 11  8  8 11 11 11 11  8  8 11 11 11 11  8 11 11 11 11 11 11 11 11 11 11 11 11  8 11 11 11 11 11 11 11 11 11 11 11 11 11 11 11 11 11 11  0  8  9 18 18 15 10 14  8  6  6  9 10  9  7  6  8  8  8 11  8 11  9 11  0 14 14 10 11  8 14  8  8  8  8  8  8  8  8  8  8  6  6  8  8  8  8  8  0  0  0  5  6 10  8  6 10  8  8  9 10  0  0  0  0 11  8  8  8  8  8  8  0  8 11 11  7  9  9 16 
12  8  8  8  8 12  8  8 12  8  8  8  8  8 12 12  8  8  8 12  8  8  8  8 12 12  8  0 12  8  8 12 12 12 12  0  0 12 12 12 12  0  0 12 12 12 12  0 12 12 12 12 12 12 12 12 12 12 12 12  0 12 12 12 12 12 12 12 12 12 12 12 12 12 12 12 12 12 12  8  3  9 14 16 10  8 12  0  4  4  9  8  9  7  9 10  4  4  8  7  6  7 11  8 12 11  8 12  7 18  0  0  0  0  5  5  0  0  0  0  5  5  0  0  0  0  6  8  8  8  5  4  3  7  9  5  6  9  9 10  8  8  8  8  6  6  6  6  0  0  3  8  4  8 13  4  5  7 11 
 0 11 11 11 11  0 11 11  0 11 11 11 11 11  0  0 11 11 11  0 11 11 11 11  0  0 11 12  0 11 11  0  0  0  0 12 12  0  0  0  0 12 12  0  0  0  0 12  0  0  0  0  0  0  0  0  0  0  0  0 12  0  0  0  0  0  0  0  0  0  0  0  0  0  0  0  0  0  0 11 13 13 17 17 18 12 16 12 10 10  9  7  9  9  5  9 10 10  6  7 15 13  7 11 16 15 12  7  7  9 12 12 12 12  9  9 12 12 12 12 11 11 12 12 12 12 11 11 11 11 11 10 12 13  5 15 12  9  9  6 11 11 11 11 15 12 12 13 12 12 13 11 10  9  6 10 13 13 17 
11  0  0  0  0 11  0  0 11  0  0  0  0  0 11 11  0  0  0 11  0  0  0  0 11 11  0  8 11  0  0 11 11 11 11  8  8 11 11 11 11  8  8 11 11 11 11  8 11 11 11 11 11 11 11 11 11 11 11 11  8 11 11 11 11 11 11 11 11 11 11 11 11 11 11 11 11 11 11  0  8  9 18 18 15 10 14  8  6  6  9 10  9  7  6  8  8  8 11  8 11  9 11  0 14 14 10 11  8 14  8  8  8  8  8  8  8  8  8  8  6  6  8  8  8  8  8  0  0  0  5  6 10  8  6 10  8  8  9 10  0  0  0  0 11  8  8  8  8  8  8  0  8 11 11  7  9  9 16 
11  0  0  0  0 11  0  0 11  0  0  0  0  0 11 11  0  0  0 11  0  0  0  0 11 11  0  8 11  0  0 11 11 11 11  8  8 11 11 11 11  8  8 11 11 11 11  8 11 11 11 11 11 11 11 11 11 11 11 11  8 11 11 11 11 11 11 11 11 11 11 11 11 11 11 11 11 11 11  0  8  9 18 18 15 10 14  8  6  6  9 10  9  7  6  8  8  8 11  8 11  9 11  0 14 14 10 11  8 14  8  8  8  8  8  8  8  8  8  8  6  6  8  8  8  8  8  0  0  0  5  6 10  8  6 10  8  8  9 10  0  0  0  0 11  8  8  8  8  8  8  0  8 11 11  7  9  9 16 
 0 11 11 11 11  0 11 11  0 11 11 11 11 11  0  0 11 11 11  0 11 11 11 11  0  0 11 12  0 11 11  0  0  0  0 12 12  0  0  0  0 12 12  0  0  0  0 12  0  0  0  0  0  0  0  0  0  0  0  0 12  0  0  0  0  0  0  0  0  0  0  0  0  0  0  0  0  0  0 11 13 13 17 17 18 12 16 12 10 10  9  7  9  9  5  9 10 10  6  7 15 13  7 11 16 15 12  7  7  9 12 12 12 12  9  9 12 12 12 12 11 11 12 12 12 12 11 11 11 11 11 10 12 13  5 15 12  9  9  6 11 11 11 11 15 12 12 13 12 12 13 11 10  9  6 10 13 13 17 
 0 11 11 11 11  0 11 11  0 11 11 11 11 11  0  0 11 11 11  0 11 11 11 11  0  0 11 12  0 11 11  0  0  0  0 12 12  0  0  0  0 12 12  0  0  0  0 12  0  0  0  0  0  0  0  0  0  0  0  0 12  0  0  0  0  0  0  0  0  0  0  0  0  0  0  0  0  0  0 11 13 13 17 17 18 12 16 12 10 10  9  7  9  9  5  9 10 10  6  7 15 13  7 11 16 15 12  7  7  9 12 12 12 12  9  9 12 12 12 12 11 11 12 12 12 12 11 11 11 11 11 10 12 13  5 15 12  9  9  6 11 11 11 11 15 12 12 13 12 12 13 11 10  9  6 10 13 13 17 
 0 11 11 11 11  0 11 11  0 11 11 11 11 11  0  0 11 11 11  0 11 11 11 11  0  0 11 12  0 11 11  0  0  0  0 12 12  0  0  0  0 12 12  0  0  0  0 12  0  0  0  0  0  0  0  0  0  0  0  0 12  0  0  0  0  0  0  0  0  0  0  0  0  0  0  0  0  0  0 11 13 13 17 17 18 12 16 12 10 10  9  7  9  9  5  9 10 10  6  7 15 13  7 11 16 15 12  7  7  9 12 12 12 12  9  9 12 12 12 12 11 11 12 12 12 12 11 11 11 11 11 10 12 13  5 15 12  9  9  6 11 11 11 11 15 12 12 13 12 12 13 11 10  9  6 10 13 13 17 
 0 11 11 11 11  0 11 11  0 11 11 11 11 11  0  0 11 11 11  0 11 11 11 11  0  0 11 12  0 11 11  0  0  0  0 12 12  0  0  0  0 12 12  0  0  0  0 12  0  0  0  0  0  0  0  0  0  0  0  0 12  0  0  0  0  0  0  0  0  0  0  0  0  0  0  0  0  0  0 11 13 13 17 17 18 12 16 12 10 10  9  7  9  9  5  9 10 10  6  7 15 13  7 11 16 15 12  7  7  9 12 12 12 12  9  9 12 12 12 12 11 11 12 12 12 12 11 11 11 11 11 10 12 13  5 15 12  9  9  6 11 11 11 11 15 12 12 13 12 12 13 11 10  9  6 10 13 13 17 
12  8  8  8  8 12  8  8 12  8  8  8  8  8 12 12  8  8  8 12  8  8  8  8 12 12  8  0 12  8  8 12 12 12 12  0  0 12 12 12 12  0  0 12 12 12 12  0 12 12 12 12 12 12 12 12 12 12 12 12  0 12 12 12 12 12 12 12 12 12 12 12 12 12 12 12 12 12 12  8  3  9 14 16 10  8 12  0  4  4  9  8  9  7  9 10  4  4  8  7  6  7 11  8 12 11  8 12  7 18  0  0  0  0  5  5  0  0  0  0  5  5  0  0  0  0  6  8  8  8  5  4  3  7  9  5  6  9  9 10  8  8  8  8  6  6  6  6  0  0  3  8  4  8 13  4  5  7 11 
12  8  8  8  8 12  8  8 12  8  8  8  8  8 12 12  8  8  8 12  8  8  8  8 12 12  8  0 12  8  8 12 12 12 12  0  0 12 12 12 12  0  0 12 12 12 12  0 12 12 12 12 12 12 12 12 12 12 12 12  0 12 12 12 12 12 12 12 12 12 12 12 12 12 12 12 12 12 12  8  3  9 14 16 10  8 12  0  4  4  9  8  9  7  9 10  4  4  8  7  6  7 11  8 12 11  8 12  7 18  0  0  0  0  5  5  0  0  0  0  5  5  0  0  0  0  6  8  8  8  5  4  3  7  9  5  6  9  9 10  8  8  8  8  6  6  6  6  0  0  3  8  4  8 13  4  5  7 11 
 0 11 11 11 11  0 11 11  0 11 11 11 11 11  0  0 11 11 11  0 11 11 11 11  0  0 11 12  0 11 11  0  0  0  0 12 12  0  0  0  0 12 12  0  0  0  0 12  0  0  0  0  0  0  0  0  0  0  0  0 12  0  0  0  0  0  0  0  0  0  0  0  0  0  0  0  0  0  0 11 13 13 17 17 18 12 16 12 10 10  9  7  9  9  5  9 10 10  6  7 15 13  7 11 16 15 12  7  7  9 12 12 12 12  9  9 12 12 12 12 11 11 12 12 12 12 11 11 11 11 11 10 12 13  5 15 12  9  9  6 11 11 11 11 15 12 12 13 12 12 13 11 10  9  6 10 13 13 17 
 0 11 11 11 11  0 11 11  0 11 11 11 11 11  0  0 11 11 11  0 11 11 11 11  0  0 11 12  0 11 11  0  0  0  0 12 12  0  0  0  0 12 12  0  0  0  0 12  0  0  0  0  0  0  0  0  0  0  0  0 12  0  0  0  0  0  0  0  0  0  0  0  0  0  0  0  0  0  0 11 13 13 17 17 18 12 16 12 10 10  9  7  9  9  5  9 10 10  6  7 15 13  7 11 16 15 12  7  7  9 12 12 12 12  9  9 12 12 12 12 11 11 12 12 12 12 11 11 11 11 11 10 12 13  5 15 12  9  9  6 11 11 11 11 15 12 12 13 12 12 13 11 10  9  6 10 13 13 17 
 0 11 11 11 11  0 11 11  0 11 11 11 11 11  0  0 11 11 11  0 11 11 11 11  0  0 11 12  0 11 11  0  0  0  0 12 12  0  0  0  0 12 12  0  0  0  0 12  0  0  0  0  0  0  0  0  0  0  0  0 12  0  0  0  0  0  0  0  0  0  0  0  0  0  0  0  0  0  0 11 13 13 17 17 18 12 16 12 10 10  9  7  9  9  5  9 10 10  6  7 15 13  7 11 16 15 12  7  7  9 12 12 12 12  9  9 12 12 12 12 11 11 12 12 12 12 11 11 11 11 11 10 12 13  5 15 12  9  9  6 11 11 11 11 15 12 12 13 12 12 13 11 10  9  6 10 13 13 17 
 0 11 11 11 11  0 11 11  0 11 11 11 11 11  0  0 11 11 11  0 11 11 11 11  0  0 11 12  0 11 11  0  0  0  0 12 12  0  0  0  0 12 12  0  0  0  0 12  0  0  0  0  0  0  0  0  0  0  0  0 12  0  0  0  0  0  0  0  0  0  0  0  0  0  0  0  0  0  0 11 13 13 17 17 18 12 16 12 10 10  9  7  9  9  5  9 10 10  6  7 15 13  7 11 16 15 12  7  7  9 12 12 12 12  9  9 12 12 12 12 11 11 12 12 12 12 11 11 11 11 11 10 12 13  5 15 12  9  9  6 11 11 11 11 15 12 12 13 12 12 13 11 10  9  6 10 13 13 17 
12  8  8  8  8 12  8  8 12  8  8  8  8  8 12 12  8  8  8 12  8  8  8  8 12 12  8  0 12  8  8 12 12 12 12  0  0 12 12 12 12  0  0 12 12 12 12  0 12 12 12 12 12 12 12 12 12 12 12 12  0 12 12 12 12 12 12 12 12 12 12 12 12 12 12 12 12 12 12  8  3  9 14 16 10  8 12  0  4  4  9  8  9  7  9 10  4  4  8  7  6  7 11  8 12 11  8 12  7 18  0  0  0  0  5  5  0  0  0  0  5  5  0  0  0  0  6  8  8  8  5  4  3  7  9  5  6  9  9 10  8  8  8  8  6  6  6  6  0  0  3  8  4  8 13  4  5  7 11 
12  8  8  8  8 12  8  8 12  8  8  8  8  8 12 12  8  8  8 12  8  8  8  8 12 12  8  0 12  8  8 12 12 12 12  0  0 12 12 12 12  0  0 12 12 12 12  0 12 12 12 12 12 12 12 12 12 12 12 12  0 12 12 12 12 12 12 12 12 12 12 12 12 12 12 12 12 12 12  8  3  9 14 16 10  8 12  0  4  4  9  8  9  7  9 10  4  4  8  7  6  7 11  8 12 11  8 12  7 18  0  0  0  0  5  5  0  0  0  0  5  5  0  0  0  0  6  8  8  8  5  4  3  7  9  5  6  9  9 10  8  8  8  8  6  6  6  6  0  0  3  8  4  8 13  4  5  7 11 
 0 11 11 11 11  0 11 11  0 11 11 11 11 11  0  0 11 11 11  0 11 11 11 11  0  0 11 12  0 11 11  0  0  0  0 12 12  0  0  0  0 12 12  0  0  0  0 12  0  0  0  0  0  0  0  0  0  0  0  0 12  0  0  0  0  0  0  0  0  0  0  0  0  0  0  0  0  0  0 11 13 13 17 17 18 12 16 12 10 10  9  7  9  9  5  9 10 10  6  7 15 13  7 11 16 15 12  7  7  9 12 12 12 12  9  9 12 12 12 12 11 11 12 12 12 12 11 11 11 11 11 10 12 13  5 15 12  9  9  6 11 11 11 11 15 12 12 13 12 12 13 11 10  9  6 10 13 13 17 
 0 11 11 11 11  0 11 11  0 11 11 11 11 11  0  0 11 11 11  0 11 11 11 11  0  0 11 12  0 11 11  0  0  0  0 12 12  0  0  0  0 12 12  0  0  0  0 12  0  0  0  0  0  0  0  0  0  0  0  0 12  0  0  0  0  0  0  0  0  0  0  0  0  0  0  0  0  0  0 11 13 13 17 17 18 12 16 12 10 10  9  7  9  9  5  9 10 10  6  7 15 13  7 11 16 15 12  7  7  9 12 12 12 12  9  9 12 12 12 12 11 11 12 12 12 12 11 11 11 11 11 10 12 13  5 15 12  9  9  6 11 11 11 11 15 12 12 13 12 12 13 11 10  9  6 10 13 13 17 
 0 11 11 11 11  0 11 11  0 11 11 11 11 11  0  0 11 11 11  0 11 11 11 11  0  0 11 12  0 11 11  0  0  0  0 12 12  0  0  0  0 12 12  0  0  0  0 12  0  0  0  0  0  0  0  0  0  0  0  0 12  0  0  0  0  0  0  0  0  0  0  0  0  0  0  0  0  0  0 11 13 13 17 17 18 12 16 12 10 10  9  7  9  9  5  9 10 10  6  7 15 13  7 11 16 15 12  7  7  9 12 12 12 12  9  9 12 12 12 12 11 11 12 12 12 12 11 11 11 11 11 10 12 13  5 15 12  9  9  6 11 11 11 11 15 12 12 13 12 12 13 11 10  9  6 10 13 13 17 
 0 11 11 11 11  0 11 11  0 11 11 11 11 11  0  0 11 11 11  0 11 11 11 11  0  0 11 12  0 11 11  0  0  0  0 12 12  0  0  0  0 12 12  0  0  0  0 12  0  0  0  0  0  0  0  0  0  0  0  0 12  0  0  0  0  0  0  0  0  0  0  0  0  0  0  0  0  0  0 11 13 13 17 17 18 12 16 12 10 10  9  7  9  9  5  9 10 10  6  7 15 13  7 11 16 15 12  7  7  9 12 12 12 12  9  9 12 12 12 12 11 11 12 12 12 12 11 11 11 11 11 10 12 13  5 15 12  9  9  6 11 11 11 11 15 12 12 13 12 12 13 11 10  9  6 10 13 13 17 
12  8  8  8  8 12  8  8 12  8  8  8  8  8 12 12  8  8  8 12  8  8  8  8 12 12  8  0 12  8  8 12 12 12 12  0  0 12 12 12 12  0  0 12 12 12 12  0 12 12 12 12 12 12 12 12 12 12 12 12  0 12 12 12 12 12 12 12 12 12 12 12 12 12 12 12 12 12 12  8  3  9 14 16 10  8 12  0  4  4  9  8  9  7  9 10  4  4  8  7  6  7 11  8 12 11  8 12  7 18  0  0  0  0  5  5  0  0  0  0  5  5  0  0  0  0  6  8  8  8  5  4  3  7  9  5  6  9  9 10  8  8  8  8  6  6  6  6  0  0  3  8  4  8 13  4  5  7 11 
 0 11 11 11 11  0 11 11  0 11 11 11 11 11  0  0 11 11 11  0 11 11 11 11  0  0 11 12  0 11 11  0  0  0  0 12 12  0  0  0  0 12 12  0  0  0  0 12  0  0  0  0  0  0  0  0  0  0  0  0 12  0  0  0  0  0  0  0  0  0  0  0  0  0  0  0  0  0  0 11 13 13 17 17 18 12 16 12 10 10  9  7  9  9  5  9 10 10  6  7 15 13  7 11 16 15 12  7  7  9 12 12 12 12  9  9 12 12 12 12 11 11 12 12 12 12 11 11 11 11 11 10 12 13  5 15 12  9  9  6 11 11 11 11 15 12 12 13 12 12 13 11 10  9  6 10 13 13 17 
 0 11 11 11 11  0 11 11  0 11 11 11 11 11  0  0 11 11 11  0 11 11 11 11  0  0 11 12  0 11 11  0  0  0  0 12 12  0  0  0  0 12 12  0  0  0  0 12  0  0  0  0  0  0  0  0  0  0  0  0 12  0  0  0  0  0  0  0  0  0  0  0  0  0  0  0  0  0  0 11 13 13 17 17 18 12 16 12 10 10  9  7  9  9  5  9 10 10  6  7 15 13  7 11 16 15 12  7  7  9 12 12 12 12  9  9 12 12 12 12 11 11 12 12 12 12 11 11 11 11 11 10 12 13  5 15 12  9  9  6 11 11 11 11 15 12 12 13 12 12 13 11 10  9  6 10 13 13 17 
 0 11 11 11 11  0 11 11  0 11 11 11 11 11  0  0 11 11 11  0 11 11 11 11  0  0 11 12  0 11 11  0  0  0  0 12 12  0  0  0  0 12 12  0  0  0  0 12  0  0  0  0  0  0  0  0  0  0  0  0 12  0  0  0  0  0  0  0  0  0  0  0  0  0  0  0  0  0  0 11 13 13 17 17 18 12 16 12 10 10  9  7  9  9  5  9 10 10  6  7 15 13  7 11 16 15 12  7  7  9 12 12 12 12  9  9 12 12 12 12 11 11 12 12 12 12 11 11 11 11 11 10 12 13  5 15 12  9  9  6 11 11 11 11 15 12 12 13 12 12 13 11 10  9  6 10 13 13 17 
 0 11 11 11 11  0 11 11  0 11 11 11 11 11  0  0 11 11 11  0 11 11 11 11  0  0 11 12  0 11 11  0  0  0  0 12 12  0  0  0  0 12 12  0  0  0  0 12  0  0  0  0  0  0  0  0  0  0  0  0 12  0  0  0  0  0  0  0  0  0  0  0  0  0  0  0  0  0  0 11 13 13 17 17 18 12 16 12 10 10  9  7  9  9  5  9 10 10  6  7 15 13  7 11 16 15 12  7  7  9 12 12 12 12  9  9 12 12 12 12 11 11 12 12 12 12 11 11 11 11 11 10 12 13  5 15 12  9  9  6 11 11 11 11 15 12 12 13 12 12 13 11 10  9  6 10 13 13 17 
 0 11 11 11 11  0 11 11  0 11 11 11 11 11  0  0 11 11 11  0 11 11 11 11  0  0 11 12  0 11 11  0  0  0  0 12 12  0  0  0  0 12 12  0  0  0  0 12  0  0  0  0  0  0  0  0  0  0  0  0 12  0  0  0  0  0  0  0  0  0  0  0  0  0  0  0  0  0  0 11 13 13 17 17 18 12 16 12 10 10  9  7  9  9  5  9 10 10  6  7 15 13  7 11 16 15 12  7  7  9 12 12 12 12  9  9 12 12 12 12 11 11 12 12 12 12 11 11 11 11 11 10 12 13  5 15 12  9  9  6 11 11 11 11 15 12 12 13 12 12 13 11 10  9  6 10 13 13 17 
 0 11 11 11 11  0 11 11  0 11 11 11 11 11  0  0 11 11 11  0 11 11 11 11  0  0 11 12  0 11 11  0  0  0  0 12 12  0  0  0  0 12 12  0  0  0  0 12  0  0  0  0  0  0  0  0  0  0  0  0 12  0  0  0  0  0  0  0  0  0  0  0  0  0  0  0  0  0  0 11 13 13 17 17 18 12 16 12 10 10  9  7  9  9  5  9 10 10  6  7 15 13  7 11 16 15 12  7  7  9 12 12 12 12  9  9 12 12 12 12 11 11 12 12 12 12 11 11 11 11 11 10 12 13  5 15 12  9  9  6 11 11 11 11 15 12 12 13 12 12 13 11 10  9  6 10 13 13 17 
 0 11 11 11 11  0 11 11  0 11 11 11 11 11  0  0 11 11 11  0 11 11 11 11  0  0 11 12  0 11 11  0  0  0  0 12 12  0  0  0  0 12 12  0  0  0  0 12  0  0  0  0  0  0  0  0  0  0  0  0 12  0  0  0  0  0  0  0  0  0  0  0  0  0  0  0  0  0  0 11 13 13 17 17 18 12 16 12 10 10  9  7  9  9  5  9 10 10  6  7 15 13  7 11 16 15 12  7  7  9 12 12 12 12  9  9 12 12 12 12 11 11 12 12 12 12 11 11 11 11 11 10 12 13  5 15 12  9  9  6 11 11 11 11 15 12 12 13 12 12 13 11 10  9  6 10 13 13 17 
 0 11 11 11 11  0 11 11  0 11 11 11 11 11  0  0 11 11 11  0 11 11 11 11  0  0 11 12  0 11 11  0  0  0  0 12 12  0  0  0  0 12 12  0  0  0  0 12  0  0  0  0  0  0  0  0  0  0  0  0 12  0  0  0  0  0  0  0  0  0  0  0  0  0  0  0  0  0  0 11 13 13 17 17 18 12 16 12 10 10  9  7  9  9  5  9 10 10  6  7 15 13  7 11 16 15 12  7  7  9 12 12 12 12  9  9 12 12 12 12 11 11 12 12 12 12 11 11 11 11 11 10 12 13  5 15 12  9  9  6 11 11 11 11 15 12 12 13 12 12 13 11 10  9  6 10 13 13 17 
 0 11 11 11 11  0 11 11  0 11 11 11 11 11  0  0 11 11 11  0 11 11 11 11  0  0 11 12  0 11 11  0  0  0  0 12 12  0  0  0  0 12 12  0  0  0  0 12  0  0  0  0  0  0  0  0  0  0  0  0 12  0  0  0  0  0  0  0  0  0  0  0  0  0  0  0  0  0  0 11 13 13 17 17 18 12 16 12 10 10  9  7  9  9  5  9 10 10  6  7 15 13  7 11 16 15 12  7  7  9 12 12 12 12  9  9 12 12 12 12 11 11 12 12 12 12 11 11 11 11 11 10 12 13  5 15 12  9  9  6 11 11 11 11 15 12 12 13 12 12 13 11 10  9  6 10 13 13 17 
 0 11 11 11 11  0 11 11  0 11 11 11 11 11  0  0 11 11 11  0 11 11 11 11  0  0 11 12  0 11 11  0  0  0  0 12 12  0  0  0  0 12 12  0  0  0  0 12  0  0  0  0  0  0  0  0  0  0  0  0 12  0  0  0  0  0  0  0  0  0  0  0  0  0  0  0  0  0  0 11 13 13 17 17 18 12 16 12 10 10  9  7  9  9  5  9 10 10  6  7 15 13  7 11 16 15 12  7  7  9 12 12 12 12  9  9 12 12 12 12 11 11 12 12 12 12 11 11 11 11 11 10 12 13  5 15 12  9  9  6 11 11 11 11 15 12 12 13 12 12 13 11 10  9  6 10 13 13 17 
 0 11 11 11 11  0 11 11  0 11 11 11 11 11  0  0 11 11 11  0 11 11 11 11  0  0 11 12  0 11 11  0  0  0  0 12 12  0  0  0  0 12 12  0  0  0  0 12  0  0  0  0  0  0  0  0  0  0  0  0 12  0  0  0  0  0  0  0  0  0  0  0  0  0  0  0  0  0  0 11 13 13 17 17 18 12 16 12 10 10  9  7  9  9  5  9 10 10  6  7 15 13  7 11 16 15 12  7  7  9 12 12 12 12  9  9 12 12 12 12 11 11 12 12 12 12 11 11 11 11 11 10 12 13  5 15 12  9  9  6 11 11 11 11 15 12 12 13 12 12 13 11 10  9  6 10 13 13 17 
 0 11 11 11 11  0 11 11  0 11 11 11 11 11  0  0 11 11 11  0 11 11 11 11  0  0 11 12  0 11 11  0  0  0  0 12 12  0  0  0  0 12 12  0  0  0  0 12  0  0  0  0  0  0  0  0  0  0  0  0 12  0  0  0  0  0  0  0  0  0  0  0  0  0  0  0  0  0  0 11 13 13 17 17 18 12 16 12 10 10  9  7  9  9  5  9 10 10  6  7 15 13  7 11 16 15 12  7  7  9 12 12 12 12  9  9 12 12 12 12 11 11 12 12 12 12 11 11 11 11 11 10 12 13  5 15 12  9  9  6 11 11 11 11 15 12 12 13 12 12 13 11 10  9  6 10 13 13 17 
12  8  8  8  8 12  8  8 12  8  8  8  8  8 12 12  8  8  8 12  8  8  8  8 12 12  8  0 12  8  8 12 12 12 12  0  0 12 12 12 12  0  0 12 12 12 12  0 12 12 12 12 12 12 12 12 12 12 12 12  0 12 12 12 12 12 12 12 12 12 12 12 12 12 12 12 12 12 12  8  3  9 14 16 10  8 12  0  4  4  9  8  9  7  9 10  4  4  8  7  6  7 11  8 12 11  8 12  7 18  0  0  0  0  5  5  0  0  0  0  5  5  0  0  0  0  6  8  8  8  5  4  3  7  9  5  6  9  9 10  8  8  8  8  6  6  6  6  0  0  3  8  4  8 13  4  5  7 11 
 0 11 11 11 11  0 11 11  0 11 11 11 11 11  0  0 11 11 11  0 11 11 11 11  0  0 11 12  0 11 11  0  0  0  0 12 12  0  0  0  0 12 12  0  0  0  0 12  0  0  0  0  0  0  0  0  0  0  0  0 12  0  0  0  0  0  0  0  0  0  0  0  0  0  0  0  0  0  0 11 13 13 17 17 18 12 16 12 10 10  9  7  9  9  5  9 10 10  6  7 15 13  7 11 16 15 12  7  7  9 12 12 12 12  9  9 12 12 12 12 11 11 12 12 12 12 11 11 11 11 11 10 12 13  5 15 12  9  9  6 11 11 11 11 15 12 12 13 12 12 13 11 10  9  6 10 13 13 17 
 0 11 11 11 11  0 11 11  0 11 11 11 11 11  0  0 11 11 11  0 11 11 11 11  0  0 11 12  0 11 11  0  0  0  0 12 12  0  0  0  0 12 12  0  0  0  0 12  0  0  0  0  0  0  0  0  0  0  0  0 12  0  0  0  0  0  0  0  0  0  0  0  0  0  0  0  0  0  0 11 13 13 17 17 18 12 16 12 10 10  9  7  9  9  5  9 10 10  6  7 15 13  7 11 16 15 12  7  7  9 12 12 12 12  9  9 12 12 12 12 11 11 12 12 12 12 11 11 11 11 11 10 12 13  5 15 12  9  9  6 11 11 11 11 15 12 12 13 12 12 13 11 10  9  6 10 13 13 17 
 0 11 11 11 11  0 11 11  0 11 11 11 11 11  0  0 11 11 11  0 11 11 11 11  0  0 11 12  0 11 11  0  0  0  0 12 12  0  0  0  0 12 12  0  0  0  0 12  0  0  0  0  0  0  0  0  0  0  0  0 12  0  0  0  0  0  0  0  0  0  0  0  0  0  0  0  0  0  0 11 13 13 17 17 18 12 16 12 10 10  9  7  9  9  5  9 10 10  6  7 15 13  7 11 16 15 12  7  7  9 12 12 12 12  9  9 12 12 12 12 11 11 12 12 12 12 11 11 11 11 11 10 12 13  5 15 12  9  9  6 11 11 11 11 15 12 12 13 12 12 13 11 10  9  6 10 13 13 17 
 0 11 11 11 11  0 11 11  0 11 11 11 11 11  0  0 11 11 11  0 11 11 11 11  0  0 11 12  0 11 11  0  0  0  0 12 12  0  0  0  0 12 12  0  0  0  0 12  0  0  0  0  0  0  0  0  0  0  0  0 12  0  0  0  0  0  0  0  0  0  0  0  0  0  0  0  0  0  0 11 13 13 17 17 18 12 16 12 10 10  9  7  9  9  5  9 10 10  6  7 15 13  7 11 16 15 12  7  7  9 12 12 12 12  9  9 12 12 12 12 11 11 12 12 12 12 11 11 11 11 11 10 12 13  5 15 12  9  9  6 11 11 11 11 15 12 12 13 12 12 13 11 10  9  6 10 13 13 17 
 0 11 11 11 11  0 11 11  0 11 11 11 11 11  0  0 11 11 11  0 11 11 11 11  0  0 11 12  0 11 11  0  0  0  0 12 12  0  0  0  0 12 12  0  0  0  0 12  0  0  0  0  0  0  0  0  0  0  0  0 12  0  0  0  0  0  0  0  0  0  0  0  0  0  0  0  0  0  0 11 13 13 17 17 18 12 16 12 10 10  9  7  9  9  5  9 10 10  6  7 15 13  7 11 16 15 12  7  7  9 12 12 12 12  9  9 12 12 12 12 11 11 12 12 12 12 11 11 11 11 11 10 12 13  5 15 12  9  9  6 11 11 11 11 15 12 12 13 12 12 13 11 10  9  6 10 13 13 17 
 0 11 11 11 11  0 11 11  0 11 11 11 11 11  0  0 11 11 11  0 11 11 11 11  0  0 11 12  0 11 11  0  0  0  0 12 12  0  0  0  0 12 12  0  0  0  0 12  0  0  0  0  0  0  0  0  0  0  0  0 12  0  0  0  0  0  0  0  0  0  0  0  0  0  0  0  0  0  0 11 13 13 17 17 18 12 16 12 10 10  9  7  9  9  5  9 10 10  6  7 15 13  7 11 16 15 12  7  7  9 12 12 12 12  9  9 12 12 12 12 11 11 12 12 12 12 11 11 11 11 11 10 12 13  5 15 12  9  9  6 11 11 11 11 15 12 12 13 12 12 13 11 10  9  6 10 13 13 17 
 0 11 11 11 11  0 11 11  0 11 11 11 11 11  0  0 11 11 11  0 11 11 11 11  0  0 11 12  0 11 11  0  0  0  0 12 12  0  0  0  0 12 12  0  0  0  0 12  0  0  0  0  0  0  0  0  0  0  0  0 12  0  0  0  0  0  0  0  0  0  0  0  0  0  0  0  0  0  0 11 13 13 17 17 18 12 16 12 10 10  9  7  9  9  5  9 10 10  6  7 15 13  7 11 16 15 12  7  7  9 12 12 12 12  9  9 12 12 12 12 11 11 12 12 12 12 11 11 11 11 11 10 12 13  5 15 12  9  9  6 11 11 11 11 15 12 12 13 12 12 13 11 10  9  6 10 13 13 17 
 0 11 11 11 11  0 11 11  0 11 11 11 11 11  0  0 11 11 11  0 11 11 11 11  0  0 11 12  0 11 11  0  0  0  0 12 12  0  0  0  0 12 12  0  0  0  0 12  0  0  0  0  0  0  0  0  0  0  0  0 12  0  0  0  0  0  0  0  0  0  0  0  0  0  0  0  0  0  0 11 13 13 17 17 18 12 16 12 10 10  9  7  9  9  5  9 10 10  6  7 15 13  7 11 16 15 12  7  7  9 12 12 12 12  9  9 12 12 12 12 11 11 12 12 12 12 11 11 11 11 11 10 12 13  5 15 12  9  9  6 11 11 11 11 15 12 12 13 12 12 13 11 10  9  6 10 13 13 17 
 0 11 11 11 11  0 11 11  0 11 11 11 11 11  0  0 11 11 11  0 11 11 11 11  0  0 11 12  0 11 11  0  0  0  0 12 12  0  0  0  0 12 12  0  0  0  0 12  0  0  0  0  0  0  0  0  0  0  0  0 12  0  0  0  0  0  0  0  0  0  0  0  0  0  0  0  0  0  0 11 13 13 17 17 18 12 16 12 10 10  9  7  9  9  5  9 10 10  6  7 15 13  7 11 16 15 12  7  7  9 12 12 12 12  9  9 12 12 12 12 11 11 12 12 12 12 11 11 11 11 11 10 12 13  5 15 12  9  9  6 11 11 11 11 15 12 12 13 12 12 13 11 10  9  6 10 13 13 17 
 0 11 11 11 11  0 11 11  0 11 11 11 11 11  0  0 11 11 11  0 11 11 11 11  0  0 11 12  0 11 11  0  0  0  0 12 12  0  0  0  0 12 12  0  0  0  0 12  0  0  0  0  0  0  0  0  0  0  0  0 12  0  0  0  0  0  0  0  0  0  0  0  0  0  0  0  0  0  0 11 13 13 17 17 18 12 16 12 10 10  9  7  9  9  5  9 10 10  6  7 15 13  7 11 16 15 12  7  7  9 12 12 12 12  9  9 12 12 12 12 11 11 12 12 12 12 11 11 11 11 11 10 12 13  5 15 12  9  9  6 11 11 11 11 15 12 12 13 12 12 13 11 10  9  6 10 13 13 17 
 0 11 11 11 11  0 11 11  0 11 11 11 11 11  0  0 11 11 11  0 11 11 11 11  0  0 11 12  0 11 11  0  0  0  0 12 12  0  0  0  0 12 12  0  0  0  0 12  0  0  0  0  0  0  0  0  0  0  0  0 12  0  0  0  0  0  0  0  0  0  0  0  0  0  0  0  0  0  0 11 13 13 17 17 18 12 16 12 10 10  9  7  9  9  5  9 10 10  6  7 15 13  7 11 16 15 12  7  7  9 12 12 12 12  9  9 12 12 12 12 11 11 12 12 12 12 11 11 11 11 11 10 12 13  5 15 12  9  9  6 11 11 11 11 15 12 12 13 12 12 13 11 10  9  6 10 13 13 17 
 0 11 11 11 11  0 11 11  0 11 11 11 11 11  0  0 11 11 11  0 11 11 11 11  0  0 11 12  0 11 11  0  0  0  0 12 12  0  0  0  0 12 12  0  0  0  0 12  0  0  0  0  0  0  0  0  0  0  0  0 12  0  0  0  0  0  0  0  0  0  0  0  0  0  0  0  0  0  0 11 13 13 17 17 18 12 16 12 10 10  9  7  9  9  5  9 10 10  6  7 15 13  7 11 16 15 12  7  7  9 12 12 12 12  9  9 12 12 12 12 11 11 12 12 12 12 11 11 11 11 11 10 12 13  5 15 12  9  9  6 11 11 11 11 15 12 12 13 12 12 13 11 10  9  6 10 13 13 17 
 0 11 11 11 11  0 11 11  0 11 11 11 11 11  0  0 11 11 11  0 11 11 11 11  0  0 11 12  0 11 11  0  0  0  0 12 12  0  0  0  0 12 12  0  0  0  0 12  0  0  0  0  0  0  0  0  0  0  0  0 12  0  0  0  0  0  0  0  0  0  0  0  0  0  0  0  0  0  0 11 13 13 17 17 18 12 16 12 10 10  9  7  9  9  5  9 10 10  6  7 15 13  7 11 16 15 12  7  7  9 12 12 12 12  9  9 12 12 12 12 11 11 12 12 12 12 11 11 11 11 11 10 12 13  5 15 12  9  9  6 11 11 11 11 15 12 12 13 12 12 13 11 10  9  6 10 13 13 17 
 0 11 11 11 11  0 11 11  0 11 11 11 11 11  0  0 11 11 11  0 11 11 11 11  0  0 11 12  0 11 11  0  0  0  0 12 12  0  0  0  0 12 12  0  0  0  0 12  0  0  0  0  0  0  0  0  0  0  0  0 12  0  0  0  0  0  0  0  0  0  0  0  0  0  0  0  0  0  0 11 13 13 17 17 18 12 16 12 10 10  9  7  9  9  5  9 10 10  6  7 15 13  7 11 16 15 12  7  7  9 12 12 12 12  9  9 12 12 12 12 11 11 12 12 12 12 11 11 11 11 11 10 12 13  5 15 12  9  9  6 11 11 11 11 15 12 12 13 12 12 13 11 10  9  6 10 13 13 17 
 0 11 11 11 11  0 11 11  0 11 11 11 11 11  0  0 11 11 11  0 11 11 11 11  0  0 11 12  0 11 11  0  0  0  0 12 12  0  0  0  0 12 12  0  0  0  0 12  0  0  0  0  0  0  0  0  0  0  0  0 12  0  0  0  0  0  0  0  0  0  0  0  0  0  0  0  0  0  0 11 13 13 17 17 18 12 16 12 10 10  9  7  9  9  5  9 10 10  6  7 15 13  7 11 16 15 12  7  7  9 12 12 12 12  9  9 12 12 12 12 11 11 12 12 12 12 11 11 11 11 11 10 12 13  5 15 12  9  9  6 11 11 11 11 15 12 12 13 12 12 13 11 10  9  6 10 13 13 17 
 0 11 11 11 11  0 11 11  0 11 11 11 11 11  0  0 11 11 11  0 11 11 11 11  0  0 11 12  0 11 11  0  0  0  0 12 12  0  0  0  0 12 12  0  0  0  0 12  0  0  0  0  0  0  0  0  0  0  0  0 12  0  0  0  0  0  0  0  0  0  0  0  0  0  0  0  0  0  0 11 13 13 17 17 18 12 16 12 10 10  9  7  9  9  5  9 10 10  6  7 15 13  7 11 16 15 12  7  7  9 12 12 12 12  9  9 12 12 12 12 11 11 12 12 12 12 11 11 11 11 11 10 12 13  5 15 12  9  9  6 11 11 11 11 15 12 12 13 12 12 13 11 10  9  6 10 13 13 17 
 0 11 11 11 11  0 11 11  0 11 11 11 11 11  0  0 11 11 11  0 11 11 11 11  0  0 11 12  0 11 11  0  0  0  0 12 12  0  0  0  0 12 12  0  0  0  0 12  0  0  0  0  0  0  0  0  0  0  0  0 12  0  0  0  0  0  0  0  0  0  0  0  0  0  0  0  0  0  0 11 13 13 17 17 18 12 16 12 10 10  9  7  9  9  5  9 10 10  6  7 15 13  7 11 16 15 12  7  7  9 12 12 12 12  9  9 12 12 12 12 11 11 12 12 12 12 11 11 11 11 11 10 12 13  5 15 12  9  9  6 11 11 11 11 15 12 12 13 12 12 13 11 10  9  6 10 13 13 17 
 0 11 11 11 11  0 11 11  0 11 11 11 11 11  0  0 11 11 11  0 11 11 11 11  0  0 11 12  0 11 11  0  0  0  0 12 12  0  0  0  0 12 12  0  0  0  0 12  0  0  0  0  0  0  0  0  0  0  0  0 12  0  0  0  0  0  0  0  0  0  0  0  0  0  0  0  0  0  0 11 13 13 17 17 18 12 16 12 10 10  9  7  9  9  5  9 10 10  6  7 15 13  7 11 16 15 12  7  7  9 12 12 12 12  9  9 12 12 12 12 11 11 12 12 12 12 11 11 11 11 11 10 12 13  5 15 12  9  9  6 11 11 11 11 15 12 12 13 12 12 13 11 10  9  6 10 13 13 17 
11  0  0  0  0 11  0  0 11  0  0  0  0  0 11 11  0  0  0 11  0  0  0  0 11 11  0  8 11  0  0 11 11 11 11  8  8 11 11 11 11  8  8 11 11 11 11  8 11 11 11 11 11 11 11 11 11 11 11 11  8 11 11 11 11 11 11 11 11 11 11 11 11 11 11 11 11 11 11  0  8  9 18 18 15 10 14  8  6  6  9 10  9  7  6  8  8  8 11  8 11  9 11  0 14 14 10 11  8 14  8  8  8  8  8  8  8  8  8  8  6  6  8  8  8  8  8  0  0  0  5  6 10  8  6 10  8  8  9 10  0  0  0  0 11  8  8  8  8  8  8  0  8 11 11  7  9  9 16 
13  8  8  8  8 13  8  8 13  8  8  8  8  8 13 13  8  8  8 13  8  8  8  8 13 13  8  3 13  8  8 13 13 13 13  3  3 13 13 13 13  3  3 13 13 13 13  3 13 13 13 13 13 13 13 13 13 13 13 13  3 13 13 13 13 13 13 13 13 13 13 13 13 13 13 13 13 13 13  8  0  8 14 15 12  8 11  3  6  4  9 10  9  9 10 11  5  5 10  8  3  6 11  8 11 10  8 12  8 18  3  3  3  3  4  5  3  3  3  3  5  5  3  3  3  3  6  8  8  8  6  6  4  6 10  6  5  8  9 10  8  8  8  8  3  5  5  5  3  3  4  8  5 10 12  5  4  6 12 
13  9  9  9  9 13  9  9 13  9  9  9  9  9 13 13  9  9  9 13  9  9  9  9 13 13  9  9 13  9  9 13 13 13 13  9  9 13 13 13 13  9  9 13 13 13 13  9 13 13 13 13 13 13 13 13 13 13 13 13  9 13 13 13 13 13 13 13 13 13 13 13 13 13 13 13 13 13 13  9  8  0 13 14 11  7 12  9  8  7 10 11 10  9 11 11  7  7 10  9  8  7 12  9 12 10  7 13  9 19  9  9  9  9  6  6  9  9  9  9  7  7  9  9  9  9  5  9  9  9  7  8  6  7 11  9  6 10 10 11  9  9  9  9  8  6  6 13  9  9  8  9  7 11 14  9  7  8 10 
17 18 18 18 18 17 18 18 17 18 18 18 18 18 17 17 18 18 18 17 18 18 18 18 17 17 18 14 17 18 18 17 17 17 17 14 14 17 17 17 17 14 14 17 17 17 17 14 17 17 17 17 17 17 17 17 17 17 17 17 14 17 17 17 17 17 17 17 17 17 17 17 17 17 17 17 17 17 17 18 14 13  0  3  9 11  7 14 13 12 14 15 14 14 16 17 11 11 14 13 15 13 16 18  7  9 11 17 13 20 14 14 14 14 12 10 14 14 14 14 12 12 14 14 14 14 13 18 18 18 13 13 13 14 16 16 12 14 14 13 18 18 18 18 15 12 12 17 14 14 15 18 11 15 16 14 13 14  8 
17 18 18 18 18 17 18 18 17 18 18 18 18 18 17 17 18 18 18 17 18 18 18 18 17 17 18 16 17 18 18 17 17 17 17 16 16 17 17 17 17 16 16 17 17 17 17 16 17 17 17 17 17 17 17 17 17 17 17 17 16 17 17 17 17 17 17 17 17 17 17 17 17 17 17 17 17 17 17 18 15 14  3  0  8 11  6 16 15 15 15 15 15 15 17 18 14 14 15 13 17 16 18 18  6 10 11 16 13 23 16 16 16 16 15 13 16 16 16 16 14 14 16 16 16 16 15 18 18 18 14 15 15 16 17 18 15 15 15 15 18 18 18 18 17 15 15 19 16 16 16 18 14 15 18 15 15 17  7 
18 15 15 15 15 18 15 15 18 15 15 15 15 15 18 18 15 15 15 18 15 15 15 15 18 18 15 10 18 15 15 18 18 18 18 10 10 18 18 18 18 10 10 18 18 18 18 10 18 18 18 18 18 18 18 18 18 18 18 18 10 18 18 18 18 18 18 18 18 18 18 18 18 18 18 18 18 18 18 15 12 11  9  8  0  7  5 10 12 11 13 14 13 13 15 16 10 10 13 13  9  8 15 15  5  6  7 16 13 21 10 10 10 10 11  9 10 10 10 10 10 10 10 10 10 10 12 15 15 15 11 12 10  9 15 10  7 13 13 14 15 15 15 15  9  7  7 13 10 10 13 15 10 14 17 12  8  9  1 
12 10 10 10 10 12 10 10 12 10 10 10 10 10 12 12 10 10 10 12 10 10 10 10 12 12 10  8 12 10 10 12 12 12 12  8  8 12 12 12 12  8  8 12 12 12 12  8 12 12 12 12 12 12 12 12 12 12 12 12  8 12 12 12 12 12 12 12 12 12 12 12 12 12 12 12 12 12 12 10  8  7 11 11  7  0  5  8 10  9 11 10 11 10 12 13  8  8 11  8  7  7 13 10  5  4  0 14  8 17  8  8  8  8  9  7  8  8  8  8  8  8  8  8  8  8  7 10 10 10  8 10  8  8 12 10  6 11 11 10 10 10 10 10  7  6  6 12  8  8  9 10  8 12 13 10  7  8  6 
16 14 14 14 14 16 14 14 16 14 14 14 14 14 16 16 14 14 14 16 14 14 14 14 16 16 14 12 16 14 14 16 16 16 16 12 12 16 16 16 16 12 12 16 16 16 16 12 16 16 16 16 16 16 16 16 16 16 16 16 12 16 16 16 16 16 16 16 16 16 16 16 16 16 16 16 16 16 16 14 11 12  7  6  5  5  0 12 15 14 14 13 14 14 17 16 13 13 14 11 11 10 15 14  0  4  5 14 11 20 12 12 12 12 14 12 12 12 12 12 13 13 12 12 12 12 12 14 14 14 12 15 12 11 17 13  9 13 14 12 14 14 14 14 11  9  9 15 12 12 14 14 13 16 15 15 10 11  4 
12  8  8  8  8 12  8  8 12  8  8  8  8  8 12 12  8  8  8 12  8  8  8  8 12 12  8  0 12  8  8 12 12 12 12  0  0 12 12 12 12  0  0 12 12 12 12  0 12 12 12 12 12 12 12 12 12 12 12 12  0 12 12 12 12 12 12 12 12 12 12 12 12 12 12 12 12 12 12  8  3  9 14 16 10  8 12  0  4  4  9  8  9  7  9 10  4  4  8  7  6  7 11  8 12 11  8 12  7 18  0  0  0  0  5  5  0  0  0  0  5  5  0  0  0  0  6  8  8  8  5  4  3  7  9  5  6  9  9 10  8  8  8  8  6  6  6  6  0  0  3  8  4  8 13  4  5  7 11 
10  6  6  6  6 10  6  6 10  6  6  6  6  6 10 10  6  6  6 10  6  6  6  6 10 10  6  4 10  6  6 10 10 10 10  4  4 10 10 10 10  4  4 10 10 10 10  4 10 10 10 10 10 10 10 10 10 10 10 10  4 10 10 10 10 10 10 10 10 10 10 10 10 10 10 10 10 10 10  6  6  8 13 15 12 10 15  4  0  3  7  8  7  6  7  9  3  3  8  7  7  9  9  6 15 13 10 10  7 16  4  4  4  4  3  3  4  4  4  4  2  2  4  4  4  4  6  6  6  6  4  0  5  9  7  6  8  7  7  9  6  6  6  6  7  8  8  7  4  4  4  6  3  8 11  1  7  9 12 
10  6  6  6  6 10  6  6 10  6  6  6  6  6 10 10  6  6  6 10  6  6  6  6 10 10  6  4 10  6  6 10 10 10 10  4  4 10 10 10 10  4  4 10 10 10 10  4 10 10 10 10 10 10 10 10 10 10 10 10  4 10 10 10 10 10 10 10 10 10 10 10 10 10 10 10 10 10 10  6  4  7 12 15 11  9 14  4  3  0  6  7  6  6  8  9  2  2  7  6  5  7  8  6 14 10  9  9  6 16  4  4  4  4  2  2  4  4  4  4  4  4  4  4  4  4  5  6  6  6  4  3  4  7  8  6  7  6  6  9  6  6  6  6  5  7  7  7  4  4  4  6  2  7 10  4  6  7 12 
 9  9  9  9  9  9  9  9  9  9  9  9  9  9  9  9  9  9  9  9  9  9  9  9  9  9  9  9  9  9  9  9  9  9  9  9  9  9  9  9  9  9  9  9  9  9  9  9  9  9  9  9  9  9  9  9  9  9  9  9  9  9  9  9  9  9  9  9  9  9  9  9  9  9  9  9  9  9  9  9  9 10 14 15 13 11 14  9  7  6  0  4  0  7 10  9  5  5  3  5 10 10  9  9 14 14 11  7  5 15  9  9  9  9  5  4  9  9  9  9  7  7  9  9  9  9  7  9  9  9  6  7  7 10 10 11  9  1  0  7  9  9  9  9 10  9  9 11  9  9  9  9  5  5  5  8  8 10 14 
 7 10 10 10 10  7 10 10  7 10 10 10 10 10  7  7 10 10 10  7 10 10 10 10  7  7 10  8  7 10 10  7  7  7  7  8  8  7  7  7  7  8  8  7  7  7  7  8  7  7  7  7  7  7  7  7  7  7  7  7  8  7  7  7  7  7  7  7  7  7  7  7  7  7  7  7  7  7  7 10 10 11 15 15 14 10 13  8  8  7  4  0  4  4  8  8  6  6  2  2 11 11  8 10 13 13 10 10  2 13  8  8  8  8  6  5  8  8  8  8  8  8  8  8  8  8  8 10 10 10  8  8  8 11  8 12 10  3  4  6 10 10 10 10 11 10 10 10  8  8  9 10  6  3  6  9  9 11 15 
 9  9  9  9  9  9  9  9  9  9  9  9  9  9  9  9  9  9  9  9  9  9  9  9  9  9  9  9  9  9  9  9  9  9  9  9  9  9  9  9  9  9  9  9  9  9  9  9  9  9  9  9  9  9  9  9  9  9  9  9  9  9  9  9  9  9  9  9  9  9  9  9  9  9  9  9  9  9  9  9  9 10 14 15 13 11 14  9  7  6  0  4  0  7 10  9  5  5  3  5 10 10  9  9 14 14 11  7  5 15  9  9  9  9  5  4  9  9  9  9  7  7  9  9  9  9  7  9  9  9  6  7  7 10 10 11  9  1  0  7  9  9  9  9 10  9  9 11  9  9  9  9  5  5  5  8  8 10 14 
 9  7  7  7  7  9  7  7  9  7  7  7  7  7  9  9  7  7  7  9  7  7  7  7  9  9  7  7  9  7  7  9  9  9  9  7  7  9  9  9  9  7  7  9  9  9  9  7  9  9  9  9  9  9  9  9  9  9  9  9  7  9  9  9  9  9  9  9  9  9  9  9  9  9  9  9  9  9  9  7  9  9 14 15 13 10 14  7  6  6  7  4  7  0  5  6  5  5  6  3 10 10  7  7 14 13 10  9  3 12  7  7  7  7  6  4  7  7  7  7  7  7  7  7  7  7  6  7  7  7  4  6  7  8  5 10  9  7  7  5  7  7  7  7 10  9  9  8  7  7  7  7  5  4  8  7  8 10 14 
 5  6  6  6  6  5  6  6  5  6  6  6  6  6  5  5  6  6  6  5  6  6  6  6  5  5  6  9  5  6  6  5  5  5  5  9  9  5  5  5  5  9  9  5  5  5  5  9  5  5  5  5  5  5  5  5  5  5  5  5  9  5  5  5  5  5  5  5  5  5  5  5  5  5  5  5  5  5  5  6 10 11 16 17 15 12 17  9  7  8 10  8 10  5  0  6  7  7  8  6 12 11  8  6 17 15 12  8  6 11  9  9  9  9  8  6  9  9  9  9  7  7  9  9  9  9  8  6  6  6  6  7  9 11  0 11 10 10 10  8  6  6  6  6 12 10 10  9  9  9 10  6  7  8  8  7 10 12 16 
 9  8  8  8  8  9  8  8  9  8  8  8  8  8  9  9  8  8  8  9  8  8  8  8  9  9  8 10  9  8  8  9  9  9  9 10 10  9  9  9  9 10 10  9  9  9  9 10  9  9  9  9  9  9  9  9  9  9  9  9 10  9  9  9  9  9  9  9  9  9  9  9  9  9  9  9  9  9  9  8 11 11 17 18 16 13 16 10  9  9  9  8  9  6  6  0  8  8  7  8 13 13  9  8 16 15 13 11  8  9 10 10 10 10  7  7 10 10 10 10  9  9 10 10 10 10  9  8  8  8  7  9 10 10  6 13 12  8  9  6  8  8  8  8 13 12 12 11 10 10 10  8  8  9  8 10 11 12 15 
10  8  8  8  8 10  8  8 10  8  8  8  8  8 10 10  8  8  8 10  8  8  8  8 10 10  8  4 10  8  8 10 10 10 10  4  4 10 10 10 10  4  4 10 10 10 10  4 10 10 10 10 10 10 10 10 10 10 10 10  4 10 10 10 10 10 10 10 10 10 10 10 10 10 10 10 10 10 10  8  5  7 11 14 10  8 13  4  3  2  5  6  5  5  7  8  0  0  6  5  7  7  7  8 13 11  8  8  5 15  4  4  4  4  2  1  4  4  4  4  3  3  4  4  4  4  4  8  8  8  3  3  4  7  7  8  6  5  5  7  8  8  8  8  7  6  6  7  4  4  5  8  0  6  9  4  5  7 11 
10  8  8  8  8 10  8  8 10  8  8  8  8  8 10 10  8  8  8 10  8  8  8  8 10 10  8  4 10  8  8 10 10 10 10  4  4 10 10 10 10  4  4 10 10 10 10  4 10 10 10 10 10 10 10 10 10 10 10 10  4 10 10 10 10 10 10 10 10 10 10 10 10 10 10 10 10 10 10  8  5  7 11 14 10  8 13  4  3  2  5  6  5  5  7  8  0  0  6  5  7  7  7  8 13 11  8  8  5 15  4  4  4  4  2  1  4  4  4  4  3  3  4  4  4  4  4  8  8  8  3  3  4  7  7  8  6  5  5  7  8  8  8  8  7  6  6  7  4  4  5  8  0  6  9  4  5  7 11 
 6 11 11 11 11  6 11 11  6 11 11 11 11 11  6  6 11 11 11  6 11 11 11 11  6  6 11  8  6 11 11  6  6  6  6  8  8  6  6  6  6  8  8  6  6  6  6  8  6  6  6  6  6  6  6  6  6  6  6  6  8  6  6  6  6  6  6  6  6  6  6  6  6  6  6  6  6  6  6 11 10 10 14 15 13 11 14  8  8  7  3  2  3  6  8  7  6  6  0  3 11 10  8 11 14 13 11 10  3 13  8  8  8  8  7  5  8  8  8  8  8  8  8  8  8  8  8 11 11 11  7  8  8 10  8 12  9  3  3  6 11 11 11 11 11  9  9 10  8  8  9 11  6  5  5  8  9 10 14 
 7  8  8  8  8  7  8  8  7  8  8  8  8  8  7  7  8  8  8  7  8  8  8  8  7  7  8  7  7  8  8  7  7  7  7  7  7  7  7  7  7  7  7  7  7  7  7  7  7  7  7  7  7  7  7  7  7  7  7  7  7  7  7  7  7  7  7  7  7  7  7  7  7  7  7  7  7  7  7  8  8  9 13 13 13  8 11  7  7  6  5  2  5  3  6  8  5  5  3  0 10 10  8  8 11 11  8 10  0 12  7  7  7  7  4  4  7  7  7  7  6  6  7  7  7  7  7  8  8  8  6  7  7 10  6 10  9  5  5  5  8  8  8  8 10  9  9 11  7  7  7  8  5  5  7  8  8 10 13 
15 11 11 11 11 15 11 11 15 11 11 11 11 11 15 15 11 11 11 15 11 11 11 11 15 15 11  6 15 11 11 15 15 15 15  6  6 15 15 15 15  6  6 15 15 15 15  6 15 15 15 15 15 15 15 15 15 15 15 15  6 15 15 15 15 15 15 15 15 15 15 15 15 15 15 15 15 15 15 11  3  8 15 17  9  7 11  6  7  5 10 11 10 10 12 13  7  7 11 10  0  4 12 11 11 10  7 13 10 19  6  6  6  6  6  6  6  6  6  6  8  8  6  6  6  6  8 11 11 11  7  7  5  4 12  3  3 10 10 11 11 11 11 11  0  3  3  8  6  6  7 11  7 11 14  7  2  3 10 
13  9  9  9  9 13  9  9 13  9  9  9  9  9 13 13  9  9  9 13  9  9  9  9 13 13  9  7 13  9  9 13 13 13 13  7  7 13 13 13 13  7  7 13 13 13 13  7 13 13 13 13 13 13 13 13 13 13 13 13  7 13 13 13 13 13 13 13 13 13 13 13 13 13 13 13 13 13 13  9  6  7 13 16  8  7 10  7  9  7 10 11 10 10 11 13  7  7 10 10  4  0 12  9 10  9  7 13 10 18  7  7  7  7  6  6  7  7  7  7  7  7  7  7  7  7  7  9  9  9  7  9  4  3 11  5  1 10 10 11  9  9  9  9  4  1  1 10  7  7  7  9  7 10 14  9  2  3  9 
 7 11 11 11 11  7 11 11  7 11 11 11 11 11  7  7 11 11 11  7 11 11 11 11  7  7 11 11  7 11 11  7  7  7  7 11 11  7  7  7  7 11 11  7  7  7  7 11  7  7  7  7  7  7  7  7  7  7  7  7 11  7  7  7  7  7  7  7  7  7  7  7  7  7  7  7  7  7  7 11 11 12 16 18 15 13 15 11  9  8  9  8  9  7  8  9  7  7  8  8 12 12  0 11 15 13 13  5  8 11 11 11 11 11  8  6 11 11 11 11 10 10 11 11 11 11  9 11 11 11  9  9  9 12  8 13 11  8  9  4 11 11 11 11 12 11 11 10 11 11 11 11  7  7  6 10 10 12 16 
11  0  0  0  0 11  0  0 11  0  0  0  0  0 11 11  0  0  0 11  0  0  0  0 11 11  0  8 11  0  0 11 11 11 11  8  8 11 11 11 11  8  8 11 11 11 11  8 11 11 11 11 11 11 11 11 11 11 11 11  8 11 11 11 11 11 11 11 11 11 11 11 11 11 11 11 11 11 11  0  8  9 18 18 15 10 14  8  6  6  9 10  9  7  6  8  8  8 11  8 11  9 11  0 14 14 10 11  8 14  8  8  8  8  8  8  8  8  8  8  6  6  8  8  8  8  8  0  0  0  5  6 10  8  6 10  8  8  9 10  0  0  0  0 11  8  8  8  8  8  8  0  8 11 11  7  9  9 16 
16 14 14 14 14 16 14 14 16 14 14 14 14 14 16 16 14 14 14 16 14 14 14 14 16 16 14 12 16 14 14 16 16 16 16 12 12 16 16 16 16 12 12 16 16 16 16 12 16 16 16 16 16 16 16 16 16 16 16 16 12 16 16 16 16 16 16 16 16 16 16 16 16 16 16 16 16 16 16 14 11 12  7  6  5  5  0 12 15 14 14 13 14 14 17 16 13 13 14 11 11 10 15 14  0  4  5 14 11 20 12 12 12 12 14 12 12 12 12 12 13 13 12 12 12 12 12 14 14 14 12 15 12 11 17 13  9 13 14 12 14 14 14 14 11  9  9 15 12 12 14 14 13 16 15 15 10 11  4 
15 14 14 14 14 15 14 14 15 14 14 14 14 14 15 15 14 14 14 15 14 14 14 14 15 15 14 11 15 14 14 15 15 15 15 11 11 15 15 15 15 11 11 15 15 15 15 11 15 15 15 15 15 15 15 15 15 15 15 15 11 15 15 15 15 15 15 15 15 15 15 15 15 15 15 15 15 15 15 14 10 10  9 10  6  4  4 11 13 10 14 13 14 13 15 15 11 11 13 11 10  9 13 14  4  0  4 15 11 18 11 11 11 11 12 10 11 11 11 11 11 11 11 11 11 11 11 14 14 14 11 13 10 10 15 12  8 13 14 10 14 14 14 14 10  8  8 14 11 11 13 14 11 13 13 13  9 10  5 
12 10 10 10 10 12 10 10 12 10 10 10 10 10 12 12 10 10 10 12 10 10 10 10 12 12 10  8 12 10 10 12 12 12 12  8  8 12 12 12 12  8  8 12 12 12 12  8 12 12 12 12 12 12 12 12 12 12 12 12  8 12 12 12 12 12 12 12 12 12 12 12 12 12 12 12 12 12 12 10  8  7 11 11  7  0  5  8 10  9 11 10 11 10 12 13  8  8 11  8  7  7 13 10  5  4  0 14  8 17  8  8  8  8  9  7  8  8  8  8  8  8  8  8  8  8  7 10 10 10  8 10  8  8 12 10  6 11 11 10 10 10 10 10  7  6  6 12  8  8  9 10  8 12 13 10  7  8  6 
 7 11 11 11 11  7 11 11  7 11 11 11 11 11  7  7 11 11 11  7 11 11 11 11  7  7 11 12  7 11 11  7  7  7  7 12 12  7  7  7  7 12 12  7  7  7  7 12  7  7  7  7  7  7  7  7  7  7  7  7 12  7  7  7  7  7  7  7  7  7  7  7  7  7  7  7  7  7  7 11 12 13 17 16 16 14 14 12 10  9  7 10  7  9  8 11  8  8 10 10 13 13  5 11 14 15 14  0 10  9 12 12 12 12  9  7 12 12 12 12 10 10 12 12 12 12 10 11 11 11  9 10 10 13  8 14 12  7  7  5 11 11 11 11 13 12 12 12 12 12 12 11  8  7  5 11 11 13 15 
 7  8  8  8  8  7  8  8  7  8  8  8  8  8  7  7  8  8  8  7  8  8  8  8  7  7  8  7  7  8  8  7  7  7  7  7  7  7  7  7  7  7  7  7  7  7  7  7  7  7  7  7  7  7  7  7  7  7  7  7  7  7  7  7  7  7  7  7  7  7  7  7  7  7  7  7  7  7  7  8  8  9 13 13 13  8 11  7  7  6  5  2  5  3  6  8  5  5  3  0 10 10  8  8 11 11  8 10  0 12  7  7  7  7  4  4  7  7  7  7  6  6  7  7  7  7  7  8  8  8  6  7  7 10  6 10  9  5  5  5  8  8  8  8 10  9  9 11  7  7  7  8  5  5  7  8  8 10 13 
 9 14 14 14 14  9 14 14  9 14 14 14 14 14  9  9 14 14 14  9 14 14 14 14  9  9 14 18  9 14 14  9  9  9  9 18 18  9  9  9  9 18 18  9  9  9  9 18  9  9  9  9  9  9  9  9  9  9  9  9 18  9  9  9  9  9  9  9  9  9  9  9  9  9  9  9  9  9  9 14 18 19 20 23 21 17 20 18 16 16 15 13 15 12 11  9 15 15 13 12 19 18 11 14 20 18 17  9 12  0 18 18 18 18 16 16 18 18 18 18 15 15 18 18 18 18 15 14 14 14 13 16 15 18 11 19 17 14 15 13 14 14 14 14 19 17 17 14 18 18 17 14 15 13 10 17 17 19 21 
12  8  8  8  8 12  8  8 12  8  8  8  8  8 12 12  8  8  8 12  8  8  8  8 12 12  8  0 12  8  8 12 12 12 12  0  0 12 12 12 12  0  0 12 12 12 12  0 12 12 12 12 12 12 12 12 12 12 12 12  0 12 12 12 12 12 12 12 12 12 12 12 12 12 12 12 12 12 12  8  3  9 14 16 10  8 12  0  4  4  9  8  9  7  9 10  4  4  8  7  6  7 11  8 12 11  8 12  7 18  0  0  0  0  5  5  0  0  0  0  5  5  0  0  0  0  6  8  8  8  5  4  3  7  9  5  6  9  9 10  8  8  8  8  6  6  6  6  0  0  3  8  4  8 13  4  5  7 11 
12  8  8  8  8 12  8  8 12  8  8  8  8  8 12 12  8  8  8 12  8  8  8  8 12 12  8  0 12  8  8 12 12 12 12  0  0 12 12 12 12  0  0 12 12 12 12  0 12 12 12 12 12 12 12 12 12 12 12 12  0 12 12 12 12 12 12 12 12 12 12 12 12 12 12 12 12 12 12  8  3  9 14 16 10  8 12  0  4  4  9  8  9  7  9 10  4  4  8  7  6  7 11  8 12 11  8 12  7 18  0  0  0  0  5  5  0  0  0  0  5  5  0  0  0  0  6  8  8  8  5  4  3  7  9  5  6  9  9 10  8  8  8  8  6  6  6  6  0  0  3  8  4  8 13  4  5  7 11 
12  8  8  8  8 12  8  8 12  8  8  8  8  8 12 12  8  8  8 12  8  8  8  8 12 12  8  0 12  8  8 12 12 12 12  0  0 12 12 12 12  0  0 12 12 12 12  0 12 12 12 12 12 12 12 12 12 12 12 12  0 12 12 12 12 12 12 12 12 12 12 12 12 12 12 12 12 12 12  8  3  9 14 16 10  8 12  0  4  4  9  8  9  7  9 10  4  4  8  7  6  7 11  8 12 11  8 12  7 18  0  0  0  0  5  5  0  0  0  0  5  5  0  0  0  0  6  8  8  8  5  4  3  7  9  5  6  9  9 10  8  8  8  8  6  6  6  6  0  0  3  8  4  8 13  4  5  7 11 
12  8  8  8  8 12  8  8 12  8  8  8  8  8 12 12  8  8  8 12  8  8  8  8 12 12  8  0 12  8  8 12 12 12 12  0  0 12 12 12 12  0  0 12 12 12 12  0 12 12 12 12 12 12 12 12 12 12 12 12  0 12 12 12 12 12 12 12 12 12 12 12 12 12 12 12 12 12 12  8  3  9 14 16 10  8 12  0  4  4  9  8  9  7  9 10  4  4  8  7  6  7 11  8 12 11  8 12  7 18  0  0  0  0  5  5  0  0  0  0  5  5  0  0  0  0  6  8  8  8  5  4  3  7  9  5  6  9  9 10  8  8  8  8  6  6  6  6  0  0  3  8  4  8 13  4  5  7 11 
 9  8  8  8  8  9  8  8  9  8  8  8  8  8  9  9  8  8  8  9  8  8  8  8  9  9  8  5  9  8  8  9  9  9  9  5  5  9  9  9  9  5  5  9  9  9  9  5  9  9  9  9  9  9  9  9  9  9  9  9  5  9  9  9  9  9  9  9  9  9  9  9  9  9  9  9  9  9  9  8  4  6 12 15 11  9 14  5  3  2  5  6  5  6  8  7  2  2  7  4  6  6  8  8 14 12  9  9  4 16  5  5  5  5  0  2  5  5  5  5  2  2  5  5  5  5  5  8  8  8  4  3  5  6  8  6  5  4  5  9  8  8  8  8  6  5  5  7  5  5  5  8  2  7  8  4  6  7 12 
 9  8  8  8  8  9  8  8  9  8  8  8  8  8  9  9  8  8  8  9  8  8  8  8  9  9  8  5  9  8  8  9  9  9  9  5  5  9  9  9  9  5  5  9  9  9  9  5  9  9  9  9  9  9  9  9  9  9  9  9  5  9  9  9  9  9  9  9  9  9  9  9  9  9  9  9  9  9  9  8  5  6 10 13  9  7 12  5  3  2  4  5  4  4  6  7  1  1  5  4  6  6  6  8 12 10  7  7  4 16  5  5  5  5  2  0  5  5  5  5  4  4  5  5  5  5  3  8  8  8  3  3  3  6  6  7  5  4  4  8  8  8  8  8  6  5  5  8  5  5  5  8  1  5  8  4  4  6 10 
12  8  8  8  8 12  8  8 12  8  8  8  8  8 12 12  8  8  8 12  8  8  8  8 12 12  8  0 12  8  8 12 12 12 12  0  0 12 12 12 12  0  0 12 12 12 12  0 12 12 12 12 12 12 12 12 12 12 12 12  0 12 12 12 12 12 12 12 12 12 12 12 12 12 12 12 12 12 12  8  3  9 14 16 10  8 12  0  4  4  9  8  9  7  9 10  4  4  8  7  6  7 11  8 12 11  8 12  7 18  0  0  0  0  5  5  0  0  0  0  5  5  0  0  0  0  6  8  8  8  5  4  3  7  9  5  6  9  9 10  8  8  8  8  6  6  6  6  0  0  3  8  4  8 13  4  5  7 11 
12  8  8  8  8 12  8  8 12  8  8  8  8  8 12 12  8  8  8 12  8  8  8  8 12 12  8  0 12  8  8 12 12 12 12  0  0 12 12 12 12  0  0 12 12 12 12  0 12 12 12 12 12 12 12 12 12 12 12 12  0 12 12 12 12 12 12 12 12 12 12 12 12 12 12 12 12 12 12  8  3  9 14 16 10  8 12  0  4  4  9  8  9  7  9 10  4  4  8  7  6  7 11  8 12 11  8 12  7 18  0  0  0  0  5  5  0  0  0  0  5  5  0  0  0  0  6  8  8  8  5  4  3  7  9  5  6  9  9 10  8  8  8  8  6  6  6  6  0  0  3  8  4  8 13  4  5  7 11 
12  8  8  8  8 12  8  8 12  8  8  8  8  8 12 12  8  8  8 12  8  8  8  8 12 12  8  0 12  8  8 12 12 12 12  0  0 12 12 12 12  0  0 12 12 12 12  0 12 12 12 12 12 12 12 12 12 12 12 12  0 12 12 12 12 12 12 12 12 12 12 12 12 12 12 12 12 12 12  8  3  9 14 16 10  8 12  0  4  4  9  8  9  7  9 10  4  4  8  7  6  7 11  8 12 11  8 12  7 18  0  0  0  0  5  5  0  0  0  0  5  5  0  0  0  0  6  8  8  8  5  4  3  7  9  5  6  9  9 10  8  8  8  8  6  6  6  6  0  0  3  8  4  8 13  4  5  7 11 
12  8  8  8  8 12  8  8 12  8  8  8  8  8 12 12  8  8  8 12  8  8  8  8 12 12  8  0 12  8  8 12 12 12 12  0  0 12 12 12 12  0  0 12 12 12 12  0 12 12 12 12 12 12 12 12 12 12 12 12  0 12 12 12 12 12 12 12 12 12 12 12 12 12 12 12 12 12 12  8  3  9 14 16 10  8 12  0  4  4  9  8  9  7  9 10  4  4  8  7  6  7 11  8 12 11  8 12  7 18  0  0  0  0  5  5  0  0  0  0  5  5  0  0  0  0  6  8  8  8  5  4  3  7  9  5  6  9  9 10  8  8  8  8  6  6  6  6  0  0  3  8  4  8 13  4  5  7 11 
11  6  6  6  6 11  6  6 11  6  6  6  6  6 11 11  6  6  6 11  6  6  6  6 11 11  6  5 11  6  6 11 11 11 11  5  5 11 11 11 11  5  5 11 11 11 11  5 11 11 11 11 11 11 11 11 11 11 11 11  5 11 11 11 11 11 11 11 11 11 11 11 11 11 11 11 11 11 11  6  5  7 12 14 10  8 13  5  2  4  7  8  7  7  7  9  3  3  8  6  8  7 10  6 13 11  8 10  6 15  5  5  5  5  2  4  5  5  5  5  0  0  5  5  5  5  4  6  6  6  4  2  4  7  7  7  6  6  7 10  6  6  6  6  8  6  6  6  5  5  5  6  3  7 10  2  6  7 11 
11  6  6  6  6 11  6  6 11  6  6  6  6  6 11 11  6  6  6 11  6  6  6  6 11 11  6  5 11  6  6 11 11 11 11  5  5 11 11 11 11  5  5 11 11 11 11  5 11 11 11 11 11 11 11 11 11 11 11 11  5 11 11 11 11 11 11 11 11 11 11 11 11 11 11 11 11 11 11  6  5  7 12 14 10  8 13  5  2  4  7  8  7  7  7  9  3  3  8  6  8  7 10  6 13 11  8 10  6 15  5  5  5  5  2  4  5  5  5  5  0  0  5  5  5  5  4  6  6  6  4  2  4  7  7  7  6  6  7 10  6  6  6  6  8  6  6  6  5  5  5  6  3  7 10  2  6  7 11 
12  8  8  8  8 12  8  8 12  8  8  8  8  8 12 12  8  8  8 12  8  8  8  8 12 12  8  0 12  8  8 12 12 12 12  0  0 12 12 12 12  0  0 12 12 12 12  0 12 12 12 12 12 12 12 12 12 12 12 12  0 12 12 12 12 12 12 12 12 12 12 12 12 12 12 12 12 12 12  8  3  9 14 16 10  8 12  0  4  4  9  8  9  7  9 10  4  4  8  7  6  7 11  8 12 11  8 12  7 18  0  0  0  0  5  5  0  0  0  0  5  5  0  0  0  0  6  8  8  8  5  4  3  7  9  5  6  9  9 10  8  8  8  8  6  6  6  6  0  0  3  8  4  8 13  4  5  7 11 
12  8  8  8  8 12  8  8 12  8  8  8  8  8 12 12  8  8  8 12  8  8  8  8 12 12  8  0 12  8  8 12 12 12 12  0  0 12 12 12 12  0  0 12 12 12 12  0 12 12 12 12 12 12 12 12 12 12 12 12  0 12 12 12 12 12 12 12 12 12 12 12 12 12 12 12 12 12 12  8  3  9 14 16 10  8 12  0  4  4  9  8  9  7  9 10  4  4  8  7  6  7 11  8 12 11  8 12  7 18  0  0  0  0  5  5  0  0  0  0  5  5  0  0  0  0  6  8  8  8  5  4  3  7  9  5  6  9  9 10  8  8  8  8  6  6  6  6  0  0  3  8  4  8 13  4  5  7 11 
12  8  8  8  8 12  8  8 12  8  8  8  8  8 12 12  8  8  8 12  8  8  8  8 12 12  8  0 12  8  8 12 12 12 12  0  0 12 12 12 12  0  0 12 12 12 12  0 12 12 12 12 12 12 12 12 12 12 12 12  0 12 12 12 12 12 12 12 12 12 12 12 12 12 12 12 12 12 12  8  3  9 14 16 10  8 12  0  4  4  9  8  9  7  9 10  4  4  8  7  6  7 11  8 12 11  8 12  7 18  0  0  0  0  5  5  0  0  0  0  5  5  0  0  0  0  6  8  8  8  5  4  3  7  9  5  6  9  9 10  8  8  8  8  6  6  6  6  0  0  3  8  4  8 13  4  5  7 11 
12  8  8  8  8 12  8  8 12  8  8  8  8  8 12 12  8  8  8 12  8  8  8  8 12 12  8  0 12  8  8 12 12 12 12  0  0 12 12 12 12  0  0 12 12 12 12  0 12 12 12 12 12 12 12 12 12 12 12 12  0 12 12 12 12 12 12 12 12 12 12 12 12 12 12 12 12 12 12  8  3  9 14 16 10  8 12  0  4  4  9  8  9  7  9 10  4  4  8  7  6  7 11  8 12 11  8 12  7 18  0  0  0  0  5  5  0  0  0  0  5  5  0  0  0  0  6  8  8  8  5  4  3  7  9  5  6  9  9 10  8  8  8  8  6  6  6  6  0  0  3  8  4  8 13  4  5  7 11 
11  8  8  8  8 11  8  8 11  8  8  8  8  8 11 11  8  8  8 11  8  8  8  8 11 11  8  6 11  8  8 11 11 11 11  6  6 11 11 11 11  6  6 11 11 11 11  6 11 11 11 11 11 11 11 11 11 11 11 11  6 11 11 11 11 11 11 11 11 11 11 11 11 11 11 11 11 11 11  8  6  5 13 15 12  7 12  6  6  5  7  8  7  6  8  9  4  4  8  7  8  7  9  8 12 11  7 10  7 15  6  6  6  6  5  3  6  6  6  6  4  4  6  6  6  6  0  8  8  8  4  6  4  7  8  9  6  7  7  9  8  8  8  8  8  6  6  9  6  6  6  8  4  7 11  6  6  7 13 
11  0  0  0  0 11  0  0 11  0  0  0  0  0 11 11  0  0  0 11  0  0  0  0 11 11  0  8 11  0  0 11 11 11 11  8  8 11 11 11 11  8  8 11 11 11 11  8 11 11 11 11 11 11 11 11 11 11 11 11  8 11 11 11 11 11 11 11 11 11 11 11 11 11 11 11 11 11 11  0  8  9 18 18 15 10 14  8  6  6  9 10  9  7  6  8  8  8 11  8 11  9 11  0 14 14 10 11  8 14  8  8  8  8  8  8  8  8  8  8  6  6  8  8  8  8  8  0  0  0  5  6 10  8  6 10  8  8  9 10  0  0  0  0 11  8  8  8  8  8  8  0  8 11 11  7  9  9 16 
11  0  0  0  0 11  0  0 11  0  0  0  0  0 11 11  0  0  0 11  0  0  0  0 11 11  0  8 11  0  0 11 11 11 11  8  8 11 11 11 11  8  8 11 11 11 11  8 11 11 11 11 11 11 11 11 11 11 11 11  8 11 11 11 11 11 11 11 11 11 11 11 11 11 11 11 11 11 11  0  8  9 18 18 15 10 14  8  6  6  9 10  9  7  6  8  8  8 11  8 11  9 11  0 14 14 10 11  8 14  8  8  8  8  8  8  8  8  8  8  6  6  8  8  8  8  8  0  0  0  5  6 10  8  6 10  8  8  9 10  0  0  0  0 11  8  8  8  8  8  8  0  8 11 11  7  9  9 16 
11  0  0  0  0 11  0  0 11  0  0  0  0  0 11 11  0  0  0 11  0  0  0  0 11 11  0  8 11  0  0 11 11 11 11  8  8 11 11 11 11  8  8 11 11 11 11  8 11 11 11 11 11 11 11 11 11 11 11 11  8 11 11 11 11 11 11 11 11 11 11 11 11 11 11 11 11 11 11  0  8  9 18 18 15 10 14  8  6  6  9 10  9  7  6  8  8  8 11  8 11  9 11  0 14 14 10 11  8 14  8  8  8  8  8  8  8  8  8  8  6  6  8  8  8  8  8  0  0  0  5  6 10  8  6 10  8  8  9 10  0  0  0  0 11  8  8  8  8  8  8  0  8 11 11  7  9  9 16 
11  5  5  5  5 11  5  5 11  5  5  5  5  5 11 11  5  5  5 11  5  5  5  5 11 11  5  5 11  5  5 11 11 11 11  5  5 11 11 11 11  5  5 11 11 11 11  5 11 11 11 11 11 11 11 11 11 11 11 11  5 11 11 11 11 11 11 11 11 11 11 11 11 11 11 11 11 11 11  5  6  7 13 14 11  8 12  5  4  4  6  8  6  4  6  7  3  3  7  6  7  7  9  5 12 11  8  9  6 13  5  5  5  5  4  3  5  5  5  5  4  4  5  5  5  5  4  5  5  5  0  4  6  7  6  8  6  6  6  7  5  5  5  5  7  6  6  7  5  5  6  5  3  7 10  5  5  7 11 
10  6  6  6  6 10  6  6 10  6  6  6  6  6 10 10  6  6  6 10  6  6  6  6 10 10  6  4 10  6  6 10 10 10 10  4  4 10 10 10 10  4  4 10 10 10 10  4 10 10 10 10 10 10 10 10 10 10 10 10  4 10 10 10 10 10 10 10 10 10 10 10 10 10 10 10 10 10 10  6  6  8 13 15 12 10 15  4  0  3  7  8  7  6  7  9  3  3  8  7  7  9  9  6 15 13 10 10  7 16  4  4  4  4  3  3  4  4  4  4  2  2  4  4  4  4  6  6  6  6  4  0  5  9  7  6  8  7  7  9  6  6  6  6  7  8  8  7  4  4  4  6  3  8 11  1  7  9 12 
12 10 10 10 10 12 10 10 12 10 10 10 10 10 12 12 10 10 10 12 10 10 10 10 12 12 10  3 12 10 10 12 12 12 12  3  3 12 12 12 12  3  3 12 12 12 12  3 12 12 12 12 12 12 12 12 12 12 12 12  3 12 12 12 12 12 12 12 12 12 12 12 12 12 12 12 12 12 12 10  4  6 13 15 10  8 12  3  5  4  7  8  7  7  9 10  4  4  8  7  5  4  9 10 12 10  8 10  7 15  3  3  3  3  5  3  3  3  3  3  4  4  3  3  3  3  4 10 10 10  6  5  0  4  9  5  3  7  7  8 10 10 10 10  5  3  3  8  3  3  3 10  4  7 11  6  3  5 11 
13  8  8  8  8 13  8  8 13  8  8  8  8  8 13 13  8  8  8 13  8  8  8  8 13 13  8  7 13  8  8 13 13 13 13  7  7 13 13 13 13  7  7 13 13 13 13  7 13 13 13 13 13 13 13 13 13 13 13 13  7 13 13 13 13 13 13 13 13 13 13 13 13 13 13 13 13 13 13  8  6  7 14 16  9  8 11  7  9  7 10 11 10  8 11 10  7  7 10 10  4  3 12  8 11 10  8 13 10 18  7  7  7  7  6  6  7  7  7  7  7  7  7  7  7  7  7  8  8  8  7  9  4  0 11  5  2 10 10 11  8  8  8  8  4  2  2 10  7  7  6  8  7 10 14  9  2  2 10 
 5  6  6  6  6  5  6  6  5  6  6  6  6  6  5  5  6  6  6  5  6  6  6  6  5  5  6  9  5  6  6  5  5  5  5  9  9  5  5  5  5  9  9  5  5  5  5  9  5  5  5  5  5  5  5  5  5  5  5  5  9  5  5  5  5  5  5  5  5  5  5  5  5  5  5  5  5  5  5  6 10 11 16 17 15 12 17  9  7  8 10  8 10  5  0  6  7  7  8  6 12 11  8  6 17 15 12  8  6 11  9  9  9  9  8  6  9  9  9  9  7  7  9  9  9  9  8  6  6  6  6  7  9 11  0 11 10 10 10  8  6  6  6  6 12 10 10  9  9  9 10  6  7  8  8  7 10 12 16 
15 10 10 10 10 15 10 10 15 10 10 10 10 10 15 15 10 10 10 15 10 10 10 10 15 15 10  5 15 10 10 15 15 15 15  5  5 15 15 15 15  5  5 15 15 15 15  5 15 15 15 15 15 15 15 15 15 15 15 15  5 15 15 15 15 15 15 15 15 15 15 15 15 15 15 15 15 15 15 10  6  9 16 18 10 10 13  5  6  6 11 12 11 10 11 13  8  8 12 10  3  5 13 10 13 12 10 14 10 19  5  5  5  5  6  7  5  5  5  5  7  7  5  5  5  5  9 10 10 10  8  6  5  5 11  0  4 10 11 12 10 10 10 10  3  4  4  7  5  5  5 10  8 12 14  7  3  4 11 
12  8  8  8  8 12  8  8 12  8  8  8  8  8 12 12  8  8  8 12  8  8  8  8 12 12  8  6 12  8  8 12 12 12 12  6  6 12 12 12 12  6  6 12 12 12 12  6 12 12 12 12 12 12 12 12 12 12 12 12  6 12 12 12 12 12 12 12 12 12 12 12 12 12 12 12 12 12 12  8  5  6 12 15  7  6  9  6  8  7  9 10  9  9 10 12  6  6  9  9  3  1 11  8  9  8  6 12  9 17  6  6  6  6  5  5  6  6  6  6  6  6  6  6  6  6  6  8  8  8  6  8  3  2 10  4  0  9  9 10  8  8  8  8  3  0  0  9  6  6  6  8  6  9 13  8  1  2  8 
 9  8  8  8  8  9  8  8  9  8  8  8  8  8  9  9  8  8  8  9  8  8  8  8  9  9  8  9  9  8  8  9  9  9  9  9  9  9  9  9  9  9  9  9  9  9  9  9  9  9  9  9  9  9  9  9  9  9  9  9  9  9  9  9  9  9  9  9  9  9  9  9  9  9  9  9  9  9  9  8  8 10 14 15 13 11 13  9  7  6  1  3  1  7 10  8  5  5  3  5 10 10  8  8 13 13 11  7  5 14  9  9  9  9  4  4  9  9  9  9  6  6  9  9  9  9  7  8  8  8  6  7  7 10 10 10  9  0  1  7  8  8  8  8 10  9  9 11  9  9  9  8  5  6  4  8  8 10 14 
 9  9  9  9  9  9  9  9  9  9  9  9  9  9  9  9  9  9  9  9  9  9  9  9  9  9  9  9  9  9  9  9  9  9  9  9  9  9  9  9  9  9  9  9  9  9  9  9  9  9  9  9  9  9  9  9  9  9  9  9  9  9  9  9  9  9  9  9  9  9  9  9  9  9  9  9  9  9  9  9  9 10 14 15 13 11 14  9  7  6  0  4  0  7 10  9  5  5  3  5 10 10  9  9 14 14 11  7  5 15  9  9  9  9  5  4  9  9  9  9  7  7  9  9  9  9  7  9  9  9  6  7  7 10 10 11  9  1  0  7  9  9  9  9 10  9  9 11  9  9  9  9  5  5  5  8  8 10 14 
 6 10 10 10 10  6 10 10  6 10 10 10 10 10  6  6 10 10 10  6 10 10 10 10  6  6 10 10  6 10 10  6  6  6  6 10 10  6  6  6  6 10 10  6  6  6  6 10  6  6  6  6  6  6  6  6  6  6  6  6 10  6  6  6  6  6  6  6  6  6  6  6  6  6  6  6  6  6  6 10 10 11 13 15 14 10 12 10  9  9  7  6  7  5  8  6  7  7  6  5 11 11  4 10 12 10 10  5  5 13 10 10 10 10  9  8 10 10 10 10 10 10 10 10 10 10  9 10 10 10  7  9  8 11  8 12 10  7  7  0 10 10 10 10 11 10 10  9 10 10 10 10  7  6  3  9  9 11 15 
11  0  0  0  0 11  0  0 11  0  0  0  0  0 11 11  0  0  0 11  0  0  0  0 11 11  0  8 11  0  0 11 11 11 11  8  8 11 11 11 11  8  8 11 11 11 11  8 11 11 11 11 11 11 11 11 11 11 11 11  8 11 11 11 11 11 11 11 11 11 11 11 11 11 11 11 11 11 11  0  8  9 18 18 15 10 14  8  6  6  9 10  9  7  6  8  8  8 11  8 11  9 11  0 14 14 10 11  8 14  8  8  8  8  8  8  8  8  8  8  6  6  8  8  8  8  8  0  0  0  5  6 10  8  6 10  8  8  9 10  0  0  0  0 11  8  8  8  8  8  8  0  8 11 11  7  9  9 16 
11  0  0  0  0 11  0  0 11  0  0  0  0  0 11 11  0  0  0 11  0  0  0  0 11 11  0  8 11  0  0 11 11 11 11  8  8 11 11 11 11  8  8 11 11 11 11  8 11 11 11 11 11 11 11 11 11 11 11 11  8 11 11 11 11 11 11 11 11 11 11 11 11 11 11 11 11 11 11  0  8  9 18 18 15 10 14  8  6  6  9 10  9  7  6  8  8  8 11  8 11  9 11  0 14 14 10 11  8 14  8  8  8  8  8  8  8  8  8  8  6  6  8  8  8  8  8  0  0  0  5  6 10  8  6 10  8  8  9 10  0  0  0  0 11  8  8  8  8  8  8  0  8 11 11  7  9  9 16 
11  0  0  0  0 11  0  0 11  0  0  0  0  0 11 11  0  0  0 11  0  0  0  0 11 11  0  8 11  0  0 11 11 11 11  8  8 11 11 11 11  8  8 11 11 11 11  8 11 11 11 11 11 11 11 11 11 11 11 11  8 11 11 11 11 11 11 11 11 11 11 11 11 11 11 11 11 11 11  0  8  9 18 18 15 10 14  8  6  6  9 10  9  7  6  8  8  8 11  8 11  9 11  0 14 14 10 11  8 14  8  8  8  8  8  8  8  8  8  8  6  6  8  8  8  8  8  0  0  0  5  6 10  8  6 10  8  8  9 10  0  0  0  0 11  8  8  8  8  8  8  0  8 11 11  7  9  9 16 
11  0  0  0  0 11  0  0 11  0  0  0  0  0 11 11  0  0  0 11  0  0  0  0 11 11  0  8 11  0  0 11 11 11 11  8  8 11 11 11 11  8  8 11 11 11 11  8 11 11 11 11 11 11 11 11 11 11 11 11  8 11 11 11 11 11 11 11 11 11 11 11 11 11 11 11 11 11 11  0  8  9 18 18 15 10 14  8  6  6  9 10  9  7  6  8  8  8 11  8 11  9 11  0 14 14 10 11  8 14  8  8  8  8  8  8  8  8  8  8  6  6  8  8  8  8  8  0  0  0  5  6 10  8  6 10  8  8  9 10  0  0  0  0 11  8  8  8  8  8  8  0  8 11 11  7  9  9 16 
15 11 11 11 11 15 11 11 15 11 11 11 11 11 15 15 11 11 11 15 11 11 11 11 15 15 11  6 15 11 11 15 15 15 15  6  6 15 15 15 15  6  6 15 15 15 15  6 15 15 15 15 15 15 15 15 15 15 15 15  6 15 15 15 15 15 15 15 15 15 15 15 15 15 15 15 15 15 15 11  3  8 15 17  9  7 11  6  7  5 10 11 10 10 12 13  7  7 11 10  0  4 12 11 11 10  7 13 10 19  6  6  6  6  6  6  6  6  6  6  8  8  6  6  6  6  8 11 11 11  7  7  5  4 12  3  3 10 10 11 11 11 11 11  0  3  3  8  6  6  7 11  7 11 14  7  2  3 10 
12  8  8  8  8 12  8  8 12  8  8  8  8  8 12 12  8  8  8 12  8  8  8  8 12 12  8  6 12  8  8 12 12 12 12  6  6 12 12 12 12  6  6 12 12 12 12  6 12 12 12 12 12 12 12 12 12 12 12 12  6 12 12 12 12 12 12 12 12 12 12 12 12 12 12 12 12 12 12  8  5  6 12 15  7  6  9  6  8  7  9 10  9  9 10 12  6  6  9  9  3  1 11  8  9  8  6 12  9 17  6  6  6  6  5  5  6  6  6  6  6  6  6  6  6  6  6  8  8  8  6  8  3  2 10  4  0  9  9 10  8  8  8  8  3  0  0  9  6  6  6  8  6  9 13  8  1  2  8 
12  8  8  8  8 12  8  8 12  8  8  8  8  8 12 12  8  8  8 12  8  8  8  8 12 12  8  6 12  8  8 12 12 12 12  6  6 12 12 12 12  6  6 12 12 12 12  6 12 12 12 12 12 12 12 12 12 12 12 12  6 12 12 12 12 12 12 12 12 12 12 12 12 12 12 12 12 12 12  8  5  6 12 15  7  6  9  6  8  7  9 10  9  9 10 12  6  6  9  9  3  1 11  8  9  8  6 12  9 17  6  6  6  6  5  5  6  6  6  6  6  6  6  6  6  6  6  8  8  8  6  8  3  2 10  4  0  9  9 10  8  8  8  8  3  0  0  9  6  6  6  8  6  9 13  8  1  2  8 
13  8  8  8  8 13  8  8 13  8  8  8  8  8 13 13  8  8  8 13  8  8  8  8 13 13  8  6 13  8  8 13 13 13 13  6  6 13 13 13 13  6  6 13 13 13 13  6 13 13 13 13 13 13 13 13 13 13 13 13  6 13 13 13 13 13 13 13 13 13 13 13 13 13 13 13 13 13 13  8  5 13 17 19 13 12 15  6  7  7 11 10 11  8  9 11  7  7 10 11  8 10 10  8 15 14 12 12 11 14  6  6  6  6  7  8  6  6  6  6  6  6  6  6  6  6  9  8  8  8  7  7  8 10  9  7  9 11 11  9  8  8  8  8  8  9  9  0  6  6  7  8  7 10 10  7  9  9 14 
12  8  8  8  8 12  8  8 12  8  8  8  8  8 12 12  8  8  8 12  8  8  8  8 12 12  8  0 12  8  8 12 12 12 12  0  0 12 12 12 12  0  0 12 12 12 12  0 12 12 12 12 12 12 12 12 12 12 12 12  0 12 12 12 12 12 12 12 12 12 12 12 12 12 12 12 12 12 12  8  3  9 14 16 10  8 12  0  4  4  9  8  9  7  9 10  4  4  8  7  6  7 11  8 12 11  8 12  7 18  0  0  0  0  5  5  0  0  0  0  5  5  0  0  0  0  6  8  8  8  5  4  3  7  9  5  6  9  9 10  8  8  8  8  6  6  6  6  0  0  3  8  4  8 13  4  5  7 11 
12  8  8  8  8 12  8  8 12  8  8  8  8  8 12 12  8  8  8 12  8  8  8  8 12 12  8  0 12  8  8 12 12 12 12  0  0 12 12 12 12  0  0 12 12 12 12  0 12 12 12 12 12 12 12 12 12 12 12 12  0 12 12 12 12 12 12 12 12 12 12 12 12 12 12 12 12 12 12  8  3  9 14 16 10  8 12  0  4  4  9  8  9  7  9 10  4  4  8  7  6  7 11  8 12 11  8 12  7 18  0  0  0  0  5  5  0  0  0  0  5  5  0  0  0  0  6  8  8  8  5  4  3  7  9  5  6  9  9 10  8  8  8  8  6  6  6  6  0  0  3  8  4  8 13  4  5  7 11 
13  8  8  8  8 13  8  8 13  8  8  8  8  8 13 13  8  8  8 13  8  8  8  8 13 13  8  3 13  8  8 13 13 13 13  3  3 13 13 13 13  3  3 13 13 13 13  3 13 13 13 13 13 13 13 13 13 13 13 13  3 13 13 13 13 13 13 13 13 13 13 13 13 13 13 13 13 13 13  8  4  8 15 16 13  9 14  3  4  4  9  9  9  7 10 10  5  5  9  7  7  7 11  8 14 13  9 12  7 17  3  3  3  3  5  5  3  3  3  3  5  5  3  3  3  3  6  8  8  8  6  4  3  6 10  5  6  9  9 10  8  8  8  8  7  6  6  7  3  3  0  8  5  9 13  4  6  7 14 
11  0  0  0  0 11  0  0 11  0  0  0  0  0 11 11  0  0  0 11  0  0  0  0 11 11  0  8 11  0  0 11 11 11 11  8  8 11 11 11 11  8  8 11 11 11 11  8 11 11 11 11 11 11 11 11 11 11 11 11  8 11 11 11 11 11 11 11 11 11 11 11 11 11 11 11 11 11 11  0  8  9 18 18 15 10 14  8  6  6  9 10  9  7  6  8  8  8 11  8 11  9 11  0 14 14 10 11  8 14  8  8  8  8  8  8  8  8  8  8  6  6  8  8  8  8  8  0  0  0  5  6 10  8  6 10  8  8  9 10  0  0  0  0 11  8  8  8  8  8  8  0  8 11 11  7  9  9 16 
10  8  8  8  8 10  8  8 10  8  8  8  8  8 10 10  8  8  8 10  8  8  8  8 10 10  8  4 10  8  8 10 10 10 10  4  4 10 10 10 10  4  4 10 10 10 10  4 10 10 10 10 10 10 10 10 10 10 10 10  4 10 10 10 10 10 10 10 10 10 10 10 10 10 10 10 10 10 10  8  5  7 11 14 10  8 13  4  3  2  5  6  5  5  7  8  0  0  6  5  7  7  7  8 13 11  8  8  5 15  4  4  4  4  2  1  4  4  4  4  3  3  4  4  4  4  4  8  8  8  3  3  4  7  7  8  6  5  5  7  8  8  8  8  7  6  6  7  4  4  5  8  0  6  9  4  5  7 11 
 9 11 11 11 11  9 11 11  9 11 11 11 11 11  9  9 11 11 11  9 11 11 11 11  9  9 11  8  9 11 11  9  9  9  9  8  8  9  9  9  9  8  8  9  9  9  9  8  9  9  9  9  9  9  9  9  9  9  9  9  8  9  9  9  9  9  9  9  9  9  9  9  9  9  9  9  9  9  9 11 10 11 15 15 14 12 16  8  8  7  5  3  5  4  8  9  6  6  5  5 11 10  7 11 16 13 12  7  5 13  8  8  8  8  7  5  8  8  8  8  7  7  8  8  8  8  7 11 11 11  7  8  7 10  8 12  9  6  5  6 11 11 11 11 11  9  9 10  8  8  9 11  6  0  5  9  9 11 14 
 6 11 11 11 11  6 11 11  6 11 11 11 11 11  6  6 11 11 11  6 11 11 11 11  6  6 11 13  6 11 11  6  6  6  6 13 13  6  6  6  6 13 13  6  6  6  6 13  6  6  6  6  6  6  6  6  6  6  6  6 13  6  6  6  6  6  6  6  6  6  6  6  6  6  6  6  6  6  6 11 12 14 16 18 17 13 15 13 11 10  5  6  5  8  8  8  9  9  5  7 14 14  6 11 15 13 13  5  7 10 13 13 13 13  8  8 13 13 13 13 10 10 13 13 13 13 11 11 11 11 10 11 11 14  8 14 13  4  5  3 11 11 11 11 14 13 13 10 13 13 13 11  9  5  0 12 12 14 16 
10  7  7  7  7 10  7  7 10  7  7  7  7  7 10 10  7  7  7 10  7  7  7  7 10 10  7  4 10  7  7 10 10 10 10  4  4 10 10 10 10  4  4 10 10 10 10  4 10 10 10 10 10 10 10 10 10 10 10 10  4 10 10 10 10 10 10 10 10 10 10 10 10 10 10 10 10 10 10  7  5  9 14 15 12 10 15  4  1  4  8  9  8  7  7 10  4  4  8  8  7  9 10  7 15 13 10 11  8 17  4  4  4  4  4  4  4  4  4  4  2  2  4  4  4  4  6  7  7  7  5  1  6  9  7  7  8  8  8  9  7  7  7  7  7  8  8  7  4  4  4  7  4  9 12  0  8  8 13 
13  9  9  9  9 13  9  9 13  9  9  9  9  9 13 13  9  9  9 13  9  9  9  9 13 13  9  5 13  9  9 13 13 13 13  5  5 13 13 13 13  5  5 13 13 13 13  5 13 13 13 13 13 13 13 13 13 13 13 13  5 13 13 13 13 13 13 13 13 13 13 13 13 13 13 13 13 13 13  9  4  7 13 15  8  7 10  5  7  6  8  9  8  8 10 11  5  5  9  8  2  2 10  9 10  9  7 11  8 17  5  5  5  5  6  4  5  5  5  5  6  6  5  5  5  5  6  9  9  9  5  7  3  2 10  3  1  8  8  9  9  9  9  9  2  1  1  9  5  5  6  9  5  9 12  8  0  2  9 
13  9  9  9  9 13  9  9 13  9  9  9  9  9 13 13  9  9  9 13  9  9  9  9 13 13  9  7 13  9  9 13 13 13 13  7  7 13 13 13 13  7  7 13 13 13 13  7 13 13 13 13 13 13 13 13 13 13 13 13  7 13 13 13 13 13 13 13 13 13 13 13 13 13 13 13 13 13 13  9  6  8 14 17  9  8 11  7  9  7 10 11 10 10 12 12  7  7 10 10  3  3 12  9 11 10  8 13 10 19  7  7  7  7  7  6  7  7  7  7  7  7  7  7  7  7  7  9  9  9  7  9  5  2 12  4  2 10 10 11  9  9  9  9  3  2  2  9  7  7  7  9  7 11 14  8  2  0 10 
17 16 16 16 16 17 16 16 17 16 16 16 16 16 17 17 16 16 16 17 16 16 16 16 17 17 16 11 17 16 16 17 17 17 17 11 11 17 17 17 17 11 11 17 17 17 17 11 17 17 17 17 17 17 17 17 17 17 17 17 11 17 17 17 17 17 17 17 17 17 17 17 17 17 17 17 17 17 17 16 12 10  8  7  1  6  4 11 12 12 14 15 14 14 16 15 11 11 14 13 10  9 16 16  4  5  6 15 13 21 11 11 11 11 12 10 11 11 11 11 11 11 11 11 11 11 13 16 16 16 11 12 11 10 16 11  8 14 14 15 16 16 16 16 10  8  8 14 11 11 14 16 11 14 16 13  9 10  0 
