Instance Date: 20090129

VehicleNumber---RequestNumber---MaxTravelTime---DisinfectionTime
    4              72               90             30

VehicleCapacity---VehicleLunchReadyTime---VehicleLunchDueTime---VehicleLunchDuration
    9                    750                    810                     60

LocationID---StaffDemand---SeatDemand---ReadyTime---DueTime---ServiceTime
    0            0              0          450        1230         0
    1            2            2.5          480         530        10
    2            2            2.5          570         630        10
    3            2              4          610         670        10
    4            2            1.5          480         540        10
    5            2            1.5          540         600        10
    6            2            1.5          490         550        10
    7            2            1.5          480         540        10
    8            2            1.5          490         550        10
    9            2              3          550         610        10
   10            2            2.5          490         550        10
   11            2            1.5          480         540        10
   12            2            1.5          520         580         3
   13            2            1.5          480         510        10
   14            2            2.5          530         590         3
   15            2              4          480         510         8
   16            2            2.5          615         675        10
   17            2            2.5          630         690        10
   18            2            1.5          480         540        10
   19            2            1.5          628         688         8
   20            3            1.5          627         687         8
   21            2              1          480         750         8
   22            2              3          675         795         8
   23            2              3          750        1200         8
   24            2              1          480        1200         8
   25            2              1          750        1200         8
   26            2              3          480         750         8
   27            2            2.5          646         706         8
   28            2            2.5          645         705         8
   29            2              4          645         705         8
   30            2            2.5          644         704         8
   31            2              3          480         750         8
   32            2              1          480        1200         8
   33            2              3          750        1200         8
   34            2              3          748         898         8
   35            2              1          750        1200         8
   36            2              3          952        1072         8
   37            2              1          480        1200         8
   38            2              3          960        1080         8
   39            2              3          960        1080         8
   40            2              1          750        1200         8
   41            2              3          960        1080         8
   42            2              1          960        1080         8
   43            2            1.5          792         852         8
   44            2            1.5          792         852         8
   45            2            1.5          793         853         8
   46            2            1.5          793         853         8
   47            2            1.5          792         852         8
   48            2            1.5          480        1200         8
   49            2              3          750        1200         8
   50            2              1          480        1200         8
   51            2              3          750        1200         8
   52            2              1          750        1200         8
   53            2              3          480        1200         8
   54            2              1          750        1200         8
   55            2            1.5          793         853         8
   56            2              1          750        1200         8
   57            2              1          960        1080         8
   58            3              3          960        1080         8
   59            2              1          750        1200         8
   60            2              1          920        1040         8
   61            2              1          750        1200         8
   62            2              4          877         937         8
   63            2            2.5          877         937         8
   64            2              3          480        1200         8
   65            3              3          480        1200         8
   66            2              1          750        1200         8
   67            2              1          480        1200         8
   68            2            2.5          888         948         8
   69            2              1         1004        1154         8
   70            3              1          750        1200         8
   71            3              3          480        1200         8
   72            2            1.5          540         600        10
   73            2           -2.5          525         585         3
   74            2           -2.5          600         660         3
   75            2             -4          630         690         3
   76            2           -1.5          510         570         3
   77            2           -1.5          570         630         3
   78            2           -1.5          510         570         3
   79            2           -1.5          510         570         3
   80            2           -1.5          510         570         3
   81            2             -3          570         630         3
   82            2           -2.5          510         570         3
   83            2           -1.5          510         570         3
   84            2           -1.5          540         600         3
   85            2           -1.5          480         540         3
   86            2           -2.5          540         600         3
   87            2             -4          465         555         3
   88            2           -2.5          645         705         3
   89            2           -2.5          660         720         3
   90            2           -1.5          510         570         3
   91            2           -1.5          628         708        10
   92            3           -1.5          627         707         3
   93            2             -1          480         750         3
   94            2             -3          675         815        10
   95            2             -3          750        1200        10
   96            2             -1          480        1200        10
   97            2             -1          750        1200        10
   98            2             -3          480         750         3
   99            2           -2.5          646         756        10
  100            2           -2.5          645         725        10
  101            2             -4          645         725        10
  102            2           -2.5          644         734        10
  103            2             -3          480         750        10
  104            2             -1          480        1200        10
  105            2             -3          750        1200        10
  106            2             -3          748         928         3
  107            2             -1          750        1200        10
  108            2             -3          952        1092        10
  109            2             -1          480        1200        10
  110            2             -3          960        1110        10
  111            2             -3          960        1110        10
  112            2             -1          750        1200        10
  113            2             -3          960        1100        10
  114            2             -1          960        1100        10
  115            2           -1.5          792         872        10
  116            2           -1.5          792         872        10
  117            2           -1.5          793         873        10
  118            2           -1.5          793         873        10
  119            2           -1.5          792         882        10
  120            2           -1.5          480        1200        10
  121            2             -3          750        1200        10
  122            2             -1          480        1200        10
  123            2             -3          750        1200        10
  124            2             -1          750        1200         3
  125            2             -3          480        1200         3
  126            2             -1          750        1200         3
  127            2           -1.5          793         873        10
  128            2             -1          750        1200        10
  129            2             -1          960        1100        10
  130            3             -3          960        1100         3
  131            2             -1          750        1200        10
  132            2             -1          920        1070        10
  133            2             -1          750        1200        10
  134            2             -4          877         957        10
  135            2           -2.5          877         957        10
  136            2             -3          480        1200        10
  137            3             -3          480        1200        10
  138            2             -1          750        1200         3
  139            2             -1          480        1200         3
  140            2           -2.5          888         968        10
  141            2             -1         1004        1184         3
  142            3             -1          750        1200        15
  143            3             -3          480        1200         3
  144            2           -1.5          570         630         3

Travel Time Between Locations
 0 35 17  8 13  4  8  7  7  9  8  7  6  9 12 12 14 11 12 11 11  0  0  0 11  0  0  8  0  0  0  0  0  0  0 11  0  0 12 12 12 12 12 11 11 11 11 11  0  0  0  0  0  0  0 11 12 12 12 12  0  0  0  0  0  0  0  0  8  0  0  0 14  8  0  0 11 11 11 11 11 11  0 11 11 11 12  0  0  0 11  4  6 11  7  9 36  4 12 35  9  8 17  8 15 10 11 10 11 11  9  2  4 15 14  7  7  7  7 13  9  9 10  7 11 11 11 10  8 13  8  8 12 12 11 11  7  7 11 11 13 11  8  9 11 
35  0 25 31 31 35 33 36 36 34 34 37 37 38 33 34 34 33 34 38 38 35 35 35 38 35 35 36 35 35 35 35 35 35 35 38 35 35 34 34 34 34 34 38 38 38 38 38 35 35 35 35 35 35 35 38 34 34 34 34 35 35 35 35 35 35 35 35 36 35 35 35 32 36 35 35 38 38 38 38 38 38 35 38 38 38 34 35 35 35 38 35 37 38 37 38 22 34 34  0 34 31 25 34 35 34 38 35 35 35 38 35 34 33 35 36 36 36 37 31 38 38 37 37 38 38 38 33 34 32 31 34 33 33 35 33 36 36 38 38 29 38 37 37 38 
17 25  0 17 13 15 15 18 19 20 16 21 17 20 17 18 17 19 17 20 20 17 17 17 20 17 17 20 17 17 17 17 17 17 17 20 17 17 18 18 18 18 18 20 20 20 20 20 17 17 17 17 17 17 17 20 18 18 18 18 17 17 17 17 17 17 17 17 20 17 17 17 17 20 17 17 20 20 20 20 20 20 17 20 20 20 18 17 17 17 20 15 17 20 20 20 33 16 18 25 16 17  0 19 18 18 20 17 21 21 20 17 16 16 17 19 18 19 21 13 20 20 20 17 20 20 20 16 19 18 17 19 19 19 18 16 16 18 20 20 13 20 18 18 20 
 8 31 17  0 10  8  6  7  8  9  7 10  8 11  9 10 11 10 10  7  7  8  8  8  7  8  8  7  8  8  8  8  8  8  8  7  8  8 10 10 10 10 10  7  7  7  7  7  8  8  8  8  8  8  8  7 10 10 10 10  8  8  8  8  8  8  8  8  7  8  8  8 10  7  8  8  7  7  7  7  7  7  8  7  7  7 10  8  8  8  7  8  8  7  9 11 31  8 10 31  7  0 17  7 12  9  7  9  6  6 11  7  8 11 11  8  7  5 10 10 11 11  6  9  7  7  7  2  7  7  0  7  9  9  4 10 10  9  7  7  5  7 10  9  7 
13 31 13 10  0  9 10 11 11 13 11 12 10 13 16 15 18 17 16 14 14 13 13 13 14 13 13 12 13 13 13 13 13 13 13 14 13 13 15 15 15 15 15 14 14 14 14 14 13 13 13 13 13 13 13 14 15 15 15 15 13 13 13 13 13 13 13 13 12 13 13 13 17 12 13 13 14 14 14 14 14 14 13 14 14 14 15 13 13 13 14  9 10 14 12 13 34 12 15 31 11 10 13 11 19 16 14 16 13 13 13 11 12 18 18 11 11 11 12  0 13 13 13 11 14 14 14 10 11 14 10 11 16 16 13 15 11 11 14 14 13 14 12 13 14 
 4 35 15  8  9  0  5  8  8 10  5  9  9 11 12 14 14 13 14 11 11  4  4  4 11  4  4 10  4  4  4  4  4  4  4 11  4  4 14 14 14 14 14 11 11 11 11 11  4  4  4  4  4  4  4 11 14 14 14 14  4  4  4  4  4  4  4  4 10  4  4  4 15 10  4  4 11 11 11 11 11 11  4 11 11 11 14  4  4  4 11  0  9 11  8 11 36  4 14 35  6  8 15 10 15 12 11 12 12 12 11  2  4 16 14  8  8  9  9  9 11 11 12  8 11 11 11  9 10 13  8 10 12 12 12 13  7  9 11 11 13 11  9  9 11 
 8 33 15  6 10  5  0  7  6  6  3  9  7  9 10  9 12 10 10  8  8  8  8  8  8  8  8  6  8  8  8  8  8  8  8  8  8  8  9  9  9  9  9  8  8  8  8  8  8  8  8  8  8  8  8  8  9  9  9  9  8  8  8  8  8  8  8  8  6  8  8  8 12  6  8  8  8  8  8  8  8  8  8  8  8  8  9  8  8  8  8  5  7  8  6  9 34  7  9 33  1  6 15  8 12  9  8 10  8  8  9  6  7 13 11  6  7  8  9 10  9  9  9  6  8  8  8  8  8 11  6  8 10 10  9 10  7  9  8  8 11  8  8  9  8 
 7 36 18  7 11  8  7  0  1  6  6  6  3  7  9  9 11 10  9  9  9  7  7  7  9  7  7  6  7  7  7  7  7  7  7  9  7  7  9  9  9  9  9  9  9  9  9  9  7  7  7  7  7  7  7  9  9  9  9  9  7  7  7  7  7  7  7  7  6  7  7  7 10  6  7  7  9  9  9  9  9  9  7  9  9  9  9  7  7  7  9  8  3  9  5  7 33  7  9 36  6  7 18  5 11  9  9  9  6  6  7  7  7 11 11  1  0  5  6 11  7  7  8  4  9  9  9  9  5  8  7  5  9  9  6  8  5  5  9  9 11  9  6  4  9 
 7 36 19  8 11  8  6  1  0  6  5  5  3  7  8  9 10  9 10  8  8  7  7  7  8  7  7  5  7  7  7  7  7  7  7  8  7  7  9  9  9  9  9  8  8  8  8  8  7  7  7  7  7  7  7  8  9  9  9  9  7  7  7  7  7  7  7  7  5  7  7  7 10  5  7  7  8  8  8  8  8  8  7  8  8  8  9  7  7  7  8  8  3  8  5  7 32  7  9 36  6  8 19  6 10  8  8  8  7  7  7  6  7 11 10  0  1  4  5 11  7  7  8  4  8  8  8 10  6  9  8  6  8  8  7  9  5  5  8  8 12  8  5  4  8 
 9 34 20  9 13 10  6  6  6  0  5  9  5  4  4  5  6  4  5  7  7  9  9  9  7  9  9  4  9  9  9  9  9  9  9  7  9  9  5  5  5  5  5  7  7  7  7  7  9  9  9  9  9  9  9  7  5  5  5  5  9  9  9  9  9  9  9  9  4  9  9  9  6  4  9  9  7  7  7  7  7  7  9  7  7  7  5  9  9  9  7 10  5  7  8  4 28  9  5 34  6  9 20  5  6  3  7  4  4  4  4  9  9  7  5  6  6  6  9 13  4  4  3  5  7  7  7 11  5  8  9  5  4  4  5  4  4  8  7  7 11  7  4  5  7 
 8 34 16  7 11  5  3  6  5  5  0  9  6  9  9  9 11  9 10  7  7  8  8  8  7  8  8  5  8  8  8  8  8  8  8  7  8  8  9  9  9  9  9  7  7  7  7  7  8  8  8  8  8  8  8  7  9  9  9  9  8  8  8  8  8  8  8  8  5  8  8  8 11  5  8  8  7  7  7  7  7  7  8  7  7  7  9  8  8  8  7  5  6  7  6  9 33  8  9 34  2  7 16  8 11  8  7  9  8  8  9  7  8 12 10  5  6  7  9 11  9  9  8  7  7  7  7  9  8 11  7  8  9  9  8  9  7  9  7  7 12  7  7  8  7 
 7 37 21 10 12  9  9  6  5  9  9  0  6  6 13 12 15 13 13 10 10  7  7  7 10  7  7 10  7  7  7  7  7  7  7 10  7  7 12 12 12 12 12 10 10 10 10 10  7  7  7  7  7  7  7 10 12 12 12 12  7  7  7  7  7  7  7  7 10  7  7  7 14 10  7  7 10 10 10 10 10 10  7 10 10 10 12  7  7  7 10  9  6 10  5  6 34  8 12 37  8 10 21  8 15 12 10 13  9  9  6  8  8 15 14  5  6  7  0 12  6  6 11  7 10 10 10 12  8 11 10  8 13 13  9 12  8  3 10 10 14 10  8  6 10 
 6 37 17  8 10  9  7  3  3  5  6  6  0  4  9  8 11  9  9  8  8  6  6  6  8  6  6  7  6  6  6  6  6  6  6  8  6  6  8  8  8  8  8  8  8  8  8  8  6  6  6  6  6  6  6  8  8  8  8  8  6  6  6  6  6  6  6  6  7  6  6  6 10  7  6  6  8  8  8  8  8  8  6  8  8  8  8  6  6  6  8  9  0  8  3  4 33  7  8 37  7  8 17  6 11  8  8  8  7  7  4  7  7 11 10  3  3  7  6 10  4  4  7  1  8  8  8 10  6  9  8  6  9  9  7  9  2  5  8  8 11  8  4  5  8 
 9 38 20 11 13 11  9  7  7  4  9  6  4  0  8  9 10  8  9 11 11  9  9  9 11  9  9  8  9  9  9  9  9  9  9 11  9  9  9  9  9  9  9 11 11 11 11 11  9  9  9  9  9  9  9 11  9  9  9  9  9  9  9  9  9  9  9  9  8  9  9  9 10  8  9  9 11 11 11 11 11 11  9 11 11 11  9  9  9  9 11 11  4 11  6  0 32  9  9 38  9 11 20  9 10  7 11  8  7  7  0  9  9 11  9  7  7  9  6 13  0  0  7  3 11 11 11 13  9 11 11  9  8  8  7  8  4  9 11 11 14 11  5  5 11 
12 33 17  9 16 12 10  9  8  4  9 13  9  8  0  4  7  4  4  9  9 12 12 12  9 12 12  6 12 12 12 12 12 12 12  9 12 12  4  4  4  4  4  9  9  9  9  9 12 12 12 12 12 12 12  9  4  4  4  4 12 12 12 12 12 12 12 12  6 12 12 12  5  6 12 12  9  9  9  9  9  9 12  9  9  9  4 12 12 12  9 12  9  9 11  8 29 11  4 33 10  9 17  7  7  3  9  3  5  5  8 10 11  6  6  8  9  8 13 16  8  8  6  8  9  9  9 11  7  8  9  7  6  6  5  3  7 12  9  9 12  9  8  9  9 
12 34 18 10 15 14  9  9  9  5  9 12  8  9  4  0  7  4  3  8  8 12 12 12  8 12 12  5 12 12 12 12 12 12 12  8 12 12  0  0  0  0  0  8  8  8  8  8 12 12 12 12 12 12 12  8  0  0  0  0 12 12 12 12 12 12 12 12  5 12 12 12  4  5 12 12  8  8  8  8  8  8 12  8  8  8  0 12 12 12  8 14  8  8 11  9 30 12  0 34 10 10 18  6  7  4  8  3  5  5  9 12 12  5  6  9  9  7 12 15  9  9  4  8  8  8  8 12  6  6 10  6  6  6  6  2  7 11  8  8 11  8  7  8  8 
14 34 17 11 18 14 12 11 10  6 11 15 11 10  7  7  0  5  6  9  9 14 14 14  9 14 14  8 14 14 14 14 14 14 14  9 14 14  7  7  7  7  7  9  9  9  9  9 14 14 14 14 14 14 14  9  7  7  7  7 14 14 14 14 14 14 14 14  8 14 14 14  4  8 14 14  9  9  9  9  9  9 14  9  9  9  7 14 14 14  9 14 11  9 12 10 26 13  7 34 12 11 17  9  2  6  9  7  7  7 10 12 13  5  2 10 11 10 15 18 10 10  9 10  9  9  9 13  9 10 11  9  6  6  7  5  9 14  9  9 11  9 10 11  9 
11 33 19 10 17 13 10 10  9  4  9 13  9  8  4  4  5  0  4  7  7 11 11 11  7 11 11  6 11 11 11 11 11 11 11  7 11 11  4  4  4  4  4  7  7  7  7  7 11 11 11 11 11 11 11  7  4  4  4  4 11 11 11 11 11 11 11 11  6 11 11 11  5  6 11 11  7  7  7  7  7  7 11  7  7  7  4 11 11 11  7 13  9  7 11  8 28 12  4 33  9 10 19  7  5  1  7  4  6  6  8 11 12  6  5  9 10  9 13 17  8  8  6  9  7  7  7 11  7  8 10  7  3  3  6  3  8 12  7  7 10  7  8  9  7 
12 34 17 10 16 14 10  9 10  5 10 13  9  9  4  3  6  4  0  9  9 12 12 12  9 12 12  7 12 12 12 12 12 12 12  9 12 12  3  3  3  3  3  9  9  9  9  9 12 12 12 12 12 12 12  9  3  3  3  3 12 12 12 12 12 12 12 12  7 12 12 12  4  7 12 12  9  9  9  9  9  9 12  9  9  9  3 12 12 12  9 14  9  9 12  9 30 14  3 34 11 10 17  5  6  5  9  4  6  6  9 12 14  5  6 10  9  8 13 16  9  9  5  9  9  9  9 12  5  6 10  5  6  6  6  1  9 12  9  9 10  9  9 10  9 
11 38 20  7 14 11  8  9  8  7  7 10  8 11  9  8  9  7  9  0  0 11 11 11  0 11 11  3 11 11 11 11 11 11 11  0 11 11  8  8  8  8  8  0  0  0  0  0 11 11 11 11 11 11 11  0  8  8  8  8 11 11 11 11 11 11 11 11  3 11 11 11 10  3 11 11  0  0  0  0  0  0 11  0  0  0  8 11 11 11  0 11  8  0 10 11 32 11  8 38  8  7 20  5 11  6  0  6  6  6 11 10 11 11 11  8  9  7 10 14 11 11  6  8  0  0  0  9  5  8  7  5  7  7  6  8  9 11  0  0 10  0  9 10  0 
11 38 20  7 14 11  8  9  8  7  7 10  8 11  9  8  9  7  9  0  0 11 11 11  0 11 11  3 11 11 11 11 11 11 11  0 11 11  8  8  8  8  8  0  0  0  0  0 11 11 11 11 11 11 11  0  8  8  8  8 11 11 11 11 11 11 11 11  3 11 11 11 10  3 11 11  0  0  0  0  0  0 11  0  0  0  8 11 11 11  0 11  8  0 10 11 32 11  8 38  8  7 20  5 11  6  0  6  6  6 11 10 11 11 11  8  9  7 10 14 11 11  6  8  0  0  0  9  5  8  7  5  7  7  6  8  9 11  0  0 10  0  9 10  0 
 0 35 17  8 13  4  8  7  7  9  8  7  6  9 12 12 14 11 12 11 11  0  0  0 11  0  0  8  0  0  0  0  0  0  0 11  0  0 12 12 12 12 12 11 11 11 11 11  0  0  0  0  0  0  0 11 12 12 12 12  0  0  0  0  0  0  0  0  8  0  0  0 14  8  0  0 11 11 11 11 11 11  0 11 11 11 12  0  0  0 11  4  6 11  7  9 36  4 12 35  9  8 17  8 15 10 11 10 11 11  9  2  4 15 14  7  7  7  7 13  9  9 10  7 11 11 11 10  8 13  8  8 12 12 11 11  7  7 11 11 13 11  8  9 11 
 0 35 17  8 13  4  8  7  7  9  8  7  6  9 12 12 14 11 12 11 11  0  0  0 11  0  0  8  0  0  0  0  0  0  0 11  0  0 12 12 12 12 12 11 11 11 11 11  0  0  0  0  0  0  0 11 12 12 12 12  0  0  0  0  0  0  0  0  8  0  0  0 14  8  0  0 11 11 11 11 11 11  0 11 11 11 12  0  0  0 11  4  6 11  7  9 36  4 12 35  9  8 17  8 15 10 11 10 11 11  9  2  4 15 14  7  7  7  7 13  9  9 10  7 11 11 11 10  8 13  8  8 12 12 11 11  7  7 11 11 13 11  8  9 11 
 0 35 17  8 13  4  8  7  7  9  8  7  6  9 12 12 14 11 12 11 11  0  0  0 11  0  0  8  0  0  0  0  0  0  0 11  0  0 12 12 12 12 12 11 11 11 11 11  0  0  0  0  0  0  0 11 12 12 12 12  0  0  0  0  0  0  0  0  8  0  0  0 14  8  0  0 11 11 11 11 11 11  0 11 11 11 12  0  0  0 11  4  6 11  7  9 36  4 12 35  9  8 17  8 15 10 11 10 11 11  9  2  4 15 14  7  7  7  7 13  9  9 10  7 11 11 11 10  8 13  8  8 12 12 11 11  7  7 11 11 13 11  8  9 11 
11 38 20  7 14 11  8  9  8  7  7 10  8 11  9  8  9  7  9  0  0 11 11 11  0 11 11  3 11 11 11 11 11 11 11  0 11 11  8  8  8  8  8  0  0  0  0  0 11 11 11 11 11 11 11  0  8  8  8  8 11 11 11 11 11 11 11 11  3 11 11 11 10  3 11 11  0  0  0  0  0  0 11  0  0  0  8 11 11 11  0 11  8  0 10 11 32 11  8 38  8  7 20  5 11  6  0  6  6  6 11 10 11 11 11  8  9  7 10 14 11 11  6  8  0  0  0  9  5  8  7  5  7  7  6  8  9 11  0  0 10  0  9 10  0 
 0 35 17  8 13  4  8  7  7  9  8  7  6  9 12 12 14 11 12 11 11  0  0  0 11  0  0  8  0  0  0  0  0  0  0 11  0  0 12 12 12 12 12 11 11 11 11 11  0  0  0  0  0  0  0 11 12 12 12 12  0  0  0  0  0  0  0  0  8  0  0  0 14  8  0  0 11 11 11 11 11 11  0 11 11 11 12  0  0  0 11  4  6 11  7  9 36  4 12 35  9  8 17  8 15 10 11 10 11 11  9  2  4 15 14  7  7  7  7 13  9  9 10  7 11 11 11 10  8 13  8  8 12 12 11 11  7  7 11 11 13 11  8  9 11 
 0 35 17  8 13  4  8  7  7  9  8  7  6  9 12 12 14 11 12 11 11  0  0  0 11  0  0  8  0  0  0  0  0  0  0 11  0  0 12 12 12 12 12 11 11 11 11 11  0  0  0  0  0  0  0 11 12 12 12 12  0  0  0  0  0  0  0  0  8  0  0  0 14  8  0  0 11 11 11 11 11 11  0 11 11 11 12  0  0  0 11  4  6 11  7  9 36  4 12 35  9  8 17  8 15 10 11 10 11 11  9  2  4 15 14  7  7  7  7 13  9  9 10  7 11 11 11 10  8 13  8  8 12 12 11 11  7  7 11 11 13 11  8  9 11 
 8 36 20  7 12 10  6  6  5  4  5 10  7  8  6  5  8  6  7  3  3  8  8  8  3  8  8  0  8  8  8  8  8  8  8  3  8  8  5  5  5  5  5  3  3  3  3  3  8  8  8  8  8  8  8  3  5  5  5  5  8  8  8  8  8  8  8  8  0  8  8  8  8  0  8  8  3  3  3  3  3  3  8  3  3  3  5  8  8  8  3 10  7  3  8  8 30 10  5 36  6  7 20  4  9  5  3  5  4  4  8  9 10  9  8  5  6  4 10 12  8  8  4  7  3  3  3  9  4  8  7  4  6  6  5  6  6  8  3  3  9  3  6  7  3 
 0 35 17  8 13  4  8  7  7  9  8  7  6  9 12 12 14 11 12 11 11  0  0  0 11  0  0  8  0  0  0  0  0  0  0 11  0  0 12 12 12 12 12 11 11 11 11 11  0  0  0  0  0  0  0 11 12 12 12 12  0  0  0  0  0  0  0  0  8  0  0  0 14  8  0  0 11 11 11 11 11 11  0 11 11 11 12  0  0  0 11  4  6 11  7  9 36  4 12 35  9  8 17  8 15 10 11 10 11 11  9  2  4 15 14  7  7  7  7 13  9  9 10  7 11 11 11 10  8 13  8  8 12 12 11 11  7  7 11 11 13 11  8  9 11 
 0 35 17  8 13  4  8  7  7  9  8  7  6  9 12 12 14 11 12 11 11  0  0  0 11  0  0  8  0  0  0  0  0  0  0 11  0  0 12 12 12 12 12 11 11 11 11 11  0  0  0  0  0  0  0 11 12 12 12 12  0  0  0  0  0  0  0  0  8  0  0  0 14  8  0  0 11 11 11 11 11 11  0 11 11 11 12  0  0  0 11  4  6 11  7  9 36  4 12 35  9  8 17  8 15 10 11 10 11 11  9  2  4 15 14  7  7  7  7 13  9  9 10  7 11 11 11 10  8 13  8  8 12 12 11 11  7  7 11 11 13 11  8  9 11 
 0 35 17  8 13  4  8  7  7  9  8  7  6  9 12 12 14 11 12 11 11  0  0  0 11  0  0  8  0  0  0  0  0  0  0 11  0  0 12 12 12 12 12 11 11 11 11 11  0  0  0  0  0  0  0 11 12 12 12 12  0  0  0  0  0  0  0  0  8  0  0  0 14  8  0  0 11 11 11 11 11 11  0 11 11 11 12  0  0  0 11  4  6 11  7  9 36  4 12 35  9  8 17  8 15 10 11 10 11 11  9  2  4 15 14  7  7  7  7 13  9  9 10  7 11 11 11 10  8 13  8  8 12 12 11 11  7  7 11 11 13 11  8  9 11 
 0 35 17  8 13  4  8  7  7  9  8  7  6  9 12 12 14 11 12 11 11  0  0  0 11  0  0  8  0  0  0  0  0  0  0 11  0  0 12 12 12 12 12 11 11 11 11 11  0  0  0  0  0  0  0 11 12 12 12 12  0  0  0  0  0  0  0  0  8  0  0  0 14  8  0  0 11 11 11 11 11 11  0 11 11 11 12  0  0  0 11  4  6 11  7  9 36  4 12 35  9  8 17  8 15 10 11 10 11 11  9  2  4 15 14  7  7  7  7 13  9  9 10  7 11 11 11 10  8 13  8  8 12 12 11 11  7  7 11 11 13 11  8  9 11 
 0 35 17  8 13  4  8  7  7  9  8  7  6  9 12 12 14 11 12 11 11  0  0  0 11  0  0  8  0  0  0  0  0  0  0 11  0  0 12 12 12 12 12 11 11 11 11 11  0  0  0  0  0  0  0 11 12 12 12 12  0  0  0  0  0  0  0  0  8  0  0  0 14  8  0  0 11 11 11 11 11 11  0 11 11 11 12  0  0  0 11  4  6 11  7  9 36  4 12 35  9  8 17  8 15 10 11 10 11 11  9  2  4 15 14  7  7  7  7 13  9  9 10  7 11 11 11 10  8 13  8  8 12 12 11 11  7  7 11 11 13 11  8  9 11 
 0 35 17  8 13  4  8  7  7  9  8  7  6  9 12 12 14 11 12 11 11  0  0  0 11  0  0  8  0  0  0  0  0  0  0 11  0  0 12 12 12 12 12 11 11 11 11 11  0  0  0  0  0  0  0 11 12 12 12 12  0  0  0  0  0  0  0  0  8  0  0  0 14  8  0  0 11 11 11 11 11 11  0 11 11 11 12  0  0  0 11  4  6 11  7  9 36  4 12 35  9  8 17  8 15 10 11 10 11 11  9  2  4 15 14  7  7  7  7 13  9  9 10  7 11 11 11 10  8 13  8  8 12 12 11 11  7  7 11 11 13 11  8  9 11 
 0 35 17  8 13  4  8  7  7  9  8  7  6  9 12 12 14 11 12 11 11  0  0  0 11  0  0  8  0  0  0  0  0  0  0 11  0  0 12 12 12 12 12 11 11 11 11 11  0  0  0  0  0  0  0 11 12 12 12 12  0  0  0  0  0  0  0  0  8  0  0  0 14  8  0  0 11 11 11 11 11 11  0 11 11 11 12  0  0  0 11  4  6 11  7  9 36  4 12 35  9  8 17  8 15 10 11 10 11 11  9  2  4 15 14  7  7  7  7 13  9  9 10  7 11 11 11 10  8 13  8  8 12 12 11 11  7  7 11 11 13 11  8  9 11 
11 38 20  7 14 11  8  9  8  7  7 10  8 11  9  8  9  7  9  0  0 11 11 11  0 11 11  3 11 11 11 11 11 11 11  0 11 11  8  8  8  8  8  0  0  0  0  0 11 11 11 11 11 11 11  0  8  8  8  8 11 11 11 11 11 11 11 11  3 11 11 11 10  3 11 11  0  0  0  0  0  0 11  0  0  0  8 11 11 11  0 11  8  0 10 11 32 11  8 38  8  7 20  5 11  6  0  6  6  6 11 10 11 11 11  8  9  7 10 14 11 11  6  8  0  0  0  9  5  8  7  5  7  7  6  8  9 11  0  0 10  0  9 10  0 
 0 35 17  8 13  4  8  7  7  9  8  7  6  9 12 12 14 11 12 11 11  0  0  0 11  0  0  8  0  0  0  0  0  0  0 11  0  0 12 12 12 12 12 11 11 11 11 11  0  0  0  0  0  0  0 11 12 12 12 12  0  0  0  0  0  0  0  0  8  0  0  0 14  8  0  0 11 11 11 11 11 11  0 11 11 11 12  0  0  0 11  4  6 11  7  9 36  4 12 35  9  8 17  8 15 10 11 10 11 11  9  2  4 15 14  7  7  7  7 13  9  9 10  7 11 11 11 10  8 13  8  8 12 12 11 11  7  7 11 11 13 11  8  9 11 
 0 35 17  8 13  4  8  7  7  9  8  7  6  9 12 12 14 11 12 11 11  0  0  0 11  0  0  8  0  0  0  0  0  0  0 11  0  0 12 12 12 12 12 11 11 11 11 11  0  0  0  0  0  0  0 11 12 12 12 12  0  0  0  0  0  0  0  0  8  0  0  0 14  8  0  0 11 11 11 11 11 11  0 11 11 11 12  0  0  0 11  4  6 11  7  9 36  4 12 35  9  8 17  8 15 10 11 10 11 11  9  2  4 15 14  7  7  7  7 13  9  9 10  7 11 11 11 10  8 13  8  8 12 12 11 11  7  7 11 11 13 11  8  9 11 
12 34 18 10 15 14  9  9  9  5  9 12  8  9  4  0  7  4  3  8  8 12 12 12  8 12 12  5 12 12 12 12 12 12 12  8 12 12  0  0  0  0  0  8  8  8  8  8 12 12 12 12 12 12 12  8  0  0  0  0 12 12 12 12 12 12 12 12  5 12 12 12  4  5 12 12  8  8  8  8  8  8 12  8  8  8  0 12 12 12  8 14  8  8 11  9 30 12  0 34 10 10 18  6  7  4  8  3  5  5  9 12 12  5  6  9  9  7 12 15  9  9  4  8  8  8  8 12  6  6 10  6  6  6  6  2  7 11  8  8 11  8  7  8  8 
12 34 18 10 15 14  9  9  9  5  9 12  8  9  4  0  7  4  3  8  8 12 12 12  8 12 12  5 12 12 12 12 12 12 12  8 12 12  0  0  0  0  0  8  8  8  8  8 12 12 12 12 12 12 12  8  0  0  0  0 12 12 12 12 12 12 12 12  5 12 12 12  4  5 12 12  8  8  8  8  8  8 12  8  8  8  0 12 12 12  8 14  8  8 11  9 30 12  0 34 10 10 18  6  7  4  8  3  5  5  9 12 12  5  6  9  9  7 12 15  9  9  4  8  8  8  8 12  6  6 10  6  6  6  6  2  7 11  8  8 11  8  7  8  8 
12 34 18 10 15 14  9  9  9  5  9 12  8  9  4  0  7  4  3  8  8 12 12 12  8 12 12  5 12 12 12 12 12 12 12  8 12 12  0  0  0  0  0  8  8  8  8  8 12 12 12 12 12 12 12  8  0  0  0  0 12 12 12 12 12 12 12 12  5 12 12 12  4  5 12 12  8  8  8  8  8  8 12  8  8  8  0 12 12 12  8 14  8  8 11  9 30 12  0 34 10 10 18  6  7  4  8  3  5  5  9 12 12  5  6  9  9  7 12 15  9  9  4  8  8  8  8 12  6  6 10  6  6  6  6  2  7 11  8  8 11  8  7  8  8 
12 34 18 10 15 14  9  9  9  5  9 12  8  9  4  0  7  4  3  8  8 12 12 12  8 12 12  5 12 12 12 12 12 12 12  8 12 12  0  0  0  0  0  8  8  8  8  8 12 12 12 12 12 12 12  8  0  0  0  0 12 12 12 12 12 12 12 12  5 12 12 12  4  5 12 12  8  8  8  8  8  8 12  8  8  8  0 12 12 12  8 14  8  8 11  9 30 12  0 34 10 10 18  6  7  4  8  3  5  5  9 12 12  5  6  9  9  7 12 15  9  9  4  8  8  8  8 12  6  6 10  6  6  6  6  2  7 11  8  8 11  8  7  8  8 
12 34 18 10 15 14  9  9  9  5  9 12  8  9  4  0  7  4  3  8  8 12 12 12  8 12 12  5 12 12 12 12 12 12 12  8 12 12  0  0  0  0  0  8  8  8  8  8 12 12 12 12 12 12 12  8  0  0  0  0 12 12 12 12 12 12 12 12  5 12 12 12  4  5 12 12  8  8  8  8  8  8 12  8  8  8  0 12 12 12  8 14  8  8 11  9 30 12  0 34 10 10 18  6  7  4  8  3  5  5  9 12 12  5  6  9  9  7 12 15  9  9  4  8  8  8  8 12  6  6 10  6  6  6  6  2  7 11  8  8 11  8  7  8  8 
11 38 20  7 14 11  8  9  8  7  7 10  8 11  9  8  9  7  9  0  0 11 11 11  0 11 11  3 11 11 11 11 11 11 11  0 11 11  8  8  8  8  8  0  0  0  0  0 11 11 11 11 11 11 11  0  8  8  8  8 11 11 11 11 11 11 11 11  3 11 11 11 10  3 11 11  0  0  0  0  0  0 11  0  0  0  8 11 11 11  0 11  8  0 10 11 32 11  8 38  8  7 20  5 11  6  0  6  6  6 11 10 11 11 11  8  9  7 10 14 11 11  6  8  0  0  0  9  5  8  7  5  7  7  6  8  9 11  0  0 10  0  9 10  0 
11 38 20  7 14 11  8  9  8  7  7 10  8 11  9  8  9  7  9  0  0 11 11 11  0 11 11  3 11 11 11 11 11 11 11  0 11 11  8  8  8  8  8  0  0  0  0  0 11 11 11 11 11 11 11  0  8  8  8  8 11 11 11 11 11 11 11 11  3 11 11 11 10  3 11 11  0  0  0  0  0  0 11  0  0  0  8 11 11 11  0 11  8  0 10 11 32 11  8 38  8  7 20  5 11  6  0  6  6  6 11 10 11 11 11  8  9  7 10 14 11 11  6  8  0  0  0  9  5  8  7  5  7  7  6  8  9 11  0  0 10  0  9 10  0 
11 38 20  7 14 11  8  9  8  7  7 10  8 11  9  8  9  7  9  0  0 11 11 11  0 11 11  3 11 11 11 11 11 11 11  0 11 11  8  8  8  8  8  0  0  0  0  0 11 11 11 11 11 11 11  0  8  8  8  8 11 11 11 11 11 11 11 11  3 11 11 11 10  3 11 11  0  0  0  0  0  0 11  0  0  0  8 11 11 11  0 11  8  0 10 11 32 11  8 38  8  7 20  5 11  6  0  6  6  6 11 10 11 11 11  8  9  7 10 14 11 11  6  8  0  0  0  9  5  8  7  5  7  7  6  8  9 11  0  0 10  0  9 10  0 
11 38 20  7 14 11  8  9  8  7  7 10  8 11  9  8  9  7  9  0  0 11 11 11  0 11 11  3 11 11 11 11 11 11 11  0 11 11  8  8  8  8  8  0  0  0  0  0 11 11 11 11 11 11 11  0  8  8  8  8 11 11 11 11 11 11 11 11  3 11 11 11 10  3 11 11  0  0  0  0  0  0 11  0  0  0  8 11 11 11  0 11  8  0 10 11 32 11  8 38  8  7 20  5 11  6  0  6  6  6 11 10 11 11 11  8  9  7 10 14 11 11  6  8  0  0  0  9  5  8  7  5  7  7  6  8  9 11  0  0 10  0  9 10  0 
11 38 20  7 14 11  8  9  8  7  7 10  8 11  9  8  9  7  9  0  0 11 11 11  0 11 11  3 11 11 11 11 11 11 11  0 11 11  8  8  8  8  8  0  0  0  0  0 11 11 11 11 11 11 11  0  8  8  8  8 11 11 11 11 11 11 11 11  3 11 11 11 10  3 11 11  0  0  0  0  0  0 11  0  0  0  8 11 11 11  0 11  8  0 10 11 32 11  8 38  8  7 20  5 11  6  0  6  6  6 11 10 11 11 11  8  9  7 10 14 11 11  6  8  0  0  0  9  5  8  7  5  7  7  6  8  9 11  0  0 10  0  9 10  0 
 0 35 17  8 13  4  8  7  7  9  8  7  6  9 12 12 14 11 12 11 11  0  0  0 11  0  0  8  0  0  0  0  0  0  0 11  0  0 12 12 12 12 12 11 11 11 11 11  0  0  0  0  0  0  0 11 12 12 12 12  0  0  0  0  0  0  0  0  8  0  0  0 14  8  0  0 11 11 11 11 11 11  0 11 11 11 12  0  0  0 11  4  6 11  7  9 36  4 12 35  9  8 17  8 15 10 11 10 11 11  9  2  4 15 14  7  7  7  7 13  9  9 10  7 11 11 11 10  8 13  8  8 12 12 11 11  7  7 11 11 13 11  8  9 11 
 0 35 17  8 13  4  8  7  7  9  8  7  6  9 12 12 14 11 12 11 11  0  0  0 11  0  0  8  0  0  0  0  0  0  0 11  0  0 12 12 12 12 12 11 11 11 11 11  0  0  0  0  0  0  0 11 12 12 12 12  0  0  0  0  0  0  0  0  8  0  0  0 14  8  0  0 11 11 11 11 11 11  0 11 11 11 12  0  0  0 11  4  6 11  7  9 36  4 12 35  9  8 17  8 15 10 11 10 11 11  9  2  4 15 14  7  7  7  7 13  9  9 10  7 11 11 11 10  8 13  8  8 12 12 11 11  7  7 11 11 13 11  8  9 11 
 0 35 17  8 13  4  8  7  7  9  8  7  6  9 12 12 14 11 12 11 11  0  0  0 11  0  0  8  0  0  0  0  0  0  0 11  0  0 12 12 12 12 12 11 11 11 11 11  0  0  0  0  0  0  0 11 12 12 12 12  0  0  0  0  0  0  0  0  8  0  0  0 14  8  0  0 11 11 11 11 11 11  0 11 11 11 12  0  0  0 11  4  6 11  7  9 36  4 12 35  9  8 17  8 15 10 11 10 11 11  9  2  4 15 14  7  7  7  7 13  9  9 10  7 11 11 11 10  8 13  8  8 12 12 11 11  7  7 11 11 13 11  8  9 11 
 0 35 17  8 13  4  8  7  7  9  8  7  6  9 12 12 14 11 12 11 11  0  0  0 11  0  0  8  0  0  0  0  0  0  0 11  0  0 12 12 12 12 12 11 11 11 11 11  0  0  0  0  0  0  0 11 12 12 12 12  0  0  0  0  0  0  0  0  8  0  0  0 14  8  0  0 11 11 11 11 11 11  0 11 11 11 12  0  0  0 11  4  6 11  7  9 36  4 12 35  9  8 17  8 15 10 11 10 11 11  9  2  4 15 14  7  7  7  7 13  9  9 10  7 11 11 11 10  8 13  8  8 12 12 11 11  7  7 11 11 13 11  8  9 11 
 0 35 17  8 13  4  8  7  7  9  8  7  6  9 12 12 14 11 12 11 11  0  0  0 11  0  0  8  0  0  0  0  0  0  0 11  0  0 12 12 12 12 12 11 11 11 11 11  0  0  0  0  0  0  0 11 12 12 12 12  0  0  0  0  0  0  0  0  8  0  0  0 14  8  0  0 11 11 11 11 11 11  0 11 11 11 12  0  0  0 11  4  6 11  7  9 36  4 12 35  9  8 17  8 15 10 11 10 11 11  9  2  4 15 14  7  7  7  7 13  9  9 10  7 11 11 11 10  8 13  8  8 12 12 11 11  7  7 11 11 13 11  8  9 11 
 0 35 17  8 13  4  8  7  7  9  8  7  6  9 12 12 14 11 12 11 11  0  0  0 11  0  0  8  0  0  0  0  0  0  0 11  0  0 12 12 12 12 12 11 11 11 11 11  0  0  0  0  0  0  0 11 12 12 12 12  0  0  0  0  0  0  0  0  8  0  0  0 14  8  0  0 11 11 11 11 11 11  0 11 11 11 12  0  0  0 11  4  6 11  7  9 36  4 12 35  9  8 17  8 15 10 11 10 11 11  9  2  4 15 14  7  7  7  7 13  9  9 10  7 11 11 11 10  8 13  8  8 12 12 11 11  7  7 11 11 13 11  8  9 11 
 0 35 17  8 13  4  8  7  7  9  8  7  6  9 12 12 14 11 12 11 11  0  0  0 11  0  0  8  0  0  0  0  0  0  0 11  0  0 12 12 12 12 12 11 11 11 11 11  0  0  0  0  0  0  0 11 12 12 12 12  0  0  0  0  0  0  0  0  8  0  0  0 14  8  0  0 11 11 11 11 11 11  0 11 11 11 12  0  0  0 11  4  6 11  7  9 36  4 12 35  9  8 17  8 15 10 11 10 11 11  9  2  4 15 14  7  7  7  7 13  9  9 10  7 11 11 11 10  8 13  8  8 12 12 11 11  7  7 11 11 13 11  8  9 11 
11 38 20  7 14 11  8  9  8  7  7 10  8 11  9  8  9  7  9  0  0 11 11 11  0 11 11  3 11 11 11 11 11 11 11  0 11 11  8  8  8  8  8  0  0  0  0  0 11 11 11 11 11 11 11  0  8  8  8  8 11 11 11 11 11 11 11 11  3 11 11 11 10  3 11 11  0  0  0  0  0  0 11  0  0  0  8 11 11 11  0 11  8  0 10 11 32 11  8 38  8  7 20  5 11  6  0  6  6  6 11 10 11 11 11  8  9  7 10 14 11 11  6  8  0  0  0  9  5  8  7  5  7  7  6  8  9 11  0  0 10  0  9 10  0 
12 34 18 10 15 14  9  9  9  5  9 12  8  9  4  0  7  4  3  8  8 12 12 12  8 12 12  5 12 12 12 12 12 12 12  8 12 12  0  0  0  0  0  8  8  8  8  8 12 12 12 12 12 12 12  8  0  0  0  0 12 12 12 12 12 12 12 12  5 12 12 12  4  5 12 12  8  8  8  8  8  8 12  8  8  8  0 12 12 12  8 14  8  8 11  9 30 12  0 34 10 10 18  6  7  4  8  3  5  5  9 12 12  5  6  9  9  7 12 15  9  9  4  8  8  8  8 12  6  6 10  6  6  6  6  2  7 11  8  8 11  8  7  8  8 
12 34 18 10 15 14  9  9  9  5  9 12  8  9  4  0  7  4  3  8  8 12 12 12  8 12 12  5 12 12 12 12 12 12 12  8 12 12  0  0  0  0  0  8  8  8  8  8 12 12 12 12 12 12 12  8  0  0  0  0 12 12 12 12 12 12 12 12  5 12 12 12  4  5 12 12  8  8  8  8  8  8 12  8  8  8  0 12 12 12  8 14  8  8 11  9 30 12  0 34 10 10 18  6  7  4  8  3  5  5  9 12 12  5  6  9  9  7 12 15  9  9  4  8  8  8  8 12  6  6 10  6  6  6  6  2  7 11  8  8 11  8  7  8  8 
12 34 18 10 15 14  9  9  9  5  9 12  8  9  4  0  7  4  3  8  8 12 12 12  8 12 12  5 12 12 12 12 12 12 12  8 12 12  0  0  0  0  0  8  8  8  8  8 12 12 12 12 12 12 12  8  0  0  0  0 12 12 12 12 12 12 12 12  5 12 12 12  4  5 12 12  8  8  8  8  8  8 12  8  8  8  0 12 12 12  8 14  8  8 11  9 30 12  0 34 10 10 18  6  7  4  8  3  5  5  9 12 12  5  6  9  9  7 12 15  9  9  4  8  8  8  8 12  6  6 10  6  6  6  6  2  7 11  8  8 11  8  7  8  8 
12 34 18 10 15 14  9  9  9  5  9 12  8  9  4  0  7  4  3  8  8 12 12 12  8 12 12  5 12 12 12 12 12 12 12  8 12 12  0  0  0  0  0  8  8  8  8  8 12 12 12 12 12 12 12  8  0  0  0  0 12 12 12 12 12 12 12 12  5 12 12 12  4  5 12 12  8  8  8  8  8  8 12  8  8  8  0 12 12 12  8 14  8  8 11  9 30 12  0 34 10 10 18  6  7  4  8  3  5  5  9 12 12  5  6  9  9  7 12 15  9  9  4  8  8  8  8 12  6  6 10  6  6  6  6  2  7 11  8  8 11  8  7  8  8 
 0 35 17  8 13  4  8  7  7  9  8  7  6  9 12 12 14 11 12 11 11  0  0  0 11  0  0  8  0  0  0  0  0  0  0 11  0  0 12 12 12 12 12 11 11 11 11 11  0  0  0  0  0  0  0 11 12 12 12 12  0  0  0  0  0  0  0  0  8  0  0  0 14  8  0  0 11 11 11 11 11 11  0 11 11 11 12  0  0  0 11  4  6 11  7  9 36  4 12 35  9  8 17  8 15 10 11 10 11 11  9  2  4 15 14  7  7  7  7 13  9  9 10  7 11 11 11 10  8 13  8  8 12 12 11 11  7  7 11 11 13 11  8  9 11 
 0 35 17  8 13  4  8  7  7  9  8  7  6  9 12 12 14 11 12 11 11  0  0  0 11  0  0  8  0  0  0  0  0  0  0 11  0  0 12 12 12 12 12 11 11 11 11 11  0  0  0  0  0  0  0 11 12 12 12 12  0  0  0  0  0  0  0  0  8  0  0  0 14  8  0  0 11 11 11 11 11 11  0 11 11 11 12  0  0  0 11  4  6 11  7  9 36  4 12 35  9  8 17  8 15 10 11 10 11 11  9  2  4 15 14  7  7  7  7 13  9  9 10  7 11 11 11 10  8 13  8  8 12 12 11 11  7  7 11 11 13 11  8  9 11 
 0 35 17  8 13  4  8  7  7  9  8  7  6  9 12 12 14 11 12 11 11  0  0  0 11  0  0  8  0  0  0  0  0  0  0 11  0  0 12 12 12 12 12 11 11 11 11 11  0  0  0  0  0  0  0 11 12 12 12 12  0  0  0  0  0  0  0  0  8  0  0  0 14  8  0  0 11 11 11 11 11 11  0 11 11 11 12  0  0  0 11  4  6 11  7  9 36  4 12 35  9  8 17  8 15 10 11 10 11 11  9  2  4 15 14  7  7  7  7 13  9  9 10  7 11 11 11 10  8 13  8  8 12 12 11 11  7  7 11 11 13 11  8  9 11 
 0 35 17  8 13  4  8  7  7  9  8  7  6  9 12 12 14 11 12 11 11  0  0  0 11  0  0  8  0  0  0  0  0  0  0 11  0  0 12 12 12 12 12 11 11 11 11 11  0  0  0  0  0  0  0 11 12 12 12 12  0  0  0  0  0  0  0  0  8  0  0  0 14  8  0  0 11 11 11 11 11 11  0 11 11 11 12  0  0  0 11  4  6 11  7  9 36  4 12 35  9  8 17  8 15 10 11 10 11 11  9  2  4 15 14  7  7  7  7 13  9  9 10  7 11 11 11 10  8 13  8  8 12 12 11 11  7  7 11 11 13 11  8  9 11 
 0 35 17  8 13  4  8  7  7  9  8  7  6  9 12 12 14 11 12 11 11  0  0  0 11  0  0  8  0  0  0  0  0  0  0 11  0  0 12 12 12 12 12 11 11 11 11 11  0  0  0  0  0  0  0 11 12 12 12 12  0  0  0  0  0  0  0  0  8  0  0  0 14  8  0  0 11 11 11 11 11 11  0 11 11 11 12  0  0  0 11  4  6 11  7  9 36  4 12 35  9  8 17  8 15 10 11 10 11 11  9  2  4 15 14  7  7  7  7 13  9  9 10  7 11 11 11 10  8 13  8  8 12 12 11 11  7  7 11 11 13 11  8  9 11 
 0 35 17  8 13  4  8  7  7  9  8  7  6  9 12 12 14 11 12 11 11  0  0  0 11  0  0  8  0  0  0  0  0  0  0 11  0  0 12 12 12 12 12 11 11 11 11 11  0  0  0  0  0  0  0 11 12 12 12 12  0  0  0  0  0  0  0  0  8  0  0  0 14  8  0  0 11 11 11 11 11 11  0 11 11 11 12  0  0  0 11  4  6 11  7  9 36  4 12 35  9  8 17  8 15 10 11 10 11 11  9  2  4 15 14  7  7  7  7 13  9  9 10  7 11 11 11 10  8 13  8  8 12 12 11 11  7  7 11 11 13 11  8  9 11 
 0 35 17  8 13  4  8  7  7  9  8  7  6  9 12 12 14 11 12 11 11  0  0  0 11  0  0  8  0  0  0  0  0  0  0 11  0  0 12 12 12 12 12 11 11 11 11 11  0  0  0  0  0  0  0 11 12 12 12 12  0  0  0  0  0  0  0  0  8  0  0  0 14  8  0  0 11 11 11 11 11 11  0 11 11 11 12  0  0  0 11  4  6 11  7  9 36  4 12 35  9  8 17  8 15 10 11 10 11 11  9  2  4 15 14  7  7  7  7 13  9  9 10  7 11 11 11 10  8 13  8  8 12 12 11 11  7  7 11 11 13 11  8  9 11 
 0 35 17  8 13  4  8  7  7  9  8  7  6  9 12 12 14 11 12 11 11  0  0  0 11  0  0  8  0  0  0  0  0  0  0 11  0  0 12 12 12 12 12 11 11 11 11 11  0  0  0  0  0  0  0 11 12 12 12 12  0  0  0  0  0  0  0  0  8  0  0  0 14  8  0  0 11 11 11 11 11 11  0 11 11 11 12  0  0  0 11  4  6 11  7  9 36  4 12 35  9  8 17  8 15 10 11 10 11 11  9  2  4 15 14  7  7  7  7 13  9  9 10  7 11 11 11 10  8 13  8  8 12 12 11 11  7  7 11 11 13 11  8  9 11 
 8 36 20  7 12 10  6  6  5  4  5 10  7  8  6  5  8  6  7  3  3  8  8  8  3  8  8  0  8  8  8  8  8  8  8  3  8  8  5  5  5  5  5  3  3  3  3  3  8  8  8  8  8  8  8  3  5  5  5  5  8  8  8  8  8  8  8  8  0  8  8  8  8  0  8  8  3  3  3  3  3  3  8  3  3  3  5  8  8  8  3 10  7  3  8  8 30 10  5 36  6  7 20  4  9  5  3  5  4  4  8  9 10  9  8  5  6  4 10 12  8  8  4  7  3  3  3  9  4  8  7  4  6  6  5  6  6  8  3  3  9  3  6  7  3 
 0 35 17  8 13  4  8  7  7  9  8  7  6  9 12 12 14 11 12 11 11  0  0  0 11  0  0  8  0  0  0  0  0  0  0 11  0  0 12 12 12 12 12 11 11 11 11 11  0  0  0  0  0  0  0 11 12 12 12 12  0  0  0  0  0  0  0  0  8  0  0  0 14  8  0  0 11 11 11 11 11 11  0 11 11 11 12  0  0  0 11  4  6 11  7  9 36  4 12 35  9  8 17  8 15 10 11 10 11 11  9  2  4 15 14  7  7  7  7 13  9  9 10  7 11 11 11 10  8 13  8  8 12 12 11 11  7  7 11 11 13 11  8  9 11 
 0 35 17  8 13  4  8  7  7  9  8  7  6  9 12 12 14 11 12 11 11  0  0  0 11  0  0  8  0  0  0  0  0  0  0 11  0  0 12 12 12 12 12 11 11 11 11 11  0  0  0  0  0  0  0 11 12 12 12 12  0  0  0  0  0  0  0  0  8  0  0  0 14  8  0  0 11 11 11 11 11 11  0 11 11 11 12  0  0  0 11  4  6 11  7  9 36  4 12 35  9  8 17  8 15 10 11 10 11 11  9  2  4 15 14  7  7  7  7 13  9  9 10  7 11 11 11 10  8 13  8  8 12 12 11 11  7  7 11 11 13 11  8  9 11 
 0 35 17  8 13  4  8  7  7  9  8  7  6  9 12 12 14 11 12 11 11  0  0  0 11  0  0  8  0  0  0  0  0  0  0 11  0  0 12 12 12 12 12 11 11 11 11 11  0  0  0  0  0  0  0 11 12 12 12 12  0  0  0  0  0  0  0  0  8  0  0  0 14  8  0  0 11 11 11 11 11 11  0 11 11 11 12  0  0  0 11  4  6 11  7  9 36  4 12 35  9  8 17  8 15 10 11 10 11 11  9  2  4 15 14  7  7  7  7 13  9  9 10  7 11 11 11 10  8 13  8  8 12 12 11 11  7  7 11 11 13 11  8  9 11 
14 32 17 10 17 15 12 10 10  6 11 14 10 10  5  4  4  5  4 10 10 14 14 14 10 14 14  8 14 14 14 14 14 14 14 10 14 14  4  4  4  4  4 10 10 10 10 10 14 14 14 14 14 14 14 10  4  4  4  4 14 14 14 14 14 14 14 14  8 14 14 14  0  8 14 14 10 10 10 10 10 10 14 10 10 10  4 14 14 14 10 15 10 10 13 10 29 15  4 32 12 10 17  6  4  5 10  5  8  8 10 13 15  1  4 10 10  9 14 17 10 10  7 10 10 10 10 12  6  8 10  6  8  8  8  3 10 13 10 10  9 10 10 11 10 
 8 36 20  7 12 10  6  6  5  4  5 10  7  8  6  5  8  6  7  3  3  8  8  8  3  8  8  0  8  8  8  8  8  8  8  3  8  8  5  5  5  5  5  3  3  3  3  3  8  8  8  8  8  8  8  3  5  5  5  5  8  8  8  8  8  8  8  8  0  8  8  8  8  0  8  8  3  3  3  3  3  3  8  3  3  3  5  8  8  8  3 10  7  3  8  8 30 10  5 36  6  7 20  4  9  5  3  5  4  4  8  9 10  9  8  5  6  4 10 12  8  8  4  7  3  3  3  9  4  8  7  4  6  6  5  6  6  8  3  3  9  3  6  7  3 
 0 35 17  8 13  4  8  7  7  9  8  7  6  9 12 12 14 11 12 11 11  0  0  0 11  0  0  8  0  0  0  0  0  0  0 11  0  0 12 12 12 12 12 11 11 11 11 11  0  0  0  0  0  0  0 11 12 12 12 12  0  0  0  0  0  0  0  0  8  0  0  0 14  8  0  0 11 11 11 11 11 11  0 11 11 11 12  0  0  0 11  4  6 11  7  9 36  4 12 35  9  8 17  8 15 10 11 10 11 11  9  2  4 15 14  7  7  7  7 13  9  9 10  7 11 11 11 10  8 13  8  8 12 12 11 11  7  7 11 11 13 11  8  9 11 
 0 35 17  8 13  4  8  7  7  9  8  7  6  9 12 12 14 11 12 11 11  0  0  0 11  0  0  8  0  0  0  0  0  0  0 11  0  0 12 12 12 12 12 11 11 11 11 11  0  0  0  0  0  0  0 11 12 12 12 12  0  0  0  0  0  0  0  0  8  0  0  0 14  8  0  0 11 11 11 11 11 11  0 11 11 11 12  0  0  0 11  4  6 11  7  9 36  4 12 35  9  8 17  8 15 10 11 10 11 11  9  2  4 15 14  7  7  7  7 13  9  9 10  7 11 11 11 10  8 13  8  8 12 12 11 11  7  7 11 11 13 11  8  9 11 
11 38 20  7 14 11  8  9  8  7  7 10  8 11  9  8  9  7  9  0  0 11 11 11  0 11 11  3 11 11 11 11 11 11 11  0 11 11  8  8  8  8  8  0  0  0  0  0 11 11 11 11 11 11 11  0  8  8  8  8 11 11 11 11 11 11 11 11  3 11 11 11 10  3 11 11  0  0  0  0  0  0 11  0  0  0  8 11 11 11  0 11  8  0 10 11 32 11  8 38  8  7 20  5 11  6  0  6  6  6 11 10 11 11 11  8  9  7 10 14 11 11  6  8  0  0  0  9  5  8  7  5  7  7  6  8  9 11  0  0 10  0  9 10  0 
11 38 20  7 14 11  8  9  8  7  7 10  8 11  9  8  9  7  9  0  0 11 11 11  0 11 11  3 11 11 11 11 11 11 11  0 11 11  8  8  8  8  8  0  0  0  0  0 11 11 11 11 11 11 11  0  8  8  8  8 11 11 11 11 11 11 11 11  3 11 11 11 10  3 11 11  0  0  0  0  0  0 11  0  0  0  8 11 11 11  0 11  8  0 10 11 32 11  8 38  8  7 20  5 11  6  0  6  6  6 11 10 11 11 11  8  9  7 10 14 11 11  6  8  0  0  0  9  5  8  7  5  7  7  6  8  9 11  0  0 10  0  9 10  0 
11 38 20  7 14 11  8  9  8  7  7 10  8 11  9  8  9  7  9  0  0 11 11 11  0 11 11  3 11 11 11 11 11 11 11  0 11 11  8  8  8  8  8  0  0  0  0  0 11 11 11 11 11 11 11  0  8  8  8  8 11 11 11 11 11 11 11 11  3 11 11 11 10  3 11 11  0  0  0  0  0  0 11  0  0  0  8 11 11 11  0 11  8  0 10 11 32 11  8 38  8  7 20  5 11  6  0  6  6  6 11 10 11 11 11  8  9  7 10 14 11 11  6  8  0  0  0  9  5  8  7  5  7  7  6  8  9 11  0  0 10  0  9 10  0 
11 38 20  7 14 11  8  9  8  7  7 10  8 11  9  8  9  7  9  0  0 11 11 11  0 11 11  3 11 11 11 11 11 11 11  0 11 11  8  8  8  8  8  0  0  0  0  0 11 11 11 11 11 11 11  0  8  8  8  8 11 11 11 11 11 11 11 11  3 11 11 11 10  3 11 11  0  0  0  0  0  0 11  0  0  0  8 11 11 11  0 11  8  0 10 11 32 11  8 38  8  7 20  5 11  6  0  6  6  6 11 10 11 11 11  8  9  7 10 14 11 11  6  8  0  0  0  9  5  8  7  5  7  7  6  8  9 11  0  0 10  0  9 10  0 
11 38 20  7 14 11  8  9  8  7  7 10  8 11  9  8  9  7  9  0  0 11 11 11  0 11 11  3 11 11 11 11 11 11 11  0 11 11  8  8  8  8  8  0  0  0  0  0 11 11 11 11 11 11 11  0  8  8  8  8 11 11 11 11 11 11 11 11  3 11 11 11 10  3 11 11  0  0  0  0  0  0 11  0  0  0  8 11 11 11  0 11  8  0 10 11 32 11  8 38  8  7 20  5 11  6  0  6  6  6 11 10 11 11 11  8  9  7 10 14 11 11  6  8  0  0  0  9  5  8  7  5  7  7  6  8  9 11  0  0 10  0  9 10  0 
11 38 20  7 14 11  8  9  8  7  7 10  8 11  9  8  9  7  9  0  0 11 11 11  0 11 11  3 11 11 11 11 11 11 11  0 11 11  8  8  8  8  8  0  0  0  0  0 11 11 11 11 11 11 11  0  8  8  8  8 11 11 11 11 11 11 11 11  3 11 11 11 10  3 11 11  0  0  0  0  0  0 11  0  0  0  8 11 11 11  0 11  8  0 10 11 32 11  8 38  8  7 20  5 11  6  0  6  6  6 11 10 11 11 11  8  9  7 10 14 11 11  6  8  0  0  0  9  5  8  7  5  7  7  6  8  9 11  0  0 10  0  9 10  0 
 0 35 17  8 13  4  8  7  7  9  8  7  6  9 12 12 14 11 12 11 11  0  0  0 11  0  0  8  0  0  0  0  0  0  0 11  0  0 12 12 12 12 12 11 11 11 11 11  0  0  0  0  0  0  0 11 12 12 12 12  0  0  0  0  0  0  0  0  8  0  0  0 14  8  0  0 11 11 11 11 11 11  0 11 11 11 12  0  0  0 11  4  6 11  7  9 36  4 12 35  9  8 17  8 15 10 11 10 11 11  9  2  4 15 14  7  7  7  7 13  9  9 10  7 11 11 11 10  8 13  8  8 12 12 11 11  7  7 11 11 13 11  8  9 11 
11 38 20  7 14 11  8  9  8  7  7 10  8 11  9  8  9  7  9  0  0 11 11 11  0 11 11  3 11 11 11 11 11 11 11  0 11 11  8  8  8  8  8  0  0  0  0  0 11 11 11 11 11 11 11  0  8  8  8  8 11 11 11 11 11 11 11 11  3 11 11 11 10  3 11 11  0  0  0  0  0  0 11  0  0  0  8 11 11 11  0 11  8  0 10 11 32 11  8 38  8  7 20  5 11  6  0  6  6  6 11 10 11 11 11  8  9  7 10 14 11 11  6  8  0  0  0  9  5  8  7  5  7  7  6  8  9 11  0  0 10  0  9 10  0 
11 38 20  7 14 11  8  9  8  7  7 10  8 11  9  8  9  7  9  0  0 11 11 11  0 11 11  3 11 11 11 11 11 11 11  0 11 11  8  8  8  8  8  0  0  0  0  0 11 11 11 11 11 11 11  0  8  8  8  8 11 11 11 11 11 11 11 11  3 11 11 11 10  3 11 11  0  0  0  0  0  0 11  0  0  0  8 11 11 11  0 11  8  0 10 11 32 11  8 38  8  7 20  5 11  6  0  6  6  6 11 10 11 11 11  8  9  7 10 14 11 11  6  8  0  0  0  9  5  8  7  5  7  7  6  8  9 11  0  0 10  0  9 10  0 
11 38 20  7 14 11  8  9  8  7  7 10  8 11  9  8  9  7  9  0  0 11 11 11  0 11 11  3 11 11 11 11 11 11 11  0 11 11  8  8  8  8  8  0  0  0  0  0 11 11 11 11 11 11 11  0  8  8  8  8 11 11 11 11 11 11 11 11  3 11 11 11 10  3 11 11  0  0  0  0  0  0 11  0  0  0  8 11 11 11  0 11  8  0 10 11 32 11  8 38  8  7 20  5 11  6  0  6  6  6 11 10 11 11 11  8  9  7 10 14 11 11  6  8  0  0  0  9  5  8  7  5  7  7  6  8  9 11  0  0 10  0  9 10  0 
12 34 18 10 15 14  9  9  9  5  9 12  8  9  4  0  7  4  3  8  8 12 12 12  8 12 12  5 12 12 12 12 12 12 12  8 12 12  0  0  0  0  0  8  8  8  8  8 12 12 12 12 12 12 12  8  0  0  0  0 12 12 12 12 12 12 12 12  5 12 12 12  4  5 12 12  8  8  8  8  8  8 12  8  8  8  0 12 12 12  8 14  8  8 11  9 30 12  0 34 10 10 18  6  7  4  8  3  5  5  9 12 12  5  6  9  9  7 12 15  9  9  4  8  8  8  8 12  6  6 10  6  6  6  6  2  7 11  8  8 11  8  7  8  8 
 0 35 17  8 13  4  8  7  7  9  8  7  6  9 12 12 14 11 12 11 11  0  0  0 11  0  0  8  0  0  0  0  0  0  0 11  0  0 12 12 12 12 12 11 11 11 11 11  0  0  0  0  0  0  0 11 12 12 12 12  0  0  0  0  0  0  0  0  8  0  0  0 14  8  0  0 11 11 11 11 11 11  0 11 11 11 12  0  0  0 11  4  6 11  7  9 36  4 12 35  9  8 17  8 15 10 11 10 11 11  9  2  4 15 14  7  7  7  7 13  9  9 10  7 11 11 11 10  8 13  8  8 12 12 11 11  7  7 11 11 13 11  8  9 11 
 0 35 17  8 13  4  8  7  7  9  8  7  6  9 12 12 14 11 12 11 11  0  0  0 11  0  0  8  0  0  0  0  0  0  0 11  0  0 12 12 12 12 12 11 11 11 11 11  0  0  0  0  0  0  0 11 12 12 12 12  0  0  0  0  0  0  0  0  8  0  0  0 14  8  0  0 11 11 11 11 11 11  0 11 11 11 12  0  0  0 11  4  6 11  7  9 36  4 12 35  9  8 17  8 15 10 11 10 11 11  9  2  4 15 14  7  7  7  7 13  9  9 10  7 11 11 11 10  8 13  8  8 12 12 11 11  7  7 11 11 13 11  8  9 11 
 0 35 17  8 13  4  8  7  7  9  8  7  6  9 12 12 14 11 12 11 11  0  0  0 11  0  0  8  0  0  0  0  0  0  0 11  0  0 12 12 12 12 12 11 11 11 11 11  0  0  0  0  0  0  0 11 12 12 12 12  0  0  0  0  0  0  0  0  8  0  0  0 14  8  0  0 11 11 11 11 11 11  0 11 11 11 12  0  0  0 11  4  6 11  7  9 36  4 12 35  9  8 17  8 15 10 11 10 11 11  9  2  4 15 14  7  7  7  7 13  9  9 10  7 11 11 11 10  8 13  8  8 12 12 11 11  7  7 11 11 13 11  8  9 11 
11 38 20  7 14 11  8  9  8  7  7 10  8 11  9  8  9  7  9  0  0 11 11 11  0 11 11  3 11 11 11 11 11 11 11  0 11 11  8  8  8  8  8  0  0  0  0  0 11 11 11 11 11 11 11  0  8  8  8  8 11 11 11 11 11 11 11 11  3 11 11 11 10  3 11 11  0  0  0  0  0  0 11  0  0  0  8 11 11 11  0 11  8  0 10 11 32 11  8 38  8  7 20  5 11  6  0  6  6  6 11 10 11 11 11  8  9  7 10 14 11 11  6  8  0  0  0  9  5  8  7  5  7  7  6  8  9 11  0  0 10  0  9 10  0 
 4 35 15  8  9  0  5  8  8 10  5  9  9 11 12 14 14 13 14 11 11  4  4  4 11  4  4 10  4  4  4  4  4  4  4 11  4  4 14 14 14 14 14 11 11 11 11 11  4  4  4  4  4  4  4 11 14 14 14 14  4  4  4  4  4  4  4  4 10  4  4  4 15 10  4  4 11 11 11 11 11 11  4 11 11 11 14  4  4  4 11  0  9 11  8 11 36  4 14 35  6  8 15 10 15 12 11 12 12 12 11  2  4 16 14  8  8  9  9  9 11 11 12  8 11 11 11  9 10 13  8 10 12 12 12 13  7  9 11 11 13 11  9  9 11 
 6 37 17  8 10  9  7  3  3  5  6  6  0  4  9  8 11  9  9  8  8  6  6  6  8  6  6  7  6  6  6  6  6  6  6  8  6  6  8  8  8  8  8  8  8  8  8  8  6  6  6  6  6  6  6  8  8  8  8  8  6  6  6  6  6  6  6  6  7  6  6  6 10  7  6  6  8  8  8  8  8  8  6  8  8  8  8  6  6  6  8  9  0  8  3  4 33  7  8 37  7  8 17  6 11  8  8  8  7  7  4  7  7 11 10  3  3  7  6 10  4  4  7  1  8  8  8 10  6  9  8  6  9  9  7  9  2  5  8  8 11  8  4  5  8 
11 38 20  7 14 11  8  9  8  7  7 10  8 11  9  8  9  7  9  0  0 11 11 11  0 11 11  3 11 11 11 11 11 11 11  0 11 11  8  8  8  8  8  0  0  0  0  0 11 11 11 11 11 11 11  0  8  8  8  8 11 11 11 11 11 11 11 11  3 11 11 11 10  3 11 11  0  0  0  0  0  0 11  0  0  0  8 11 11 11  0 11  8  0 10 11 32 11  8 38  8  7 20  5 11  6  0  6  6  6 11 10 11 11 11  8  9  7 10 14 11 11  6  8  0  0  0  9  5  8  7  5  7  7  6  8  9 11  0  0 10  0  9 10  0 
 7 37 20  9 12  8  6  5  5  8  6  5  3  6 11 11 12 11 12 10 10  7  7  7 10  7  7  8  7  7  7  7  7  7  7 10  7  7 11 11 11 11 11 10 10 10 10 10  7  7  7  7  7  7  7 10 11 11 11 11  7  7  7  7  7  7  7  7  8  7  7  7 13  8  7  7 10 10 10 10 10 10  7 10 10 10 11  7  7  7 10  8  3 10  0  6 34  7 11 37  5  9 20  7 13 10 10 10  9  9  6  6  7 14 12  5  5  4  5 12  6  6 10  4 10 10 10 11  7  9  9  7 10 10  9 11  4  4 10 10 14 10  5  3 10 
 9 38 20 11 13 11  9  7  7  4  9  6  4  0  8  9 10  8  9 11 11  9  9  9 11  9  9  8  9  9  9  9  9  9  9 11  9  9  9  9  9  9  9 11 11 11 11 11  9  9  9  9  9  9  9 11  9  9  9  9  9  9  9  9  9  9  9  9  8  9  9  9 10  8  9  9 11 11 11 11 11 11  9 11 11 11  9  9  9  9 11 11  4 11  6  0 32  9  9 38  9 11 20  9 10  7 11  8  7  7  0  9  9 11  9  7  7  9  6 13  0  0  7  3 11 11 11 13  9 11 11  9  8  8  7  8  4  9 11 11 14 11  5  5 11 
36 22 33 31 34 36 34 33 32 28 33 34 33 32 29 30 26 28 30 32 32 36 36 36 32 36 36 30 36 36 36 36 36 36 36 32 36 36 30 30 30 30 30 32 32 32 32 32 36 36 36 36 36 36 36 32 30 30 30 30 36 36 36 36 36 36 36 36 30 36 36 36 29 30 36 36 32 32 32 32 32 32 36 32 32 32 30 36 36 36 32 36 33 32 34 32  0 35 30 22 34 31 33 29 27 29 32 31 29 29 32 34 35 29 27 32 33 32 34 34 32 32 31 32 32 32 32 33 29 29 31 29 26 26 29 29 31 35 32 32 31 32 32 33 32 
 4 34 16  8 12  4  7  7  7  9  8  8  7  9 11 12 13 12 14 11 11  4  4  4 11  4  4 10  4  4  4  4  4  4  4 11  4  4 12 12 12 12 12 11 11 11 11 11  4  4  4  4  4  4  4 11 12 12 12 12  4  4  4  4  4  4  4  4 10  4  4  4 15 10  4  4 11 11 11 11 11 11  4 11 11 11 12  4  4  4 11  4  7 11  7  9 35  0 12 34  8  8 16 10 14 11 11 11 11 11  9  2  0 16 13  7  7  7  8 12  9  9 11  7 11 11 11 10 10 13  8 10 11 11 11 13  6  7 11 11 13 11  8  8 11 
12 34 18 10 15 14  9  9  9  5  9 12  8  9  4  0  7  4  3  8  8 12 12 12  8 12 12  5 12 12 12 12 12 12 12  8 12 12  0  0  0  0  0  8  8  8  8  8 12 12 12 12 12 12 12  8  0  0  0  0 12 12 12 12 12 12 12 12  5 12 12 12  4  5 12 12  8  8  8  8  8  8 12  8  8  8  0 12 12 12  8 14  8  8 11  9 30 12  0 34 10 10 18  6  7  4  8  3  5  5  9 12 12  5  6  9  9  7 12 15  9  9  4  8  8  8  8 12  6  6 10  6  6  6  6  2  7 11  8  8 11  8  7  8  8 
35  0 25 31 31 35 33 36 36 34 34 37 37 38 33 34 34 33 34 38 38 35 35 35 38 35 35 36 35 35 35 35 35 35 35 38 35 35 34 34 34 34 34 38 38 38 38 38 35 35 35 35 35 35 35 38 34 34 34 34 35 35 35 35 35 35 35 35 36 35 35 35 32 36 35 35 38 38 38 38 38 38 35 38 38 38 34 35 35 35 38 35 37 38 37 38 22 34 34  0 34 31 25 34 35 34 38 35 35 35 38 35 34 33 35 36 36 36 37 31 38 38 37 37 38 38 38 33 34 32 31 34 33 33 35 33 36 36 38 38 29 38 37 37 38 
 9 34 16  7 11  6  1  6  6  6  2  8  7  9 10 10 12  9 11  8  8  9  9  9  8  9  9  6  9  9  9  9  9  9  9  8  9  9 10 10 10 10 10  8  8  8  8  8  9  9  9  9  9  9  9  8 10 10 10 10  9  9  9  9  9  9  9  9  6  9  9  9 12  6  9  9  8  8  8  8  8  8  9  8  8  8 10  9  9  9  8  6  7  8  5  9 34  8 10 34  0  7 16  8 12  8  8 10  9  9  9  7  8 13 11  6  6  8  8 11  9  9  9  7  8  8  8  9  8 11  7  8 10 10  9 10  8  8  8  8 12  8  8  8  8 
 8 31 17  0 10  8  6  7  8  9  7 10  8 11  9 10 11 10 10  7  7  8  8  8  7  8  8  7  8  8  8  8  8  8  8  7  8  8 10 10 10 10 10  7  7  7  7  7  8  8  8  8  8  8  8  7 10 10 10 10  8  8  8  8  8  8  8  8  7  8  8  8 10  7  8  8  7  7  7  7  7  7  8  7  7  7 10  8  8  8  7  8  8  7  9 11 31  8 10 31  7  0 17  7 12  9  7  9  6  6 11  7  8 11 11  8  7  5 10 10 11 11  6  9  7  7  7  2  7  7  0  7  9  9  4 10 10  9  7  7  5  7 10  9  7 
17 25  0 17 13 15 15 18 19 20 16 21 17 20 17 18 17 19 17 20 20 17 17 17 20 17 17 20 17 17 17 17 17 17 17 20 17 17 18 18 18 18 18 20 20 20 20 20 17 17 17 17 17 17 17 20 18 18 18 18 17 17 17 17 17 17 17 17 20 17 17 17 17 20 17 17 20 20 20 20 20 20 17 20 20 20 18 17 17 17 20 15 17 20 20 20 33 16 18 25 16 17  0 19 18 18 20 17 21 21 20 17 16 16 17 19 18 19 21 13 20 20 20 17 20 20 20 16 19 18 17 19 19 19 18 16 16 18 20 20 13 20 18 18 20 
 8 34 19  7 11 10  8  5  6  5  8  8  6  9  7  6  9  7  5  5  5  8  8  8  5  8  8  4  8  8  8  8  8  8  8  5  8  8  6  6  6  6  6  5  5  5  5  5  8  8  8  8  8  8  8  5  6  6  6  6  8  8  8  8  8  8  8  8  4  8  8  8  6  4  8  8  5  5  5  5  5  5  8  5  5  5  6  8  8  8  5 10  6  5  7  9 29 10  6 34  8  7 19  0  9  7  5  7  3  3  9  8 10  7  9  6  5  3  8 11  9  9  3  7  5  5  5  9  0  5  7  0  7  7  3  4  8  7  5  5  9  5  8  6  5 
15 35 18 12 19 15 12 11 10  6 11 15 11 10  7  7  2  5  6 11 11 15 15 15 11 15 15  9 15 15 15 15 15 15 15 11 15 15  7  7  7  7  7 11 11 11 11 11 15 15 15 15 15 15 15 11  7  7  7  7 15 15 15 15 15 15 15 15  9 15 15 15  4  9 15 15 11 11 11 11 11 11 15 11 11 11  7 15 15 15 11 15 11 11 13 10 27 14  7 35 12 12 18  9  0  6 11  7  7  7 10 13 14  5  2 10 11 11 15 19 10 10  9 11 11 11 11 14  9 10 12  9  6  6  8  5 10 14 11 11 12 11 10 11 11 
10 34 18  9 16 12  9  9  8  3  8 12  8  7  3  4  6  1  5  6  6 10 10 10  6 10 10  5 10 10 10 10 10 10 10  6 10 10  4  4  4  4  4  6  6  6  6  6 10 10 10 10 10 10 10  6  4  4  4  4 10 10 10 10 10 10 10 10  5 10 10 10  5  5 10 10  6  6  6  6  6  6 10  6  6  6  4 10 10 10  6 12  8  6 10  7 29 11  4 34  8  9 18  7  6  0  6  3  5  5  7 10 11  6  6  8  9  8 12 16  7  7  5  8  6  6  6 10  7  9  9  7  4  4  5  4  7 11  6  6 11  6  7  8  6 
11 38 20  7 14 11  8  9  8  7  7 10  8 11  9  8  9  7  9  0  0 11 11 11  0 11 11  3 11 11 11 11 11 11 11  0 11 11  8  8  8  8  8  0  0  0  0  0 11 11 11 11 11 11 11  0  8  8  8  8 11 11 11 11 11 11 11 11  3 11 11 11 10  3 11 11  0  0  0  0  0  0 11  0  0  0  8 11 11 11  0 11  8  0 10 11 32 11  8 38  8  7 20  5 11  6  0  6  6  6 11 10 11 11 11  8  9  7 10 14 11 11  6  8  0  0  0  9  5  8  7  5  7  7  6  8  9 11  0  0 10  0  9 10  0 
10 35 17  9 16 12 10  9  8  4  9 13  8  8  3  3  7  4  4  6  6 10 10 10  6 10 10  5 10 10 10 10 10 10 10  6 10 10  3  3  3  3  3  6  6  6  6  6 10 10 10 10 10 10 10  6  3  3  3  3 10 10 10 10 10 10 10 10  5 10 10 10  5  5 10 10  6  6  6  6  6  6 10  6  6  6  3 10 10 10  6 12  8  6 10  8 31 11  3 35 10  9 17  7  7  3  6  0  5  5  8 10 11  6  7  8  9  8 13 16  8  8  4  8  6  6  6 11  7  7  9  7  6  6  5  3  7 12  6  6 11  6  7  8  6 
11 35 21  6 13 12  8  6  7  4  8  9  7  7  5  5  7  6  6  6  6 11 11 11  6 11 11  4 11 11 11 11 11 11 11  6 11 11  5  5  5  5  5  6  6  6  6  6 11 11 11 11 11 11 11  6  5  5  5  5 11 11 11 11 11 11 11 11  4 11 11 11  8  4 11 11  6  6  6  6  6  6 11  6  6  6  5 11 11 11  6 12  7  6  9  7 29 11  5 35  9  6 21  3  7  5  6  5  0  0  7 10 11  8  7  7  6  5  9 13  7  7  2  7  6  6  6  8  3  6  6  3  5  5  3  5  6  9  6  6  9  6  6  7  6 
11 35 21  6 13 12  8  6  7  4  8  9  7  7  5  5  7  6  6  6  6 11 11 11  6 11 11  4 11 11 11 11 11 11 11  6 11 11  5  5  5  5  5  6  6  6  6  6 11 11 11 11 11 11 11  6  5  5  5  5 11 11 11 11 11 11 11 11  4 11 11 11  8  4 11 11  6  6  6  6  6  6 11  6  6  6  5 11 11 11  6 12  7  6  9  7 29 11  5 35  9  6 21  3  7  5  6  5  0  0  7 10 11  8  7  7  6  5  9 13  7  7  2  7  6  6  6  8  3  6  6  3  5  5  3  5  6  9  6  6  9  6  6  7  6 
 9 38 20 11 13 11  9  7  7  4  9  6  4  0  8  9 10  8  9 11 11  9  9  9 11  9  9  8  9  9  9  9  9  9  9 11  9  9  9  9  9  9  9 11 11 11 11 11  9  9  9  9  9  9  9 11  9  9  9  9  9  9  9  9  9  9  9  9  8  9  9  9 10  8  9  9 11 11 11 11 11 11  9 11 11 11  9  9  9  9 11 11  4 11  6  0 32  9  9 38  9 11 20  9 10  7 11  8  7  7  0  9  9 11  9  7  7  9  6 13  0  0  7  3 11 11 11 13  9 11 11  9  8  8  7  8  4  9 11 11 14 11  5  5 11 
 2 35 17  7 11  2  6  7  6  9  7  8  7  9 10 12 12 11 12 10 10  2  2  2 10  2  2  9  2  2  2  2  2  2  2 10  2  2 12 12 12 12 12 10 10 10 10 10  2  2  2  2  2  2  2 10 12 12 12 12  2  2  2  2  2  2  2  2  9  2  2  2 13  9  2  2 10 10 10 10 10 10  2 10 10 10 12  2  2  2 10  2  7 10  6  9 34  2 12 35  7  7 17  8 13 10 10 10 10 10  9  0  2 14 12  6  7  8  8 11  9  9 10  6 10 10 10  9  8 11  7  8 10 10 10 11  5  7 10 10 12 10  7  7 10 
 4 34 16  8 12  4  7  7  7  9  8  8  7  9 11 12 13 12 14 11 11  4  4  4 11  4  4 10  4  4  4  4  4  4  4 11  4  4 12 12 12 12 12 11 11 11 11 11  4  4  4  4  4  4  4 11 12 12 12 12  4  4  4  4  4  4  4  4 10  4  4  4 15 10  4  4 11 11 11 11 11 11  4 11 11 11 12  4  4  4 11  4  7 11  7  9 35  0 12 34  8  8 16 10 14 11 11 11 11 11  9  2  0 16 13  7  7  7  8 12  9  9 11  7 11 11 11 10 10 13  8 10 11 11 11 13  6  7 11 11 13 11  8  8 11 
15 33 16 11 18 16 13 11 11  7 12 15 11 11  6  5  5  6  5 11 11 15 15 15 11 15 15  9 15 15 15 15 15 15 15 11 15 15  5  5  5  5  5 11 11 11 11 11 15 15 15 15 15 15 15 11  5  5  5  5 15 15 15 15 15 15 15 15  9 15 15 15  1  9 15 15 11 11 11 11 11 11 15 11 11 11  5 15 15 15 11 16 11 11 14 11 29 16  5 33 13 11 16  7  5  6 11  6  8  8 11 14 16  0  5 11 11 10 15 18 11 11  8 11 11 11 11 13  7  7 11  7  9  9  8  4 11 14 11 11 10 11 11 12 11 
14 35 17 11 18 14 11 11 10  5 10 14 10  9  6  6  2  5  6 11 11 14 14 14 11 14 14  8 14 14 14 14 14 14 14 11 14 14  6  6  6  6  6 11 11 11 11 11 14 14 14 14 14 14 14 11  6  6  6  6 14 14 14 14 14 14 14 14  8 14 14 14  4  8 14 14 11 11 11 11 11 11 14 11 11 11  6 14 14 14 11 14 10 11 12  9 27 13  6 35 11 11 17  9  2  6 11  7  7  7  9 12 13  5  0 10 11 10 14 18  9  9  8 10 11 11 11 13  9 10 11  9  6  6  7  5  9 13 11 11 11 11  9 10 11 
 7 36 19  8 11  8  6  1  0  6  5  5  3  7  8  9 10  9 10  8  8  7  7  7  8  7  7  5  7  7  7  7  7  7  7  8  7  7  9  9  9  9  9  8  8  8  8  8  7  7  7  7  7  7  7  8  9  9  9  9  7  7  7  7  7  7  7  7  5  7  7  7 10  5  7  7  8  8  8  8  8  8  7  8  8  8  9  7  7  7  8  8  3  8  5  7 32  7  9 36  6  8 19  6 10  8  8  8  7  7  7  6  7 11 10  0  1  4  5 11  7  7  8  4  8  8  8 10  6  9  8  6  8  8  7  9  5  5  8  8 12  8  5  4  8 
 7 36 18  7 11  8  7  0  1  6  6  6  3  7  9  9 11 10  9  9  9  7  7  7  9  7  7  6  7  7  7  7  7  7  7  9  7  7  9  9  9  9  9  9  9  9  9  9  7  7  7  7  7  7  7  9  9  9  9  9  7  7  7  7  7  7  7  7  6  7  7  7 10  6  7  7  9  9  9  9  9  9  7  9  9  9  9  7  7  7  9  8  3  9  5  7 33  7  9 36  6  7 18  5 11  9  9  9  6  6  7  7  7 11 11  1  0  5  6 11  7  7  8  4  9  9  9  9  5  8  7  5  9  9  6  8  5  5  9  9 11  9  6  4  9 
 7 36 19  5 11  9  8  5  4  6  7  7  7  9  8  7 10  9  8  7  7  7  7  7  7  7  7  4  7  7  7  7  7  7  7  7  7  7  7  7  7  7  7  7  7  7  7  7  7  7  7  7  7  7  7  7  7  7  7  7  7  7  7  7  7  7  7  7  4  7  7  7  9  4  7  7  7  7  7  7  7  7  7  7  7  7  7  7  7  7  7  9  7  7  4  9 32  7  7 36  8  5 19  3 11  8  7  8  5  5  9  8  7 10 10  4  5  0  7 11  9  9  6  7  7  7  7  7  3  6  5  3  8  8  6  7  6  4  7  7 10  7  8  7  7 
 7 37 21 10 12  9  9  6  5  9  9  0  6  6 13 12 15 13 13 10 10  7  7  7 10  7  7 10  7  7  7  7  7  7  7 10  7  7 12 12 12 12 12 10 10 10 10 10  7  7  7  7  7  7  7 10 12 12 12 12  7  7  7  7  7  7  7  7 10  7  7  7 14 10  7  7 10 10 10 10 10 10  7 10 10 10 12  7  7  7 10  9  6 10  5  6 34  8 12 37  8 10 21  8 15 12 10 13  9  9  6  8  8 15 14  5  6  7  0 12  6  6 11  7 10 10 10 12  8 11 10  8 13 13  9 12  8  3 10 10 14 10  8  6 10 
13 31 13 10  0  9 10 11 11 13 11 12 10 13 16 15 18 17 16 14 14 13 13 13 14 13 13 12 13 13 13 13 13 13 13 14 13 13 15 15 15 15 15 14 14 14 14 14 13 13 13 13 13 13 13 14 15 15 15 15 13 13 13 13 13 13 13 13 12 13 13 13 17 12 13 13 14 14 14 14 14 14 13 14 14 14 15 13 13 13 14  9 10 14 12 13 34 12 15 31 11 10 13 11 19 16 14 16 13 13 13 11 12 18 18 11 11 11 12  0 13 13 13 11 14 14 14 10 11 14 10 11 16 16 13 15 11 11 14 14 13 14 12 13 14 
 9 38 20 11 13 11  9  7  7  4  9  6  4  0  8  9 10  8  9 11 11  9  9  9 11  9  9  8  9  9  9  9  9  9  9 11  9  9  9  9  9  9  9 11 11 11 11 11  9  9  9  9  9  9  9 11  9  9  9  9  9  9  9  9  9  9  9  9  8  9  9  9 10  8  9  9 11 11 11 11 11 11  9 11 11 11  9  9  9  9 11 11  4 11  6  0 32  9  9 38  9 11 20  9 10  7 11  8  7  7  0  9  9 11  9  7  7  9  6 13  0  0  7  3 11 11 11 13  9 11 11  9  8  8  7  8  4  9 11 11 14 11  5  5 11 
 9 38 20 11 13 11  9  7  7  4  9  6  4  0  8  9 10  8  9 11 11  9  9  9 11  9  9  8  9  9  9  9  9  9  9 11  9  9  9  9  9  9  9 11 11 11 11 11  9  9  9  9  9  9  9 11  9  9  9  9  9  9  9  9  9  9  9  9  8  9  9  9 10  8  9  9 11 11 11 11 11 11  9 11 11 11  9  9  9  9 11 11  4 11  6  0 32  9  9 38  9 11 20  9 10  7 11  8  7  7  0  9  9 11  9  7  7  9  6 13  0  0  7  3 11 11 11 13  9 11 11  9  8  8  7  8  4  9 11 11 14 11  5  5 11 
10 37 20  6 13 12  9  8  8  3  8 11  7  7  6  4  9  6  5  6  6 10 10 10  6 10 10  4 10 10 10 10 10 10 10  6 10 10  4  4  4  4  4  6  6  6  6  6 10 10 10 10 10 10 10  6  4  4  4  4 10 10 10 10 10 10 10 10  4 10 10 10  7  4 10 10  6  6  6  6  6  6 10  6  6  6  4 10 10 10  6 12  7  6 10  7 31 11  4 37  9  6 20  3  9  5  6  4  2  2  7 10 11  8  8  8  8  6 11 13  7  7  0  8  6  6  6  8  3  7  6  3  7  7  2  4  7 10  6  6  9  6  7  8  6 
 7 37 17  9 11  8  6  4  4  5  7  7  1  3  8  8 10  9  9  8  8  7  7  7  8  7  7  7  7  7  7  7  7  7  7  8  7  7  8  8  8  8  8  8  8  8  8  8  7  7  7  7  7  7  7  8  8  8  8  8  7  7  7  7  7  7  7  7  7  7  7  7 10  7  7  7  8  8  8  8  8  8  7  8  8  8  8  7  7  7  8  8  1  8  4  3 32  7  8 37  7  9 17  7 11  8  8  8  7  7  3  6  7 11 10  4  4  7  7 11  3  3  8  0  8  8  8 11  7 10  9  7  8  8  7  8  1  6  8  8 12  8  3  4  8 
11 38 20  7 14 11  8  9  8  7  7 10  8 11  9  8  9  7  9  0  0 11 11 11  0 11 11  3 11 11 11 11 11 11 11  0 11 11  8  8  8  8  8  0  0  0  0  0 11 11 11 11 11 11 11  0  8  8  8  8 11 11 11 11 11 11 11 11  3 11 11 11 10  3 11 11  0  0  0  0  0  0 11  0  0  0  8 11 11 11  0 11  8  0 10 11 32 11  8 38  8  7 20  5 11  6  0  6  6  6 11 10 11 11 11  8  9  7 10 14 11 11  6  8  0  0  0  9  5  8  7  5  7  7  6  8  9 11  0  0 10  0  9 10  0 
11 38 20  7 14 11  8  9  8  7  7 10  8 11  9  8  9  7  9  0  0 11 11 11  0 11 11  3 11 11 11 11 11 11 11  0 11 11  8  8  8  8  8  0  0  0  0  0 11 11 11 11 11 11 11  0  8  8  8  8 11 11 11 11 11 11 11 11  3 11 11 11 10  3 11 11  0  0  0  0  0  0 11  0  0  0  8 11 11 11  0 11  8  0 10 11 32 11  8 38  8  7 20  5 11  6  0  6  6  6 11 10 11 11 11  8  9  7 10 14 11 11  6  8  0  0  0  9  5  8  7  5  7  7  6  8  9 11  0  0 10  0  9 10  0 
11 38 20  7 14 11  8  9  8  7  7 10  8 11  9  8  9  7  9  0  0 11 11 11  0 11 11  3 11 11 11 11 11 11 11  0 11 11  8  8  8  8  8  0  0  0  0  0 11 11 11 11 11 11 11  0  8  8  8  8 11 11 11 11 11 11 11 11  3 11 11 11 10  3 11 11  0  0  0  0  0  0 11  0  0  0  8 11 11 11  0 11  8  0 10 11 32 11  8 38  8  7 20  5 11  6  0  6  6  6 11 10 11 11 11  8  9  7 10 14 11 11  6  8  0  0  0  9  5  8  7  5  7  7  6  8  9 11  0  0 10  0  9 10  0 
10 33 16  2 10  9  8  9 10 11  9 12 10 13 11 12 13 11 12  9  9 10 10 10  9 10 10  9 10 10 10 10 10 10 10  9 10 10 12 12 12 12 12  9  9  9  9  9 10 10 10 10 10 10 10  9 12 12 12 12 10 10 10 10 10 10 10 10  9 10 10 10 12  9 10 10  9  9  9  9  9  9 10  9  9  9 12 10 10 10  9  9 10  9 11 13 33 10 12 33  9  2 16  9 14 10  9 11  8  8 13  9 10 13 13 10  9  7 12 10 13 13  8 11  9  9  9  0  9  9  2  9 11 11  6 12 12 11  9  9  7  9 12 11  9 
 8 34 19  7 11 10  8  5  6  5  8  8  6  9  7  6  9  7  5  5  5  8  8  8  5  8  8  4  8  8  8  8  8  8  8  5  8  8  6  6  6  6  6  5  5  5  5  5  8  8  8  8  8  8  8  5  6  6  6  6  8  8  8  8  8  8  8  8  4  8  8  8  6  4  8  8  5  5  5  5  5  5  8  5  5  5  6  8  8  8  5 10  6  5  7  9 29 10  6 34  8  7 19  0  9  7  5  7  3  3  9  8 10  7  9  6  5  3  8 11  9  9  3  7  5  5  5  9  0  5  7  0  7  7  3  4  8  7  5  5  9  5  8  6  5 
13 32 18  7 14 13 11  8  9  8 11 11  9 11  8  6 10  8  6  8  8 13 13 13  8 13 13  8 13 13 13 13 13 13 13  8 13 13  6  6  6  6  6  8  8  8  8  8 13 13 13 13 13 13 13  8  6  6  6  6 13 13 13 13 13 13 13 13  8 13 13 13  8  8 13 13  8  8  8  8  8  8 13  8  8  8  6 13 13 13  8 13  9  8  9 11 29 13  6 32 11  7 18  5 10  9  8  7  6  6 11 11 13  7 10  9  8  6 11 14 11 11  7 10  8  8  8  9  5  0  7  5 10 10  6  5 11 10  8  8  7  8 11 10  8 
 8 31 17  0 10  8  6  7  8  9  7 10  8 11  9 10 11 10 10  7  7  8  8  8  7  8  8  7  8  8  8  8  8  8  8  7  8  8 10 10 10 10 10  7  7  7  7  7  8  8  8  8  8  8  8  7 10 10 10 10  8  8  8  8  8  8  8  8  7  8  8  8 10  7  8  8  7  7  7  7  7  7  8  7  7  7 10  8  8  8  7  8  8  7  9 11 31  8 10 31  7  0 17  7 12  9  7  9  6  6 11  7  8 11 11  8  7  5 10 10 11 11  6  9  7  7  7  2  7  7  0  7  9  9  4 10 10  9  7  7  5  7 10  9  7 
 8 34 19  7 11 10  8  5  6  5  8  8  6  9  7  6  9  7  5  5  5  8  8  8  5  8  8  4  8  8  8  8  8  8  8  5  8  8  6  6  6  6  6  5  5  5  5  5  8  8  8  8  8  8  8  5  6  6  6  6  8  8  8  8  8  8  8  8  4  8  8  8  6  4  8  8  5  5  5  5  5  5  8  5  5  5  6  8  8  8  5 10  6  5  7  9 29 10  6 34  8  7 19  0  9  7  5  7  3  3  9  8 10  7  9  6  5  3  8 11  9  9  3  7  5  5  5  9  0  5  7  0  7  7  3  4  8  7  5  5  9  5  8  6  5 
12 33 19  9 16 12 10  9  8  4  9 13  9  8  6  6  6  3  6  7  7 12 12 12  7 12 12  6 12 12 12 12 12 12 12  7 12 12  6  6  6  6  6  7  7  7  7  7 12 12 12 12 12 12 12  7  6  6  6  6 12 12 12 12 12 12 12 12  6 12 12 12  8  6 12 12  7  7  7  7  7  7 12  7  7  7  6 12 12 12  7 12  9  7 10  8 26 11  6 33 10  9 19  7  6  4  7  6  5  5  8 10 11  9  6  8  9  8 13 16  8  8  7  8  7  7  7 11  7 10  9  7  0  0  5  5  7 12  7  7 10  7  7  8  7 
12 33 19  9 16 12 10  9  8  4  9 13  9  8  6  6  6  3  6  7  7 12 12 12  7 12 12  6 12 12 12 12 12 12 12  7 12 12  6  6  6  6  6  7  7  7  7  7 12 12 12 12 12 12 12  7  6  6  6  6 12 12 12 12 12 12 12 12  6 12 12 12  8  6 12 12  7  7  7  7  7  7 12  7  7  7  6 12 12 12  7 12  9  7 10  8 26 11  6 33 10  9 19  7  6  4  7  6  5  5  8 10 11  9  6  8  9  8 13 16  8  8  7  8  7  7  7 11  7 10  9  7  0  0  5  5  7 12  7  7 10  7  7  8  7 
11 35 18  4 13 12  9  6  7  5  8  9  7  7  5  6  7  6  6  6  6 11 11 11  6 11 11  5 11 11 11 11 11 11 11  6 11 11  6  6  6  6  6  6  6  6  6  6 11 11 11 11 11 11 11  6  6  6  6  6 11 11 11 11 11 11 11 11  5 11 11 11  8  5 11 11  6  6  6  6  6  6 11  6  6  6  6 11 11 11  6 12  7  6  9  7 29 11  6 35  9  4 18  3  8  5  6  5  3  3  7 10 11  8  7  7  6  6  9 13  7  7  2  7  6  6  6  6  3  6  4  3  5  5  0  6  6  9  6  6  9  6  6  7  6 
11 33 16 10 15 13 10  8  9  4  9 12  9  8  3  2  5  3  1  8  8 11 11 11  8 11 11  6 11 11 11 11 11 11 11  8 11 11  2  2  2  2  2  8  8  8  8  8 11 11 11 11 11 11 11  8  2  2  2  2 11 11 11 11 11 11 11 11  6 11 11 11  3  6 11 11  8  8  8  8  8  8 11  8  8  8  2 11 11 11  8 13  9  8 11  8 29 13  2 33 10 10 16  4  5  4  8  3  5  5  8 11 13  4  5  9  8  7 12 15  8  8  4  8  8  8  8 12  4  5 10  4  5  5  6  0  8 11  8  8  9  8  8  9  8 
 7 36 16 10 11  7  7  5  5  4  7  8  2  4  7  7  9  8  9  9  9  7  7  7  9  7  7  6  7  7  7  7  7  7  7  9  7  7  7  7  7  7  7  9  9  9  9  9  7  7  7  7  7  7  7  9  7  7  7  7  7  7  7  7  7  7  7  7  6  7  7  7 10  6  7  7  9  9  9  9  9  9  7  9  9  9  7  7  7  7  9  7  2  9  4  4 31  6  7 36  8 10 16  8 10  7  9  7  6  6  4  5  6 11  9  5  5  6  8 11  4  4  7  1  9  9  9 12  8 11 10  8  7  7  6  8  0  6  9  9 13  9  2  3  9 
 7 36 18  9 11  9  9  5  5  8  9  3  5  9 12 11 14 12 12 11 11  7  7  7 11  7  7  8  7  7  7  7  7  7  7 11  7  7 11 11 11 11 11 11 11 11 11 11  7  7  7  7  7  7  7 11 11 11 11 11  7  7  7  7  7  7  7  7  8  7  7  7 13  8  7  7 11 11 11 11 11 11  7 11 11 11 11  7  7  7 11  9  5 11  4  9 35  7 11 36  8  9 18  7 14 11 11 12  9  9  9  7  7 14 13  5  5  4  3 11  9  9 10  6 11 11 11 11  7 10  9  7 12 12  9 11  6  0 11 11 12 11  8  6 11 
11 38 20  7 14 11  8  9  8  7  7 10  8 11  9  8  9  7  9  0  0 11 11 11  0 11 11  3 11 11 11 11 11 11 11  0 11 11  8  8  8  8  8  0  0  0  0  0 11 11 11 11 11 11 11  0  8  8  8  8 11 11 11 11 11 11 11 11  3 11 11 11 10  3 11 11  0  0  0  0  0  0 11  0  0  0  8 11 11 11  0 11  8  0 10 11 32 11  8 38  8  7 20  5 11  6  0  6  6  6 11 10 11 11 11  8  9  7 10 14 11 11  6  8  0  0  0  9  5  8  7  5  7  7  6  8  9 11  0  0 10  0  9 10  0 
11 38 20  7 14 11  8  9  8  7  7 10  8 11  9  8  9  7  9  0  0 11 11 11  0 11 11  3 11 11 11 11 11 11 11  0 11 11  8  8  8  8  8  0  0  0  0  0 11 11 11 11 11 11 11  0  8  8  8  8 11 11 11 11 11 11 11 11  3 11 11 11 10  3 11 11  0  0  0  0  0  0 11  0  0  0  8 11 11 11  0 11  8  0 10 11 32 11  8 38  8  7 20  5 11  6  0  6  6  6 11 10 11 11 11  8  9  7 10 14 11 11  6  8  0  0  0  9  5  8  7  5  7  7  6  8  9 11  0  0 10  0  9 10  0 
13 29 13  5 13 13 11 11 12 11 12 14 11 14 12 11 11 10 10 10 10 13 13 13 10 13 13  9 13 13 13 13 13 13 13 10 13 13 11 11 11 11 11 10 10 10 10 10 13 13 13 13 13 13 13 10 11 11 11 11 13 13 13 13 13 13 13 13  9 13 13 13  9  9 13 13 10 10 10 10 10 10 13 10 10 10 11 13 13 13 10 13 11 10 14 14 31 13 11 29 12  5 13  9 12 11 10 11  9  9 14 12 13 10 11 12 11 10 14 13 14 14  9 12 10 10 10  7  9  7  5  9 10 10  9  9 13 12 10 10  0 10 13 11 10 
11 38 20  7 14 11  8  9  8  7  7 10  8 11  9  8  9  7  9  0  0 11 11 11  0 11 11  3 11 11 11 11 11 11 11  0 11 11  8  8  8  8  8  0  0  0  0  0 11 11 11 11 11 11 11  0  8  8  8  8 11 11 11 11 11 11 11 11  3 11 11 11 10  3 11 11  0  0  0  0  0  0 11  0  0  0  8 11 11 11  0 11  8  0 10 11 32 11  8 38  8  7 20  5 11  6  0  6  6  6 11 10 11 11 11  8  9  7 10 14 11 11  6  8  0  0  0  9  5  8  7  5  7  7  6  8  9 11  0  0 10  0  9 10  0 
 8 37 18 10 12  9  8  6  5  4  7  8  4  5  8  7 10  8  9  9  9  8  8  8  9  8  8  6  8  8  8  8  8  8  8  9  8  8  7  7  7  7  7  9  9  9  9  9  8  8  8  8  8  8  8  9  7  7  7  7  8  8  8  8  8  8  8  8  6  8  8  8 10  6  8  8  9  9  9  9  9  9  8  9  9  9  7  8  8  8  9  9  4  9  5  5 32  8  7 37  8 10 18  8 10  7  9  7  6  6  5  7  8 11  9  5  6  8  8 12  5  5  7  3  9  9  9 12  8 11 10  8  7  7  6  8  2  8  9  9 13  9  0  4  9 
 9 37 18  9 13  9  9  4  4  5  8  6  5  5  9  8 11  9 10 10 10  9  9  9 10  9  9  7  9  9  9  9  9  9  9 10  9  9  8  8  8  8  8 10 10 10 10 10  9  9  9  9  9  9  9 10  8  8  8  8  9  9  9  9  9  9  9  9  7  9  9  9 11  7  9  9 10 10 10 10 10 10  9 10 10 10  8  9  9  9 10  9  5 10  3  5 33  8  8 37  8  9 18  6 11  8 10  8  7  7  5  7  8 12 10  4  4  7  6 13  5  5  8  4 10 10 10 11  6 10  9  6  8  8  7  9  3  6 10 10 11 10  4  0 10 
11 38 20  7 14 11  8  9  8  7  7 10  8 11  9  8  9  7  9  0  0 11 11 11  0 11 11  3 11 11 11 11 11 11 11  0 11 11  8  8  8  8  8  0  0  0  0  0 11 11 11 11 11 11 11  0  8  8  8  8 11 11 11 11 11 11 11 11  3 11 11 11 10  3 11 11  0  0  0  0  0  0 11  0  0  0  8 11 11 11  0 11  8  0 10 11 32 11  8 38  8  7 20  5 11  6  0  6  6  6 11 10 11 11 11  8  9  7 10 14 11 11  6  8  0  0  0  9  5  8  7  5  7  7  6  8  9 11  0  0 10  0  9 10  0 
