Instance Date: 20090109

VehicleNumber---RequestNumber---MaxTravelTime---DisinfectionTime
    4              75               90             30

VehicleCapacity---VehicleLunchReadyTime---VehicleLunchDueTime---VehicleLunchDuration
    10                    690                    750                     60

LocationID---StaffDemand---SeatDemand---ReadyTime---DueTime---ServiceTime
    0            0              0          450        1230         0
    1            2            2.5          500         560        10
    2            2            2.5          570         630        10
    3            2            2.5          555         615        10
    4            2            1.5          555         645         8
    5            2            1.5          585         675         8
    6            2            2.5          560         620        10
    7            2            1.5          480         540        10
    8            2            1.5          550         610         3
    9            2            2.5          480         510         8
   10            2              1          480        1200         8
   11            2              1          750        1200         8
   12            2              1          480        1200         8
   13            2              3          750        1200         8
   14            2              1          750        1200         8
   15            2            1.5          617         677         8
   16            2              1          720         840         8
   17            2              4          780         840        10
   18            2              4          810         870        10
   19            2              1          750        1200         8
   20            2            2.5          765         825        10
   21            2            1.5          780         840        10
   22            2            1.5          792         912         8
   23            3              1          585         705         8
   24            2              3          750        1200         8
   25            3            1.5          644         704         8
   26            2              1          840         960         8
   27            2              3          480         750         8
   28            2            2.5          663         723         8
   29            2              3          480         750         8
   30            2              1          480         750         8
   31            3              1          480         750         8
   32            3              1          480        1200         8
   33            2              1          750        1200         8
   34            2            1.5          661         781         8
   35            2            1.5          662         722         8
   36            2              1          480        1200         8
   37            2              1          480         750         8
   38            2              3          480        1200         8
   39            2              3          480         750         8
   40            2              1          480        1200         8
   41            2              1          480        1200         8
   42            2              1          480        1200         8
   43            2              3          750        1200         8
   44            2              3          750        1200         8
   45            2              3          480        1200         8
   46            3              1          960        1080         8
   47            2              1          780         900         8
   48            2              1          480        1200         8
   49            2              3          480        1200         8
   50            2              3          480        1200         8
   51            2              1          750        1200         8
   52            2              3          980        1100         8
   53            2              1          480        1200         8
   54            2              3          480        1200         8
   55            2              1          750        1200         8
   56            2            1.5          844         904         8
   57            2              1          480        1200         8
   58            2              3          480         750         8
   59            2            2.5          892        1012         8
   60            2              1          920        1070         8
   61            2            2.5          898         958         8
   62            2              1          480        1200         8
   63            2              3          750        1200         8
   64            2              1          480        1200         8
   65            2              3          480        1200         8
   66            2              3          968        1118         8
   67            2              1          480        1200         8
   68            2            1.5          897        1017         8
   69            2              1         1046        1196         8
   70            2              1          975        1095         8
   71            3            2.5          930         990         8
   72            2              3          750        1200         8
   73            2              1          480        1200         8
   74            2              3          990        1140         8
   75            2              1          750        1200         8
   76            2           -2.5          540         600         3
   77            2           -2.5          600         660         3
   78            2           -2.5          585         645         3
   79            2           -1.5          585         675         3
   80            2           -1.5          615         705         3
   81            2           -2.5          600         660         3
   82            2           -1.5          510         570         3
   83            2           -1.5          570         630         3
   84            2           -2.5          495         585         3
   85            2             -1          480        1200        10
   86            2             -1          750        1200        10
   87            2             -1          480        1200        10
   88            2             -3          750        1200        10
   89            2             -1          750        1200        10
   90            2           -1.5          617         697        10
   91            2             -1          720         860        10
   92            2             -4          810         870         3
   93            2             -4          840         900         3
   94            2             -1          750        1200        10
   95            2           -2.5          795         855         3
   96            2           -1.5          810         870         3
   97            2           -1.5          792         932         3
   98            3             -1          585         735         9
   99            2             -3          750        1200         3
  100            3           -1.5          644         724         3
  101            2             -1          840         980        10
  102            2             -3          480         750        10
  103            2           -2.5          663         743        10
  104            2             -3          480         750        10
  105            2             -1          480         750        10
  106            3             -1          480         750         3
  107            3             -1          480        1200         3
  108            2             -1          750        1200        10
  109            2           -1.5          661         801         3
  110            2           -1.5          662         752        10
  111            2             -1          480        1200        10
  112            2             -1          480         750         3
  113            2             -3          480        1200         3
  114            2             -3          480         750        10
  115            2             -1          480        1200        10
  116            2             -1          480        1200         3
  117            2             -1          480        1200        10
  118            2             -3          750        1200        10
  119            2             -3          750        1200        10
  120            2             -3          480        1200        10
  121            3             -1          960        1100        12
  122            2             -1          780         920        10
  123            2             -1          480        1200        10
  124            2             -3          480        1200         3
  125            2             -3          480        1200         3
  126            2             -1          750        1200        10
  127            2             -3          980        1130        10
  128            2             -1          480        1200        10
  129            2             -3          480        1200        10
  130            2             -1          750        1200        10
  131            2           -1.5          844         934        10
  132            2             -1          480        1200         3
  133            2             -3          480         750         3
  134            2           -2.5          892        1032         3
  135            2             -1          920        1100         3
  136            2           -2.5          898         978        10
  137            2             -1          480        1200        10
  138            2             -3          750        1200        10
  139            2             -1          480        1200        10
  140            2             -3          480        1200        10
  141            2             -3          968        1148         3
  142            2             -1          480        1200         3
  143            2           -1.5          897        1037         3
  144            2             -1         1046        1200         3
  145            2             -1          975        1125        10
  146            3           -2.5          930        1010        21
  147            2             -3          750        1200         3
  148            2             -1          480        1200         3
  149            2             -3          990        1170         3
  150            2             -1          750        1200        10

Travel Time Between Locations
 0 21 16 12 11 11 20  9  7 12 11 11 11 11 11 11 11 10 10 11 15 14  8  0  0 11 11 11  8  0  0  0 11 11  0 11 11  0  0  0  0  0 11 11  0  0 12  0  0  0  0  0  0 11 11 11 11  0  0  0  0  0  0  0  0  0  0  0  0  0  0  0  0  0  0 11  0  0  0 16 16  0 11 11  0 12 10 10  9  7 11 14  0  0 13  0 11 11 13 11  7 13 13 11  7  9 13  7  9 11 16 17 12 14 13 13 11 12 13  6  7  7  7  9 11 11 10 14 14 11 10  9 11 11 12 12  8 13 14 14 13 11 11 11 11 13  9 11 11 11 12 
21  0 13 19 23 23 32 17 22 19 23 23 23 23 23 23 23 21 21 23 19 17 21 21 21 23 23 23 21 21 21 21 23 23 21 23 23 21 21 21 21 21 23 23 21 21 19 21 21 21 21 21 21 23 23 23 23 21 21 21 21 21 21 21 21 21 21 21 21 21 21 21 21 21 21 23 21 21 21 26 26 21 23 23 21 20 22 17 20 22 21 21 21 21 17 21 23 23 18 23 22 20 20 21 21 22 17 20 21 23 28 29 19 18 17 17 23 19 18 21 21 21 21 22 23 23 21 19 18 21 22 17 23 23 19 19 22 17 19 20 20 23 23 23 23 18 18 23 23 23 19 
16 13  0 12 16 16 25 12 16 12 16 16 16 16 16 16 16 15 15 16 12 12 14 16 16 16 16 16 14 16 16 16 16 16 16 16 16 16 16 16 16 16 16 16 16 16 12 16 16 16 16 16 16 16 16 16 16 16 16 16 16 16 16 16 16 16 16 16 16 16 16 16 16 16 16 16 16 16 16 21 21 16 16 16 16 15 15 12 13 15 14 17 16 16 12 16 16 16 12 16 16 14 13 14 16 16 11 15 15 16 21 22 12 12 12 12 16 12 12 17 15 16 15 16 16 16 14 13 11 14 15 12 16 16 12 12 16 12 13 13 14 16 16 16 16 11 12 16 16 16 12 
12 19 12  0  8  8 16 16 10  6  8  8  8  8  8  8  8  5  5  8  5  4  6 12 12  8  8  8  6 12 12 12  8  8 12  8  8 12 12 12 12 12  8  8 12 12  6 12 12 12 12 12 12  8  8  8  8 12 12 12 12 12 12 12 12 12 12 12 12 12 12 12 12 12 12  8 12 12 12  9  9 12  8  8 12  5  8 13  5 10  5  5 12 12  3 12  8  8  1  8 10  2  1  5  8  9 11  7  5  8 13 15  6  3  3  3  8  0  1 11 10  9  8  9  8  8  6  2  3  5  8 16  8  8  6  6  9  3  2  2  2  8  8  8  8  9 12  8  8  8  0 
11 23 16  8  0  0 18 13  9  8  0  0  0  0  0  0  0  6  6  0 11 10  3 11 11  0  0  0  3 11 11 11  0  0 11  0  0 11 11 11 11 11  0  0 11 11  8 11 11 11 11 11 11  0  0  0  0 11 11 11 11 11 11 11 11 11 11 11 11 11 11 11 11 11 11  0 11 11 11 14 14 11  0  0 11  7  6  9  6  7  6 10 11 11  9 11  0  0  8  0  9  9  9  6  7  9  7  8  7  0 16 17  8  9  9  9  0  8  8  7  8  8  7  9  0  0  6  9 10  6  6 13  0  0  8  8  8  9  9 10  9  0  0  0  0  7  8  0  0  0  8 
11 23 16  8  0  0 18 13  9  8  0  0  0  0  0  0  0  6  6  0 11 10  3 11 11  0  0  0  3 11 11 11  0  0 11  0  0 11 11 11 11 11  0  0 11 11  8 11 11 11 11 11 11  0  0  0  0 11 11 11 11 11 11 11 11 11 11 11 11 11 11 11 11 11 11  0 11 11 11 14 14 11  0  0 11  7  6  9  6  7  6 10 11 11  9 11  0  0  8  0  9  9  9  6  7  9  7  8  7  0 16 17  8  9  9  9  0  8  8  7  8  8  7  9  0  0  6  9 10  6  6 13  0  0  8  8  8  9  9 10  9  0  0  0  0  7  8  0  0  0  8 
20 32 25 16 18 18  0 25 16 19 18 18 18 18 18 18 18 17 17 18 19 18 16 20 20 18 18 18 16 20 20 20 18 18 20 18 18 20 20 20 20 20 18 18 20 20 19 20 20 20 20 20 20 18 18 18 18 20 20 20 20 20 20 20 20 20 20 20 20 20 20 20 20 20 20 18 20 20 20 12 12 20 18 18 20 16 18 24 16 21 16 18 20 20 19 20 18 18 17 18 16 18 17 16 18 17 22 18 18 18 11 12 19 19 17 17 18 16 17 20 19 16 14 17 18 18 17 18 18 16 18 25 18 18 19 19 15 17 18 17 18 18 18 18 18 22 23 18 18 18 16 
 9 17 12 16 13 13 25  0 11 16 13 13 13 13 13 13 13 14 14 13 19 18 11  9  9 13 13 13 11  9  9  9 13 13  9 13 13  9  9  9  9  9 13 13  9  9 16  9  9  9  9  9  9 13 13 13 13  9  9  9  9  9  9  9  9  9  9  9  9  9  9  9  9  9  9 13  9  9  9 20 20  9 13 13  9 15 14 11 13 11 14 18  9  9 17  9 13 13 15 13 11 17 17 14 12 13 14 11 14 13 20 21 16 17 17 17 13 16 15 10 10 13 11 13 13 13 14 16 17 14 14  0 13 13 16 16 12 17 16 17 17 13 13 13 13 15 12 13 13 13 16 
 7 22 16 10  9  9 16 11  0  8  9  9  9  9  9  9  9  6  6  9 12 11  8  7  7  9  9  9  8  7  7  7  9  9  7  9  9  7  7  7  7  7  9  9  7  7  8  7  7  7  7  7  7  9  9  9  9  7  7  7  7  7  7  7  7  7  7  7  7  7  7  7  7  7  7  9  7  7  7 11 11  7  9  9  7  6  8  9  5  6  7 12  7  7 11  7  9  9  9  9  0 11 11  7  4  4  9  3  5  9 12 14  8 11 11 11  9 10  9  4  4  4  2  4  9  9  6 10 11  7  8 11  9  9  8  8  3 11 10 10 10  9  9  9  9  9 10  9  9  9 10 
12 19 12  6  8  8 19 16  8  0  8  8  8  8  8  8  8  6  6  8  7  6  5 12 12  8  8  8  5 12 12 12  8  8 12  8  8 12 12 12 12 12  8  8 12 12  0 12 12 12 12 12 12  8  8  8  8 12 12 12 12 12 12 12 12 12 12 12 12 12 12 12 12 12 12  8 12 12 12 12 12 12  8  8 12  6  4 13  5  8  6  8 12 12  6 12  8  8  5  8  8  7  7  6  8  7 11  9  5  8 15 16  0  5  6  6  8  6  5  9  9  8  7  7  8  8  4  6  6  6  4 16  8  8  0  0  8  6  6  6  7  8  8  8  8  6 12  8  8  8  6 
11 23 16  8  0  0 18 13  9  8  0  0  0  0  0  0  0  6  6  0 11 10  3 11 11  0  0  0  3 11 11 11  0  0 11  0  0 11 11 11 11 11  0  0 11 11  8 11 11 11 11 11 11  0  0  0  0 11 11 11 11 11 11 11 11 11 11 11 11 11 11 11 11 11 11  0 11 11 11 14 14 11  0  0 11  7  6  9  6  7  6 10 11 11  9 11  0  0  8  0  9  9  9  6  7  9  7  8  7  0 16 17  8  9  9  9  0  8  8  7  8  8  7  9  0  0  6  9 10  6  6 13  0  0  8  8  8  9  9 10  9  0  0  0  0  7  8  0  0  0  8 
11 23 16  8  0  0 18 13  9  8  0  0  0  0  0  0  0  6  6  0 11 10  3 11 11  0  0  0  3 11 11 11  0  0 11  0  0 11 11 11 11 11  0  0 11 11  8 11 11 11 11 11 11  0  0  0  0 11 11 11 11 11 11 11 11 11 11 11 11 11 11 11 11 11 11  0 11 11 11 14 14 11  0  0 11  7  6  9  6  7  6 10 11 11  9 11  0  0  8  0  9  9  9  6  7  9  7  8  7  0 16 17  8  9  9  9  0  8  8  7  8  8  7  9  0  0  6  9 10  6  6 13  0  0  8  8  8  9  9 10  9  0  0  0  0  7  8  0  0  0  8 
11 23 16  8  0  0 18 13  9  8  0  0  0  0  0  0  0  6  6  0 11 10  3 11 11  0  0  0  3 11 11 11  0  0 11  0  0 11 11 11 11 11  0  0 11 11  8 11 11 11 11 11 11  0  0  0  0 11 11 11 11 11 11 11 11 11 11 11 11 11 11 11 11 11 11  0 11 11 11 14 14 11  0  0 11  7  6  9  6  7  6 10 11 11  9 11  0  0  8  0  9  9  9  6  7  9  7  8  7  0 16 17  8  9  9  9  0  8  8  7  8  8  7  9  0  0  6  9 10  6  6 13  0  0  8  8  8  9  9 10  9  0  0  0  0  7  8  0  0  0  8 
11 23 16  8  0  0 18 13  9  8  0  0  0  0  0  0  0  6  6  0 11 10  3 11 11  0  0  0  3 11 11 11  0  0 11  0  0 11 11 11 11 11  0  0 11 11  8 11 11 11 11 11 11  0  0  0  0 11 11 11 11 11 11 11 11 11 11 11 11 11 11 11 11 11 11  0 11 11 11 14 14 11  0  0 11  7  6  9  6  7  6 10 11 11  9 11  0  0  8  0  9  9  9  6  7  9  7  8  7  0 16 17  8  9  9  9  0  8  8  7  8  8  7  9  0  0  6  9 10  6  6 13  0  0  8  8  8  9  9 10  9  0  0  0  0  7  8  0  0  0  8 
11 23 16  8  0  0 18 13  9  8  0  0  0  0  0  0  0  6  6  0 11 10  3 11 11  0  0  0  3 11 11 11  0  0 11  0  0 11 11 11 11 11  0  0 11 11  8 11 11 11 11 11 11  0  0  0  0 11 11 11 11 11 11 11 11 11 11 11 11 11 11 11 11 11 11  0 11 11 11 14 14 11  0  0 11  7  6  9  6  7  6 10 11 11  9 11  0  0  8  0  9  9  9  6  7  9  7  8  7  0 16 17  8  9  9  9  0  8  8  7  8  8  7  9  0  0  6  9 10  6  6 13  0  0  8  8  8  9  9 10  9  0  0  0  0  7  8  0  0  0  8 
11 23 16  8  0  0 18 13  9  8  0  0  0  0  0  0  0  6  6  0 11 10  3 11 11  0  0  0  3 11 11 11  0  0 11  0  0 11 11 11 11 11  0  0 11 11  8 11 11 11 11 11 11  0  0  0  0 11 11 11 11 11 11 11 11 11 11 11 11 11 11 11 11 11 11  0 11 11 11 14 14 11  0  0 11  7  6  9  6  7  6 10 11 11  9 11  0  0  8  0  9  9  9  6  7  9  7  8  7  0 16 17  8  9  9  9  0  8  8  7  8  8  7  9  0  0  6  9 10  6  6 13  0  0  8  8  8  9  9 10  9  0  0  0  0  7  8  0  0  0  8 
11 23 16  8  0  0 18 13  9  8  0  0  0  0  0  0  0  6  6  0 11 10  3 11 11  0  0  0  3 11 11 11  0  0 11  0  0 11 11 11 11 11  0  0 11 11  8 11 11 11 11 11 11  0  0  0  0 11 11 11 11 11 11 11 11 11 11 11 11 11 11 11 11 11 11  0 11 11 11 14 14 11  0  0 11  7  6  9  6  7  6 10 11 11  9 11  0  0  8  0  9  9  9  6  7  9  7  8  7  0 16 17  8  9  9  9  0  8  8  7  8  8  7  9  0  0  6  9 10  6  6 13  0  0  8  8  8  9  9 10  9  0  0  0  0  7  8  0  0  0  8 
10 21 15  5  6  6 17 14  6  6  6  6  6  6  6  6  6  0  0  6  8  7  3 10 10  6  6  6  3 10 10 10  6  6 10  6  6 10 10 10 10 10  6  6 10 10  6 10 10 10 10 10 10  6  6  6  6 10 10 10 10 10 10 10 10 10 10 10 10 10 10 10 10 10 10  6 10 10 10 12 12 10  6  6 10  2  4 12  4  6  1  8 10 10  7 10  6  6  5  6  6  7  6  1  5  5 10  6  4  6 13 14  6  7  6  6  6  5  5  7  7  6  5  5  6  6  5  6  7  1  4 14  6  6  6  6  6  6  6  6  7  6  6  6  6  9 11  6  6  6  5 
10 21 15  5  6  6 17 14  6  6  6  6  6  6  6  6  6  0  0  6  8  7  3 10 10  6  6  6  3 10 10 10  6  6 10  6  6 10 10 10 10 10  6  6 10 10  6 10 10 10 10 10 10  6  6  6  6 10 10 10 10 10 10 10 10 10 10 10 10 10 10 10 10 10 10  6 10 10 10 12 12 10  6  6 10  2  4 12  4  6  1  8 10 10  7 10  6  6  5  6  6  7  6  1  5  5 10  6  4  6 13 14  6  7  6  6  6  5  5  7  7  6  5  5  6  6  5  6  7  1  4 14  6  6  6  6  6  6  6  6  7  6  6  6  6  9 11  6  6  6  5 
11 23 16  8  0  0 18 13  9  8  0  0  0  0  0  0  0  6  6  0 11 10  3 11 11  0  0  0  3 11 11 11  0  0 11  0  0 11 11 11 11 11  0  0 11 11  8 11 11 11 11 11 11  0  0  0  0 11 11 11 11 11 11 11 11 11 11 11 11 11 11 11 11 11 11  0 11 11 11 14 14 11  0  0 11  7  6  9  6  7  6 10 11 11  9 11  0  0  8  0  9  9  9  6  7  9  7  8  7  0 16 17  8  9  9  9  0  8  8  7  8  8  7  9  0  0  6  9 10  6  6 13  0  0  8  8  8  9  9 10  9  0  0  0  0  7  8  0  0  0  8 
15 19 12  5 11 11 19 19 12  7 11 11 11 11 11 11 11  8  8 11  0  4  9 15 15 11 11 11  9 15 15 15 11 11 15 11 11 15 15 15 15 15 11 11 15 15  7 15 15 15 15 15 15 11 11 11 11 15 15 15 15 15 15 15 15 15 15 15 15 15 15 15 15 15 15 11 15 15 15 14 14 15 11 11 15  8  8 13  8 10  9  8 15 15  3 15 11 11  4 11 12  6  5  9 11 12 12 11  7 11 18 18  7  2  4  4 11  5  4 12 11 11 11 12 11 11  9  3  2  9  8 19 11 11  7  7 12  4  4  6  4 11 11 11 11  8 13 11 11 11  5 
14 17 12  4 10 10 18 18 11  6 10 10 10 10 10 10 10  7  7 10  4  0  8 14 14 10 10 10  8 14 14 14 10 10 14 10 10 14 14 14 14 14 10 10 14 14  6 14 14 14 14 14 14 10 10 10 10 14 14 14 14 14 14 14 14 14 14 14 14 14 14 14 14 14 14 10 14 14 14 12 12 14 10 10 14  6  8 13  7 11  7  7 14 14  2 14 10 10  3 10 11  5  5  7 10 11 12 10  6 10 16 17  6  3  1  1 10  4  3 12 11 11 10 11 10 10  7  4  3  7  8 18 10 10  6  6 11  1  3  4  5 10 10 10 10  8 13 10 10 10  4 
 8 21 14  6  3  3 16 11  8  5  3  3  3  3  3  3  3  3  3  3  9  8  0  8  8  3  3  3  0  8  8  8  3  3  8  3  3  8  8  8  8  8  3  3  8  8  5  8  8  8  8  8  8  3  3  3  3  8  8  8  8  8  8  8  8  8  8  8  8  8  8  8  8  8  8  3  8  8  8 13 13  8  3  3  8  5  4  9  3  5  4  8  8  8  7  8  3  3  5  3  8  7  7  4  5  6  7  5  4  3 13 14  5  7  7  7  3  6  5  6  5  6  6  6  3  3  3  6  7  4  4 11  3  3  5  5  6  7  6  7  7  3  3  3  3  7  8  3  3  3  6 
 0 21 16 12 11 11 20  9  7 12 11 11 11 11 11 11 11 10 10 11 15 14  8  0  0 11 11 11  8  0  0  0 11 11  0 11 11  0  0  0  0  0 11 11  0  0 12  0  0  0  0  0  0 11 11 11 11  0  0  0  0  0  0  0  0  0  0  0  0  0  0  0  0  0  0 11  0  0  0 16 16  0 11 11  0 12 10 10  9  7 11 14  0  0 13  0 11 11 13 11  7 13 13 11  7  9 13  7  9 11 16 17 12 14 13 13 11 12 13  6  7  7  7  9 11 11 10 14 14 11 10  9 11 11 12 12  8 13 14 14 13 11 11 11 11 13  9 11 11 11 12 
 0 21 16 12 11 11 20  9  7 12 11 11 11 11 11 11 11 10 10 11 15 14  8  0  0 11 11 11  8  0  0  0 11 11  0 11 11  0  0  0  0  0 11 11  0  0 12  0  0  0  0  0  0 11 11 11 11  0  0  0  0  0  0  0  0  0  0  0  0  0  0  0  0  0  0 11  0  0  0 16 16  0 11 11  0 12 10 10  9  7 11 14  0  0 13  0 11 11 13 11  7 13 13 11  7  9 13  7  9 11 16 17 12 14 13 13 11 12 13  6  7  7  7  9 11 11 10 14 14 11 10  9 11 11 12 12  8 13 14 14 13 11 11 11 11 13  9 11 11 11 12 
11 23 16  8  0  0 18 13  9  8  0  0  0  0  0  0  0  6  6  0 11 10  3 11 11  0  0  0  3 11 11 11  0  0 11  0  0 11 11 11 11 11  0  0 11 11  8 11 11 11 11 11 11  0  0  0  0 11 11 11 11 11 11 11 11 11 11 11 11 11 11 11 11 11 11  0 11 11 11 14 14 11  0  0 11  7  6  9  6  7  6 10 11 11  9 11  0  0  8  0  9  9  9  6  7  9  7  8  7  0 16 17  8  9  9  9  0  8  8  7  8  8  7  9  0  0  6  9 10  6  6 13  0  0  8  8  8  9  9 10  9  0  0  0  0  7  8  0  0  0  8 
11 23 16  8  0  0 18 13  9  8  0  0  0  0  0  0  0  6  6  0 11 10  3 11 11  0  0  0  3 11 11 11  0  0 11  0  0 11 11 11 11 11  0  0 11 11  8 11 11 11 11 11 11  0  0  0  0 11 11 11 11 11 11 11 11 11 11 11 11 11 11 11 11 11 11  0 11 11 11 14 14 11  0  0 11  7  6  9  6  7  6 10 11 11  9 11  0  0  8  0  9  9  9  6  7  9  7  8  7  0 16 17  8  9  9  9  0  8  8  7  8  8  7  9  0  0  6  9 10  6  6 13  0  0  8  8  8  9  9 10  9  0  0  0  0  7  8  0  0  0  8 
11 23 16  8  0  0 18 13  9  8  0  0  0  0  0  0  0  6  6  0 11 10  3 11 11  0  0  0  3 11 11 11  0  0 11  0  0 11 11 11 11 11  0  0 11 11  8 11 11 11 11 11 11  0  0  0  0 11 11 11 11 11 11 11 11 11 11 11 11 11 11 11 11 11 11  0 11 11 11 14 14 11  0  0 11  7  6  9  6  7  6 10 11 11  9 11  0  0  8  0  9  9  9  6  7  9  7  8  7  0 16 17  8  9  9  9  0  8  8  7  8  8  7  9  0  0  6  9 10  6  6 13  0  0  8  8  8  9  9 10  9  0  0  0  0  7  8  0  0  0  8 
 8 21 14  6  3  3 16 11  8  5  3  3  3  3  3  3  3  3  3  3  9  8  0  8  8  3  3  3  0  8  8  8  3  3  8  3  3  8  8  8  8  8  3  3  8  8  5  8  8  8  8  8  8  3  3  3  3  8  8  8  8  8  8  8  8  8  8  8  8  8  8  8  8  8  8  3  8  8  8 13 13  8  3  3  8  5  4  9  3  5  4  8  8  8  7  8  3  3  5  3  8  7  7  4  5  6  7  5  4  3 13 14  5  7  7  7  3  6  5  6  5  6  6  6  3  3  3  6  7  4  4 11  3  3  5  5  6  7  6  7  7  3  3  3  3  7  8  3  3  3  6 
 0 21 16 12 11 11 20  9  7 12 11 11 11 11 11 11 11 10 10 11 15 14  8  0  0 11 11 11  8  0  0  0 11 11  0 11 11  0  0  0  0  0 11 11  0  0 12  0  0  0  0  0  0 11 11 11 11  0  0  0  0  0  0  0  0  0  0  0  0  0  0  0  0  0  0 11  0  0  0 16 16  0 11 11  0 12 10 10  9  7 11 14  0  0 13  0 11 11 13 11  7 13 13 11  7  9 13  7  9 11 16 17 12 14 13 13 11 12 13  6  7  7  7  9 11 11 10 14 14 11 10  9 11 11 12 12  8 13 14 14 13 11 11 11 11 13  9 11 11 11 12 
 0 21 16 12 11 11 20  9  7 12 11 11 11 11 11 11 11 10 10 11 15 14  8  0  0 11 11 11  8  0  0  0 11 11  0 11 11  0  0  0  0  0 11 11  0  0 12  0  0  0  0  0  0 11 11 11 11  0  0  0  0  0  0  0  0  0  0  0  0  0  0  0  0  0  0 11  0  0  0 16 16  0 11 11  0 12 10 10  9  7 11 14  0  0 13  0 11 11 13 11  7 13 13 11  7  9 13  7  9 11 16 17 12 14 13 13 11 12 13  6  7  7  7  9 11 11 10 14 14 11 10  9 11 11 12 12  8 13 14 14 13 11 11 11 11 13  9 11 11 11 12 
 0 21 16 12 11 11 20  9  7 12 11 11 11 11 11 11 11 10 10 11 15 14  8  0  0 11 11 11  8  0  0  0 11 11  0 11 11  0  0  0  0  0 11 11  0  0 12  0  0  0  0  0  0 11 11 11 11  0  0  0  0  0  0  0  0  0  0  0  0  0  0  0  0  0  0 11  0  0  0 16 16  0 11 11  0 12 10 10  9  7 11 14  0  0 13  0 11 11 13 11  7 13 13 11  7  9 13  7  9 11 16 17 12 14 13 13 11 12 13  6  7  7  7  9 11 11 10 14 14 11 10  9 11 11 12 12  8 13 14 14 13 11 11 11 11 13  9 11 11 11 12 
11 23 16  8  0  0 18 13  9  8  0  0  0  0  0  0  0  6  6  0 11 10  3 11 11  0  0  0  3 11 11 11  0  0 11  0  0 11 11 11 11 11  0  0 11 11  8 11 11 11 11 11 11  0  0  0  0 11 11 11 11 11 11 11 11 11 11 11 11 11 11 11 11 11 11  0 11 11 11 14 14 11  0  0 11  7  6  9  6  7  6 10 11 11  9 11  0  0  8  0  9  9  9  6  7  9  7  8  7  0 16 17  8  9  9  9  0  8  8  7  8  8  7  9  0  0  6  9 10  6  6 13  0  0  8  8  8  9  9 10  9  0  0  0  0  7  8  0  0  0  8 
11 23 16  8  0  0 18 13  9  8  0  0  0  0  0  0  0  6  6  0 11 10  3 11 11  0  0  0  3 11 11 11  0  0 11  0  0 11 11 11 11 11  0  0 11 11  8 11 11 11 11 11 11  0  0  0  0 11 11 11 11 11 11 11 11 11 11 11 11 11 11 11 11 11 11  0 11 11 11 14 14 11  0  0 11  7  6  9  6  7  6 10 11 11  9 11  0  0  8  0  9  9  9  6  7  9  7  8  7  0 16 17  8  9  9  9  0  8  8  7  8  8  7  9  0  0  6  9 10  6  6 13  0  0  8  8  8  9  9 10  9  0  0  0  0  7  8  0  0  0  8 
 0 21 16 12 11 11 20  9  7 12 11 11 11 11 11 11 11 10 10 11 15 14  8  0  0 11 11 11  8  0  0  0 11 11  0 11 11  0  0  0  0  0 11 11  0  0 12  0  0  0  0  0  0 11 11 11 11  0  0  0  0  0  0  0  0  0  0  0  0  0  0  0  0  0  0 11  0  0  0 16 16  0 11 11  0 12 10 10  9  7 11 14  0  0 13  0 11 11 13 11  7 13 13 11  7  9 13  7  9 11 16 17 12 14 13 13 11 12 13  6  7  7  7  9 11 11 10 14 14 11 10  9 11 11 12 12  8 13 14 14 13 11 11 11 11 13  9 11 11 11 12 
11 23 16  8  0  0 18 13  9  8  0  0  0  0  0  0  0  6  6  0 11 10  3 11 11  0  0  0  3 11 11 11  0  0 11  0  0 11 11 11 11 11  0  0 11 11  8 11 11 11 11 11 11  0  0  0  0 11 11 11 11 11 11 11 11 11 11 11 11 11 11 11 11 11 11  0 11 11 11 14 14 11  0  0 11  7  6  9  6  7  6 10 11 11  9 11  0  0  8  0  9  9  9  6  7  9  7  8  7  0 16 17  8  9  9  9  0  8  8  7  8  8  7  9  0  0  6  9 10  6  6 13  0  0  8  8  8  9  9 10  9  0  0  0  0  7  8  0  0  0  8 
11 23 16  8  0  0 18 13  9  8  0  0  0  0  0  0  0  6  6  0 11 10  3 11 11  0  0  0  3 11 11 11  0  0 11  0  0 11 11 11 11 11  0  0 11 11  8 11 11 11 11 11 11  0  0  0  0 11 11 11 11 11 11 11 11 11 11 11 11 11 11 11 11 11 11  0 11 11 11 14 14 11  0  0 11  7  6  9  6  7  6 10 11 11  9 11  0  0  8  0  9  9  9  6  7  9  7  8  7  0 16 17  8  9  9  9  0  8  8  7  8  8  7  9  0  0  6  9 10  6  6 13  0  0  8  8  8  9  9 10  9  0  0  0  0  7  8  0  0  0  8 
 0 21 16 12 11 11 20  9  7 12 11 11 11 11 11 11 11 10 10 11 15 14  8  0  0 11 11 11  8  0  0  0 11 11  0 11 11  0  0  0  0  0 11 11  0  0 12  0  0  0  0  0  0 11 11 11 11  0  0  0  0  0  0  0  0  0  0  0  0  0  0  0  0  0  0 11  0  0  0 16 16  0 11 11  0 12 10 10  9  7 11 14  0  0 13  0 11 11 13 11  7 13 13 11  7  9 13  7  9 11 16 17 12 14 13 13 11 12 13  6  7  7  7  9 11 11 10 14 14 11 10  9 11 11 12 12  8 13 14 14 13 11 11 11 11 13  9 11 11 11 12 
 0 21 16 12 11 11 20  9  7 12 11 11 11 11 11 11 11 10 10 11 15 14  8  0  0 11 11 11  8  0  0  0 11 11  0 11 11  0  0  0  0  0 11 11  0  0 12  0  0  0  0  0  0 11 11 11 11  0  0  0  0  0  0  0  0  0  0  0  0  0  0  0  0  0  0 11  0  0  0 16 16  0 11 11  0 12 10 10  9  7 11 14  0  0 13  0 11 11 13 11  7 13 13 11  7  9 13  7  9 11 16 17 12 14 13 13 11 12 13  6  7  7  7  9 11 11 10 14 14 11 10  9 11 11 12 12  8 13 14 14 13 11 11 11 11 13  9 11 11 11 12 
 0 21 16 12 11 11 20  9  7 12 11 11 11 11 11 11 11 10 10 11 15 14  8  0  0 11 11 11  8  0  0  0 11 11  0 11 11  0  0  0  0  0 11 11  0  0 12  0  0  0  0  0  0 11 11 11 11  0  0  0  0  0  0  0  0  0  0  0  0  0  0  0  0  0  0 11  0  0  0 16 16  0 11 11  0 12 10 10  9  7 11 14  0  0 13  0 11 11 13 11  7 13 13 11  7  9 13  7  9 11 16 17 12 14 13 13 11 12 13  6  7  7  7  9 11 11 10 14 14 11 10  9 11 11 12 12  8 13 14 14 13 11 11 11 11 13  9 11 11 11 12 
 0 21 16 12 11 11 20  9  7 12 11 11 11 11 11 11 11 10 10 11 15 14  8  0  0 11 11 11  8  0  0  0 11 11  0 11 11  0  0  0  0  0 11 11  0  0 12  0  0  0  0  0  0 11 11 11 11  0  0  0  0  0  0  0  0  0  0  0  0  0  0  0  0  0  0 11  0  0  0 16 16  0 11 11  0 12 10 10  9  7 11 14  0  0 13  0 11 11 13 11  7 13 13 11  7  9 13  7  9 11 16 17 12 14 13 13 11 12 13  6  7  7  7  9 11 11 10 14 14 11 10  9 11 11 12 12  8 13 14 14 13 11 11 11 11 13  9 11 11 11 12 
 0 21 16 12 11 11 20  9  7 12 11 11 11 11 11 11 11 10 10 11 15 14  8  0  0 11 11 11  8  0  0  0 11 11  0 11 11  0  0  0  0  0 11 11  0  0 12  0  0  0  0  0  0 11 11 11 11  0  0  0  0  0  0  0  0  0  0  0  0  0  0  0  0  0  0 11  0  0  0 16 16  0 11 11  0 12 10 10  9  7 11 14  0  0 13  0 11 11 13 11  7 13 13 11  7  9 13  7  9 11 16 17 12 14 13 13 11 12 13  6  7  7  7  9 11 11 10 14 14 11 10  9 11 11 12 12  8 13 14 14 13 11 11 11 11 13  9 11 11 11 12 
11 23 16  8  0  0 18 13  9  8  0  0  0  0  0  0  0  6  6  0 11 10  3 11 11  0  0  0  3 11 11 11  0  0 11  0  0 11 11 11 11 11  0  0 11 11  8 11 11 11 11 11 11  0  0  0  0 11 11 11 11 11 11 11 11 11 11 11 11 11 11 11 11 11 11  0 11 11 11 14 14 11  0  0 11  7  6  9  6  7  6 10 11 11  9 11  0  0  8  0  9  9  9  6  7  9  7  8  7  0 16 17  8  9  9  9  0  8  8  7  8  8  7  9  0  0  6  9 10  6  6 13  0  0  8  8  8  9  9 10  9  0  0  0  0  7  8  0  0  0  8 
11 23 16  8  0  0 18 13  9  8  0  0  0  0  0  0  0  6  6  0 11 10  3 11 11  0  0  0  3 11 11 11  0  0 11  0  0 11 11 11 11 11  0  0 11 11  8 11 11 11 11 11 11  0  0  0  0 11 11 11 11 11 11 11 11 11 11 11 11 11 11 11 11 11 11  0 11 11 11 14 14 11  0  0 11  7  6  9  6  7  6 10 11 11  9 11  0  0  8  0  9  9  9  6  7  9  7  8  7  0 16 17  8  9  9  9  0  8  8  7  8  8  7  9  0  0  6  9 10  6  6 13  0  0  8  8  8  9  9 10  9  0  0  0  0  7  8  0  0  0  8 
 0 21 16 12 11 11 20  9  7 12 11 11 11 11 11 11 11 10 10 11 15 14  8  0  0 11 11 11  8  0  0  0 11 11  0 11 11  0  0  0  0  0 11 11  0  0 12  0  0  0  0  0  0 11 11 11 11  0  0  0  0  0  0  0  0  0  0  0  0  0  0  0  0  0  0 11  0  0  0 16 16  0 11 11  0 12 10 10  9  7 11 14  0  0 13  0 11 11 13 11  7 13 13 11  7  9 13  7  9 11 16 17 12 14 13 13 11 12 13  6  7  7  7  9 11 11 10 14 14 11 10  9 11 11 12 12  8 13 14 14 13 11 11 11 11 13  9 11 11 11 12 
 0 21 16 12 11 11 20  9  7 12 11 11 11 11 11 11 11 10 10 11 15 14  8  0  0 11 11 11  8  0  0  0 11 11  0 11 11  0  0  0  0  0 11 11  0  0 12  0  0  0  0  0  0 11 11 11 11  0  0  0  0  0  0  0  0  0  0  0  0  0  0  0  0  0  0 11  0  0  0 16 16  0 11 11  0 12 10 10  9  7 11 14  0  0 13  0 11 11 13 11  7 13 13 11  7  9 13  7  9 11 16 17 12 14 13 13 11 12 13  6  7  7  7  9 11 11 10 14 14 11 10  9 11 11 12 12  8 13 14 14 13 11 11 11 11 13  9 11 11 11 12 
12 19 12  6  8  8 19 16  8  0  8  8  8  8  8  8  8  6  6  8  7  6  5 12 12  8  8  8  5 12 12 12  8  8 12  8  8 12 12 12 12 12  8  8 12 12  0 12 12 12 12 12 12  8  8  8  8 12 12 12 12 12 12 12 12 12 12 12 12 12 12 12 12 12 12  8 12 12 12 12 12 12  8  8 12  6  4 13  5  8  6  8 12 12  6 12  8  8  5  8  8  7  7  6  8  7 11  9  5  8 15 16  0  5  6  6  8  6  5  9  9  8  7  7  8  8  4  6  6  6  4 16  8  8  0  0  8  6  6  6  7  8  8  8  8  6 12  8  8  8  6 
 0 21 16 12 11 11 20  9  7 12 11 11 11 11 11 11 11 10 10 11 15 14  8  0  0 11 11 11  8  0  0  0 11 11  0 11 11  0  0  0  0  0 11 11  0  0 12  0  0  0  0  0  0 11 11 11 11  0  0  0  0  0  0  0  0  0  0  0  0  0  0  0  0  0  0 11  0  0  0 16 16  0 11 11  0 12 10 10  9  7 11 14  0  0 13  0 11 11 13 11  7 13 13 11  7  9 13  7  9 11 16 17 12 14 13 13 11 12 13  6  7  7  7  9 11 11 10 14 14 11 10  9 11 11 12 12  8 13 14 14 13 11 11 11 11 13  9 11 11 11 12 
 0 21 16 12 11 11 20  9  7 12 11 11 11 11 11 11 11 10 10 11 15 14  8  0  0 11 11 11  8  0  0  0 11 11  0 11 11  0  0  0  0  0 11 11  0  0 12  0  0  0  0  0  0 11 11 11 11  0  0  0  0  0  0  0  0  0  0  0  0  0  0  0  0  0  0 11  0  0  0 16 16  0 11 11  0 12 10 10  9  7 11 14  0  0 13  0 11 11 13 11  7 13 13 11  7  9 13  7  9 11 16 17 12 14 13 13 11 12 13  6  7  7  7  9 11 11 10 14 14 11 10  9 11 11 12 12  8 13 14 14 13 11 11 11 11 13  9 11 11 11 12 
 0 21 16 12 11 11 20  9  7 12 11 11 11 11 11 11 11 10 10 11 15 14  8  0  0 11 11 11  8  0  0  0 11 11  0 11 11  0  0  0  0  0 11 11  0  0 12  0  0  0  0  0  0 11 11 11 11  0  0  0  0  0  0  0  0  0  0  0  0  0  0  0  0  0  0 11  0  0  0 16 16  0 11 11  0 12 10 10  9  7 11 14  0  0 13  0 11 11 13 11  7 13 13 11  7  9 13  7  9 11 16 17 12 14 13 13 11 12 13  6  7  7  7  9 11 11 10 14 14 11 10  9 11 11 12 12  8 13 14 14 13 11 11 11 11 13  9 11 11 11 12 
 0 21 16 12 11 11 20  9  7 12 11 11 11 11 11 11 11 10 10 11 15 14  8  0  0 11 11 11  8  0  0  0 11 11  0 11 11  0  0  0  0  0 11 11  0  0 12  0  0  0  0  0  0 11 11 11 11  0  0  0  0  0  0  0  0  0  0  0  0  0  0  0  0  0  0 11  0  0  0 16 16  0 11 11  0 12 10 10  9  7 11 14  0  0 13  0 11 11 13 11  7 13 13 11  7  9 13  7  9 11 16 17 12 14 13 13 11 12 13  6  7  7  7  9 11 11 10 14 14 11 10  9 11 11 12 12  8 13 14 14 13 11 11 11 11 13  9 11 11 11 12 
 0 21 16 12 11 11 20  9  7 12 11 11 11 11 11 11 11 10 10 11 15 14  8  0  0 11 11 11  8  0  0  0 11 11  0 11 11  0  0  0  0  0 11 11  0  0 12  0  0  0  0  0  0 11 11 11 11  0  0  0  0  0  0  0  0  0  0  0  0  0  0  0  0  0  0 11  0  0  0 16 16  0 11 11  0 12 10 10  9  7 11 14  0  0 13  0 11 11 13 11  7 13 13 11  7  9 13  7  9 11 16 17 12 14 13 13 11 12 13  6  7  7  7  9 11 11 10 14 14 11 10  9 11 11 12 12  8 13 14 14 13 11 11 11 11 13  9 11 11 11 12 
 0 21 16 12 11 11 20  9  7 12 11 11 11 11 11 11 11 10 10 11 15 14  8  0  0 11 11 11  8  0  0  0 11 11  0 11 11  0  0  0  0  0 11 11  0  0 12  0  0  0  0  0  0 11 11 11 11  0  0  0  0  0  0  0  0  0  0  0  0  0  0  0  0  0  0 11  0  0  0 16 16  0 11 11  0 12 10 10  9  7 11 14  0  0 13  0 11 11 13 11  7 13 13 11  7  9 13  7  9 11 16 17 12 14 13 13 11 12 13  6  7  7  7  9 11 11 10 14 14 11 10  9 11 11 12 12  8 13 14 14 13 11 11 11 11 13  9 11 11 11 12 
11 23 16  8  0  0 18 13  9  8  0  0  0  0  0  0  0  6  6  0 11 10  3 11 11  0  0  0  3 11 11 11  0  0 11  0  0 11 11 11 11 11  0  0 11 11  8 11 11 11 11 11 11  0  0  0  0 11 11 11 11 11 11 11 11 11 11 11 11 11 11 11 11 11 11  0 11 11 11 14 14 11  0  0 11  7  6  9  6  7  6 10 11 11  9 11  0  0  8  0  9  9  9  6  7  9  7  8  7  0 16 17  8  9  9  9  0  8  8  7  8  8  7  9  0  0  6  9 10  6  6 13  0  0  8  8  8  9  9 10  9  0  0  0  0  7  8  0  0  0  8 
11 23 16  8  0  0 18 13  9  8  0  0  0  0  0  0  0  6  6  0 11 10  3 11 11  0  0  0  3 11 11 11  0  0 11  0  0 11 11 11 11 11  0  0 11 11  8 11 11 11 11 11 11  0  0  0  0 11 11 11 11 11 11 11 11 11 11 11 11 11 11 11 11 11 11  0 11 11 11 14 14 11  0  0 11  7  6  9  6  7  6 10 11 11  9 11  0  0  8  0  9  9  9  6  7  9  7  8  7  0 16 17  8  9  9  9  0  8  8  7  8  8  7  9  0  0  6  9 10  6  6 13  0  0  8  8  8  9  9 10  9  0  0  0  0  7  8  0  0  0  8 
11 23 16  8  0  0 18 13  9  8  0  0  0  0  0  0  0  6  6  0 11 10  3 11 11  0  0  0  3 11 11 11  0  0 11  0  0 11 11 11 11 11  0  0 11 11  8 11 11 11 11 11 11  0  0  0  0 11 11 11 11 11 11 11 11 11 11 11 11 11 11 11 11 11 11  0 11 11 11 14 14 11  0  0 11  7  6  9  6  7  6 10 11 11  9 11  0  0  8  0  9  9  9  6  7  9  7  8  7  0 16 17  8  9  9  9  0  8  8  7  8  8  7  9  0  0  6  9 10  6  6 13  0  0  8  8  8  9  9 10  9  0  0  0  0  7  8  0  0  0  8 
11 23 16  8  0  0 18 13  9  8  0  0  0  0  0  0  0  6  6  0 11 10  3 11 11  0  0  0  3 11 11 11  0  0 11  0  0 11 11 11 11 11  0  0 11 11  8 11 11 11 11 11 11  0  0  0  0 11 11 11 11 11 11 11 11 11 11 11 11 11 11 11 11 11 11  0 11 11 11 14 14 11  0  0 11  7  6  9  6  7  6 10 11 11  9 11  0  0  8  0  9  9  9  6  7  9  7  8  7  0 16 17  8  9  9  9  0  8  8  7  8  8  7  9  0  0  6  9 10  6  6 13  0  0  8  8  8  9  9 10  9  0  0  0  0  7  8  0  0  0  8 
 0 21 16 12 11 11 20  9  7 12 11 11 11 11 11 11 11 10 10 11 15 14  8  0  0 11 11 11  8  0  0  0 11 11  0 11 11  0  0  0  0  0 11 11  0  0 12  0  0  0  0  0  0 11 11 11 11  0  0  0  0  0  0  0  0  0  0  0  0  0  0  0  0  0  0 11  0  0  0 16 16  0 11 11  0 12 10 10  9  7 11 14  0  0 13  0 11 11 13 11  7 13 13 11  7  9 13  7  9 11 16 17 12 14 13 13 11 12 13  6  7  7  7  9 11 11 10 14 14 11 10  9 11 11 12 12  8 13 14 14 13 11 11 11 11 13  9 11 11 11 12 
 0 21 16 12 11 11 20  9  7 12 11 11 11 11 11 11 11 10 10 11 15 14  8  0  0 11 11 11  8  0  0  0 11 11  0 11 11  0  0  0  0  0 11 11  0  0 12  0  0  0  0  0  0 11 11 11 11  0  0  0  0  0  0  0  0  0  0  0  0  0  0  0  0  0  0 11  0  0  0 16 16  0 11 11  0 12 10 10  9  7 11 14  0  0 13  0 11 11 13 11  7 13 13 11  7  9 13  7  9 11 16 17 12 14 13 13 11 12 13  6  7  7  7  9 11 11 10 14 14 11 10  9 11 11 12 12  8 13 14 14 13 11 11 11 11 13  9 11 11 11 12 
 0 21 16 12 11 11 20  9  7 12 11 11 11 11 11 11 11 10 10 11 15 14  8  0  0 11 11 11  8  0  0  0 11 11  0 11 11  0  0  0  0  0 11 11  0  0 12  0  0  0  0  0  0 11 11 11 11  0  0  0  0  0  0  0  0  0  0  0  0  0  0  0  0  0  0 11  0  0  0 16 16  0 11 11  0 12 10 10  9  7 11 14  0  0 13  0 11 11 13 11  7 13 13 11  7  9 13  7  9 11 16 17 12 14 13 13 11 12 13  6  7  7  7  9 11 11 10 14 14 11 10  9 11 11 12 12  8 13 14 14 13 11 11 11 11 13  9 11 11 11 12 
 0 21 16 12 11 11 20  9  7 12 11 11 11 11 11 11 11 10 10 11 15 14  8  0  0 11 11 11  8  0  0  0 11 11  0 11 11  0  0  0  0  0 11 11  0  0 12  0  0  0  0  0  0 11 11 11 11  0  0  0  0  0  0  0  0  0  0  0  0  0  0  0  0  0  0 11  0  0  0 16 16  0 11 11  0 12 10 10  9  7 11 14  0  0 13  0 11 11 13 11  7 13 13 11  7  9 13  7  9 11 16 17 12 14 13 13 11 12 13  6  7  7  7  9 11 11 10 14 14 11 10  9 11 11 12 12  8 13 14 14 13 11 11 11 11 13  9 11 11 11 12 
 0 21 16 12 11 11 20  9  7 12 11 11 11 11 11 11 11 10 10 11 15 14  8  0  0 11 11 11  8  0  0  0 11 11  0 11 11  0  0  0  0  0 11 11  0  0 12  0  0  0  0  0  0 11 11 11 11  0  0  0  0  0  0  0  0  0  0  0  0  0  0  0  0  0  0 11  0  0  0 16 16  0 11 11  0 12 10 10  9  7 11 14  0  0 13  0 11 11 13 11  7 13 13 11  7  9 13  7  9 11 16 17 12 14 13 13 11 12 13  6  7  7  7  9 11 11 10 14 14 11 10  9 11 11 12 12  8 13 14 14 13 11 11 11 11 13  9 11 11 11 12 
 0 21 16 12 11 11 20  9  7 12 11 11 11 11 11 11 11 10 10 11 15 14  8  0  0 11 11 11  8  0  0  0 11 11  0 11 11  0  0  0  0  0 11 11  0  0 12  0  0  0  0  0  0 11 11 11 11  0  0  0  0  0  0  0  0  0  0  0  0  0  0  0  0  0  0 11  0  0  0 16 16  0 11 11  0 12 10 10  9  7 11 14  0  0 13  0 11 11 13 11  7 13 13 11  7  9 13  7  9 11 16 17 12 14 13 13 11 12 13  6  7  7  7  9 11 11 10 14 14 11 10  9 11 11 12 12  8 13 14 14 13 11 11 11 11 13  9 11 11 11 12 
 0 21 16 12 11 11 20  9  7 12 11 11 11 11 11 11 11 10 10 11 15 14  8  0  0 11 11 11  8  0  0  0 11 11  0 11 11  0  0  0  0  0 11 11  0  0 12  0  0  0  0  0  0 11 11 11 11  0  0  0  0  0  0  0  0  0  0  0  0  0  0  0  0  0  0 11  0  0  0 16 16  0 11 11  0 12 10 10  9  7 11 14  0  0 13  0 11 11 13 11  7 13 13 11  7  9 13  7  9 11 16 17 12 14 13 13 11 12 13  6  7  7  7  9 11 11 10 14 14 11 10  9 11 11 12 12  8 13 14 14 13 11 11 11 11 13  9 11 11 11 12 
 0 21 16 12 11 11 20  9  7 12 11 11 11 11 11 11 11 10 10 11 15 14  8  0  0 11 11 11  8  0  0  0 11 11  0 11 11  0  0  0  0  0 11 11  0  0 12  0  0  0  0  0  0 11 11 11 11  0  0  0  0  0  0  0  0  0  0  0  0  0  0  0  0  0  0 11  0  0  0 16 16  0 11 11  0 12 10 10  9  7 11 14  0  0 13  0 11 11 13 11  7 13 13 11  7  9 13  7  9 11 16 17 12 14 13 13 11 12 13  6  7  7  7  9 11 11 10 14 14 11 10  9 11 11 12 12  8 13 14 14 13 11 11 11 11 13  9 11 11 11 12 
 0 21 16 12 11 11 20  9  7 12 11 11 11 11 11 11 11 10 10 11 15 14  8  0  0 11 11 11  8  0  0  0 11 11  0 11 11  0  0  0  0  0 11 11  0  0 12  0  0  0  0  0  0 11 11 11 11  0  0  0  0  0  0  0  0  0  0  0  0  0  0  0  0  0  0 11  0  0  0 16 16  0 11 11  0 12 10 10  9  7 11 14  0  0 13  0 11 11 13 11  7 13 13 11  7  9 13  7  9 11 16 17 12 14 13 13 11 12 13  6  7  7  7  9 11 11 10 14 14 11 10  9 11 11 12 12  8 13 14 14 13 11 11 11 11 13  9 11 11 11 12 
 0 21 16 12 11 11 20  9  7 12 11 11 11 11 11 11 11 10 10 11 15 14  8  0  0 11 11 11  8  0  0  0 11 11  0 11 11  0  0  0  0  0 11 11  0  0 12  0  0  0  0  0  0 11 11 11 11  0  0  0  0  0  0  0  0  0  0  0  0  0  0  0  0  0  0 11  0  0  0 16 16  0 11 11  0 12 10 10  9  7 11 14  0  0 13  0 11 11 13 11  7 13 13 11  7  9 13  7  9 11 16 17 12 14 13 13 11 12 13  6  7  7  7  9 11 11 10 14 14 11 10  9 11 11 12 12  8 13 14 14 13 11 11 11 11 13  9 11 11 11 12 
 0 21 16 12 11 11 20  9  7 12 11 11 11 11 11 11 11 10 10 11 15 14  8  0  0 11 11 11  8  0  0  0 11 11  0 11 11  0  0  0  0  0 11 11  0  0 12  0  0  0  0  0  0 11 11 11 11  0  0  0  0  0  0  0  0  0  0  0  0  0  0  0  0  0  0 11  0  0  0 16 16  0 11 11  0 12 10 10  9  7 11 14  0  0 13  0 11 11 13 11  7 13 13 11  7  9 13  7  9 11 16 17 12 14 13 13 11 12 13  6  7  7  7  9 11 11 10 14 14 11 10  9 11 11 12 12  8 13 14 14 13 11 11 11 11 13  9 11 11 11 12 
 0 21 16 12 11 11 20  9  7 12 11 11 11 11 11 11 11 10 10 11 15 14  8  0  0 11 11 11  8  0  0  0 11 11  0 11 11  0  0  0  0  0 11 11  0  0 12  0  0  0  0  0  0 11 11 11 11  0  0  0  0  0  0  0  0  0  0  0  0  0  0  0  0  0  0 11  0  0  0 16 16  0 11 11  0 12 10 10  9  7 11 14  0  0 13  0 11 11 13 11  7 13 13 11  7  9 13  7  9 11 16 17 12 14 13 13 11 12 13  6  7  7  7  9 11 11 10 14 14 11 10  9 11 11 12 12  8 13 14 14 13 11 11 11 11 13  9 11 11 11 12 
 0 21 16 12 11 11 20  9  7 12 11 11 11 11 11 11 11 10 10 11 15 14  8  0  0 11 11 11  8  0  0  0 11 11  0 11 11  0  0  0  0  0 11 11  0  0 12  0  0  0  0  0  0 11 11 11 11  0  0  0  0  0  0  0  0  0  0  0  0  0  0  0  0  0  0 11  0  0  0 16 16  0 11 11  0 12 10 10  9  7 11 14  0  0 13  0 11 11 13 11  7 13 13 11  7  9 13  7  9 11 16 17 12 14 13 13 11 12 13  6  7  7  7  9 11 11 10 14 14 11 10  9 11 11 12 12  8 13 14 14 13 11 11 11 11 13  9 11 11 11 12 
 0 21 16 12 11 11 20  9  7 12 11 11 11 11 11 11 11 10 10 11 15 14  8  0  0 11 11 11  8  0  0  0 11 11  0 11 11  0  0  0  0  0 11 11  0  0 12  0  0  0  0  0  0 11 11 11 11  0  0  0  0  0  0  0  0  0  0  0  0  0  0  0  0  0  0 11  0  0  0 16 16  0 11 11  0 12 10 10  9  7 11 14  0  0 13  0 11 11 13 11  7 13 13 11  7  9 13  7  9 11 16 17 12 14 13 13 11 12 13  6  7  7  7  9 11 11 10 14 14 11 10  9 11 11 12 12  8 13 14 14 13 11 11 11 11 13  9 11 11 11 12 
 0 21 16 12 11 11 20  9  7 12 11 11 11 11 11 11 11 10 10 11 15 14  8  0  0 11 11 11  8  0  0  0 11 11  0 11 11  0  0  0  0  0 11 11  0  0 12  0  0  0  0  0  0 11 11 11 11  0  0  0  0  0  0  0  0  0  0  0  0  0  0  0  0  0  0 11  0  0  0 16 16  0 11 11  0 12 10 10  9  7 11 14  0  0 13  0 11 11 13 11  7 13 13 11  7  9 13  7  9 11 16 17 12 14 13 13 11 12 13  6  7  7  7  9 11 11 10 14 14 11 10  9 11 11 12 12  8 13 14 14 13 11 11 11 11 13  9 11 11 11 12 
 0 21 16 12 11 11 20  9  7 12 11 11 11 11 11 11 11 10 10 11 15 14  8  0  0 11 11 11  8  0  0  0 11 11  0 11 11  0  0  0  0  0 11 11  0  0 12  0  0  0  0  0  0 11 11 11 11  0  0  0  0  0  0  0  0  0  0  0  0  0  0  0  0  0  0 11  0  0  0 16 16  0 11 11  0 12 10 10  9  7 11 14  0  0 13  0 11 11 13 11  7 13 13 11  7  9 13  7  9 11 16 17 12 14 13 13 11 12 13  6  7  7  7  9 11 11 10 14 14 11 10  9 11 11 12 12  8 13 14 14 13 11 11 11 11 13  9 11 11 11 12 
 0 21 16 12 11 11 20  9  7 12 11 11 11 11 11 11 11 10 10 11 15 14  8  0  0 11 11 11  8  0  0  0 11 11  0 11 11  0  0  0  0  0 11 11  0  0 12  0  0  0  0  0  0 11 11 11 11  0  0  0  0  0  0  0  0  0  0  0  0  0  0  0  0  0  0 11  0  0  0 16 16  0 11 11  0 12 10 10  9  7 11 14  0  0 13  0 11 11 13 11  7 13 13 11  7  9 13  7  9 11 16 17 12 14 13 13 11 12 13  6  7  7  7  9 11 11 10 14 14 11 10  9 11 11 12 12  8 13 14 14 13 11 11 11 11 13  9 11 11 11 12 
 0 21 16 12 11 11 20  9  7 12 11 11 11 11 11 11 11 10 10 11 15 14  8  0  0 11 11 11  8  0  0  0 11 11  0 11 11  0  0  0  0  0 11 11  0  0 12  0  0  0  0  0  0 11 11 11 11  0  0  0  0  0  0  0  0  0  0  0  0  0  0  0  0  0  0 11  0  0  0 16 16  0 11 11  0 12 10 10  9  7 11 14  0  0 13  0 11 11 13 11  7 13 13 11  7  9 13  7  9 11 16 17 12 14 13 13 11 12 13  6  7  7  7  9 11 11 10 14 14 11 10  9 11 11 12 12  8 13 14 14 13 11 11 11 11 13  9 11 11 11 12 
11 23 16  8  0  0 18 13  9  8  0  0  0  0  0  0  0  6  6  0 11 10  3 11 11  0  0  0  3 11 11 11  0  0 11  0  0 11 11 11 11 11  0  0 11 11  8 11 11 11 11 11 11  0  0  0  0 11 11 11 11 11 11 11 11 11 11 11 11 11 11 11 11 11 11  0 11 11 11 14 14 11  0  0 11  7  6  9  6  7  6 10 11 11  9 11  0  0  8  0  9  9  9  6  7  9  7  8  7  0 16 17  8  9  9  9  0  8  8  7  8  8  7  9  0  0  6  9 10  6  6 13  0  0  8  8  8  9  9 10  9  0  0  0  0  7  8  0  0  0  8 
 0 21 16 12 11 11 20  9  7 12 11 11 11 11 11 11 11 10 10 11 15 14  8  0  0 11 11 11  8  0  0  0 11 11  0 11 11  0  0  0  0  0 11 11  0  0 12  0  0  0  0  0  0 11 11 11 11  0  0  0  0  0  0  0  0  0  0  0  0  0  0  0  0  0  0 11  0  0  0 16 16  0 11 11  0 12 10 10  9  7 11 14  0  0 13  0 11 11 13 11  7 13 13 11  7  9 13  7  9 11 16 17 12 14 13 13 11 12 13  6  7  7  7  9 11 11 10 14 14 11 10  9 11 11 12 12  8 13 14 14 13 11 11 11 11 13  9 11 11 11 12 
 0 21 16 12 11 11 20  9  7 12 11 11 11 11 11 11 11 10 10 11 15 14  8  0  0 11 11 11  8  0  0  0 11 11  0 11 11  0  0  0  0  0 11 11  0  0 12  0  0  0  0  0  0 11 11 11 11  0  0  0  0  0  0  0  0  0  0  0  0  0  0  0  0  0  0 11  0  0  0 16 16  0 11 11  0 12 10 10  9  7 11 14  0  0 13  0 11 11 13 11  7 13 13 11  7  9 13  7  9 11 16 17 12 14 13 13 11 12 13  6  7  7  7  9 11 11 10 14 14 11 10  9 11 11 12 12  8 13 14 14 13 11 11 11 11 13  9 11 11 11 12 
 0 21 16 12 11 11 20  9  7 12 11 11 11 11 11 11 11 10 10 11 15 14  8  0  0 11 11 11  8  0  0  0 11 11  0 11 11  0  0  0  0  0 11 11  0  0 12  0  0  0  0  0  0 11 11 11 11  0  0  0  0  0  0  0  0  0  0  0  0  0  0  0  0  0  0 11  0  0  0 16 16  0 11 11  0 12 10 10  9  7 11 14  0  0 13  0 11 11 13 11  7 13 13 11  7  9 13  7  9 11 16 17 12 14 13 13 11 12 13  6  7  7  7  9 11 11 10 14 14 11 10  9 11 11 12 12  8 13 14 14 13 11 11 11 11 13  9 11 11 11 12 
16 26 21  9 14 14 12 20 11 12 14 14 14 14 14 14 14 12 12 14 14 12 13 16 16 14 14 14 13 16 16 16 14 14 16 14 14 16 16 16 16 16 14 14 16 16 12 16 16 16 16 16 16 14 14 14 14 16 16 16 16 16 16 16 16 16 16 16 16 16 16 16 16 16 16 14 16 16 16  0  0 16 14 14 16 12 14 20 12 16 12 11 16 16 12 16 14 14 10 14 11 11 10 12 13 12 18 13 13 14  8  9 12 12 11 11 14  9 10 15 14 11  9 12 14 14 13 11 12 12 14 20 14 14 12 12 10 11 11 11 11 14 14 14 14 16 19 14 14 14  9 
16 26 21  9 14 14 12 20 11 12 14 14 14 14 14 14 14 12 12 14 14 12 13 16 16 14 14 14 13 16 16 16 14 14 16 14 14 16 16 16 16 16 14 14 16 16 12 16 16 16 16 16 16 14 14 14 14 16 16 16 16 16 16 16 16 16 16 16 16 16 16 16 16 16 16 14 16 16 16  0  0 16 14 14 16 12 14 20 12 16 12 11 16 16 12 16 14 14 10 14 11 11 10 12 13 12 18 13 13 14  8  9 12 12 11 11 14  9 10 15 14 11  9 12 14 14 13 11 12 12 14 20 14 14 12 12 10 11 11 11 11 14 14 14 14 16 19 14 14 14  9 
 0 21 16 12 11 11 20  9  7 12 11 11 11 11 11 11 11 10 10 11 15 14  8  0  0 11 11 11  8  0  0  0 11 11  0 11 11  0  0  0  0  0 11 11  0  0 12  0  0  0  0  0  0 11 11 11 11  0  0  0  0  0  0  0  0  0  0  0  0  0  0  0  0  0  0 11  0  0  0 16 16  0 11 11  0 12 10 10  9  7 11 14  0  0 13  0 11 11 13 11  7 13 13 11  7  9 13  7  9 11 16 17 12 14 13 13 11 12 13  6  7  7  7  9 11 11 10 14 14 11 10  9 11 11 12 12  8 13 14 14 13 11 11 11 11 13  9 11 11 11 12 
11 23 16  8  0  0 18 13  9  8  0  0  0  0  0  0  0  6  6  0 11 10  3 11 11  0  0  0  3 11 11 11  0  0 11  0  0 11 11 11 11 11  0  0 11 11  8 11 11 11 11 11 11  0  0  0  0 11 11 11 11 11 11 11 11 11 11 11 11 11 11 11 11 11 11  0 11 11 11 14 14 11  0  0 11  7  6  9  6  7  6 10 11 11  9 11  0  0  8  0  9  9  9  6  7  9  7  8  7  0 16 17  8  9  9  9  0  8  8  7  8  8  7  9  0  0  6  9 10  6  6 13  0  0  8  8  8  9  9 10  9  0  0  0  0  7  8  0  0  0  8 
11 23 16  8  0  0 18 13  9  8  0  0  0  0  0  0  0  6  6  0 11 10  3 11 11  0  0  0  3 11 11 11  0  0 11  0  0 11 11 11 11 11  0  0 11 11  8 11 11 11 11 11 11  0  0  0  0 11 11 11 11 11 11 11 11 11 11 11 11 11 11 11 11 11 11  0 11 11 11 14 14 11  0  0 11  7  6  9  6  7  6 10 11 11  9 11  0  0  8  0  9  9  9  6  7  9  7  8  7  0 16 17  8  9  9  9  0  8  8  7  8  8  7  9  0  0  6  9 10  6  6 13  0  0  8  8  8  9  9 10  9  0  0  0  0  7  8  0  0  0  8 
 0 21 16 12 11 11 20  9  7 12 11 11 11 11 11 11 11 10 10 11 15 14  8  0  0 11 11 11  8  0  0  0 11 11  0 11 11  0  0  0  0  0 11 11  0  0 12  0  0  0  0  0  0 11 11 11 11  0  0  0  0  0  0  0  0  0  0  0  0  0  0  0  0  0  0 11  0  0  0 16 16  0 11 11  0 12 10 10  9  7 11 14  0  0 13  0 11 11 13 11  7 13 13 11  7  9 13  7  9 11 16 17 12 14 13 13 11 12 13  6  7  7  7  9 11 11 10 14 14 11 10  9 11 11 12 12  8 13 14 14 13 11 11 11 11 13  9 11 11 11 12 
12 20 15  5  7  7 16 15  6  6  7  7  7  7  7  7  7  2  2  7  8  6  5 12 12  7  7  7  5 12 12 12  7  7 12  7  7 12 12 12 12 12  7  7 12 12  6 12 12 12 12 12 12  7  7  7  7 12 12 12 12 12 12 12 12 12 12 12 12 12 12 12 12 12 12  7 12 12 12 12 12 12  7  7 12  0  6 12  4  8  1  8 12 12  6 12  7  7  5  7  6  7  6  1  7  7 10  7  4  7 13 13  6  7  6  6  7  5  5  7  9  7  5  7  7  7  5  6  7  1  6 15  7  7  6  6  6  6  5  5  7  7  7  7  7 10 11  7  7  7  5 
10 22 15  8  6  6 18 14  8  4  6  6  6  6  6  6  6  4  4  6  8  8  4 10 10  6  6  6  4 10 10 10  6  6 10  6  6 10 10 10 10 10  6  6 10 10  4 10 10 10 10 10 10  6  6  6  6 10 10 10 10 10 10 10 10 10 10 10 10 10 10 10 10 10 10  6 10 10 10 14 14 10  6  6 10  6  0  9  3  7  5 10 10 10  8 10  6  6  7  6  8  9  9  5  6  7  7  6  4  6 14 15  4  8  7  7  6  8  7  7  8  7  7  7  6  6  3  8  7  5  0 14  6  6  4  4  7  7  8  8  9  6  6  6  6  7  8  6  6  6  8 
10 17 12 13  9  9 24 11  9 13  9  9  9  9  9  9  9 12 12  9 13 13  9 10 10  9  9  9  9 10 10 10  9  9 10  9  9 10 10 10 10 10  9  9 10 10 13 10 10 10 10 10 10  9  9  9  9 10 10 10 10 10 10 10 10 10 10 10 10 10 10 10 10 10 10  9 10 10 10 20 20 10  9  9 10 12  9  0 11  8 11 15 10 10 13 10  9  9 12  9  9 14 14 11 11 13  6 11  9  9 21 23 13 13 13 13  9 13 12 10  9 13 11 13  9  9 11 13 12 11  9 11  9  9 13 13 12 13 13 14 12  9  9  9  9 10  1  9  9  9 13 
 9 20 13  5  6  6 16 13  5  5  6  6  6  6  6  6  6  4  4  6  8  7  3  9  9  6  6  6  3  9  9  9  6  6  9  6  6  9  9  9  9  9  6  6  9  9  5  9  9  9  9  9  9  6  6  6  6  9  9  9  9  9  9  9  9  9  9  9  9  9  9  9  9  9  9  6  9  9  9 12 12  9  6  6  9  4  3 11  0  7  3  7  9  9  6  9  6  6  4  6  5  6  6  3  5  4  9  6  2  6 12 13  5  6  6  6  6  5  4  6  6  4  4  4  6  6  1  5  6  3  3 13  6  6  5  5  5  6  5  5  6  6  6  6  6  9 10  6  6  6  5 
 7 22 15 10  7  7 21 11  6  8  7  7  7  7  7  7  7  6  6  7 10 11  5  7  7  7  7  7  5  7  7  7  7  7  7  7  7  7  7  7  7  7  7  7  7  7  8  7  7  7  7  7  7  7  7  7  7  7  7  7  7  7  7  7  7  7  7  7  7  7  7  7  7  7  7  7  7  7  7 16 16  7  7  7  7  8  7  8  7  0  7 12  7  7 10  7  7  7 10  7  6 11 11  7  5  7  6  6  7  7 16 17  8 10 10 10  7 10 10  8  5  9  7  7  7  7  7 11  9  7  7 11  7  7  8  8  7 10 11 11 11  7  7  7  7  6  7  7  7  7 10 
11 21 14  5  6  6 16 14  7  6  6  6  6  6  6  6  6  1  1  6  9  7  4 11 11  6  6  6  4 11 11 11  6  6 11  6  6 11 11 11 11 11  6  6 11 11  6 11 11 11 11 11 11  6  6  6  6 11 11 11 11 11 11 11 11 11 11 11 11 11 11 11 11 11 11  6 11 11 11 12 12 11  6  6 11  1  5 11  3  7  0  7 11 11  7 11  6  6  6  6  7  6  6  0  6  6  9  6  3  6 14 14  6  7  7  7  6  5  6  8  8  7  6  6  6  6  4  7  8  0  5 14  6  6  6  6  7  7  6  6  7  6  6  6  6  9 10  6  6  6  5 
14 21 17  5 10 10 18 18 12  8 10 10 10 10 10 10 10  8  8 10  8  7  8 14 14 10 10 10  8 14 14 14 10 10 14 10 10 14 14 14 14 14 10 10 14 14  8 14 14 14 14 14 14 10 10 10 10 14 14 14 14 14 14 14 14 14 14 14 14 14 14 14 14 14 14 10 14 14 14 11 11 14 10 10 14  8 10 15  7 12  7  0 14 14  8 14 10 10  6 10 12  7  6  7 10 11 13  9  9 10 14 15  8  8  7  7 10  5  6 13 12 11 11 11 10 10  8  7  7  7 10 18 10 10  8  8 11  7  7  6  7 10 10 10 10 11 14 10 10 10  5 
 0 21 16 12 11 11 20  9  7 12 11 11 11 11 11 11 11 10 10 11 15 14  8  0  0 11 11 11  8  0  0  0 11 11  0 11 11  0  0  0  0  0 11 11  0  0 12  0  0  0  0  0  0 11 11 11 11  0  0  0  0  0  0  0  0  0  0  0  0  0  0  0  0  0  0 11  0  0  0 16 16  0 11 11  0 12 10 10  9  7 11 14  0  0 13  0 11 11 13 11  7 13 13 11  7  9 13  7  9 11 16 17 12 14 13 13 11 12 13  6  7  7  7  9 11 11 10 14 14 11 10  9 11 11 12 12  8 13 14 14 13 11 11 11 11 13  9 11 11 11 12 
 0 21 16 12 11 11 20  9  7 12 11 11 11 11 11 11 11 10 10 11 15 14  8  0  0 11 11 11  8  0  0  0 11 11  0 11 11  0  0  0  0  0 11 11  0  0 12  0  0  0  0  0  0 11 11 11 11  0  0  0  0  0  0  0  0  0  0  0  0  0  0  0  0  0  0 11  0  0  0 16 16  0 11 11  0 12 10 10  9  7 11 14  0  0 13  0 11 11 13 11  7 13 13 11  7  9 13  7  9 11 16 17 12 14 13 13 11 12 13  6  7  7  7  9 11 11 10 14 14 11 10  9 11 11 12 12  8 13 14 14 13 11 11 11 11 13  9 11 11 11 12 
13 17 12  3  9  9 19 17 11  6  9  9  9  9  9  9  9  7  7  9  3  2  7 13 13  9  9  9  7 13 13 13  9  9 13  9  9 13 13 13 13 13  9  9 13 13  6 13 13 13 13 13 13  9  9  9  9 13 13 13 13 13 13 13 13 13 13 13 13 13 13 13 13 13 13  9 13 13 13 12 12 13  9  9 13  6  8 13  6 10  7  8 13 13  0 13  9  9  2  9 11  4  4  7  9 10 12  9  7  9 16 16  6  1  2  2  9  3  2 12 11 10  9 10  9  9  7  2  1  7  8 17  9  9  6  6 10  2  2  3  3  9  9  9  9  8 13  9  9  9  3 
 0 21 16 12 11 11 20  9  7 12 11 11 11 11 11 11 11 10 10 11 15 14  8  0  0 11 11 11  8  0  0  0 11 11  0 11 11  0  0  0  0  0 11 11  0  0 12  0  0  0  0  0  0 11 11 11 11  0  0  0  0  0  0  0  0  0  0  0  0  0  0  0  0  0  0 11  0  0  0 16 16  0 11 11  0 12 10 10  9  7 11 14  0  0 13  0 11 11 13 11  7 13 13 11  7  9 13  7  9 11 16 17 12 14 13 13 11 12 13  6  7  7  7  9 11 11 10 14 14 11 10  9 11 11 12 12  8 13 14 14 13 11 11 11 11 13  9 11 11 11 12 
11 23 16  8  0  0 18 13  9  8  0  0  0  0  0  0  0  6  6  0 11 10  3 11 11  0  0  0  3 11 11 11  0  0 11  0  0 11 11 11 11 11  0  0 11 11  8 11 11 11 11 11 11  0  0  0  0 11 11 11 11 11 11 11 11 11 11 11 11 11 11 11 11 11 11  0 11 11 11 14 14 11  0  0 11  7  6  9  6  7  6 10 11 11  9 11  0  0  8  0  9  9  9  6  7  9  7  8  7  0 16 17  8  9  9  9  0  8  8  7  8  8  7  9  0  0  6  9 10  6  6 13  0  0  8  8  8  9  9 10  9  0  0  0  0  7  8  0  0  0  8 
11 23 16  8  0  0 18 13  9  8  0  0  0  0  0  0  0  6  6  0 11 10  3 11 11  0  0  0  3 11 11 11  0  0 11  0  0 11 11 11 11 11  0  0 11 11  8 11 11 11 11 11 11  0  0  0  0 11 11 11 11 11 11 11 11 11 11 11 11 11 11 11 11 11 11  0 11 11 11 14 14 11  0  0 11  7  6  9  6  7  6 10 11 11  9 11  0  0  8  0  9  9  9  6  7  9  7  8  7  0 16 17  8  9  9  9  0  8  8  7  8  8  7  9  0  0  6  9 10  6  6 13  0  0  8  8  8  9  9 10  9  0  0  0  0  7  8  0  0  0  8 
13 18 12  1  8  8 17 15  9  5  8  8  8  8  8  8  8  5  5  8  4  3  5 13 13  8  8  8  5 13 13 13  8  8 13  8  8 13 13 13 13 13  8  8 13 13  5 13 13 13 13 13 13  8  8  8  8 13 13 13 13 13 13 13 13 13 13 13 13 13 13 13 13 13 13  8 13 13 13 10 10 13  8  8 13  5  7 12  4 10  6  6 13 13  2 13  8  8  0  8  9  2  2  6  7  8 10  7  6  8 14 15  5  2  2  2  8  1  0 10 10  8  8  8  8  8  5  1  2  6  7 15  8  8  5  5  8  2  1  2  2  8  8  8  8  9 11  8  8  8  1 
11 23 16  8  0  0 18 13  9  8  0  0  0  0  0  0  0  6  6  0 11 10  3 11 11  0  0  0  3 11 11 11  0  0 11  0  0 11 11 11 11 11  0  0 11 11  8 11 11 11 11 11 11  0  0  0  0 11 11 11 11 11 11 11 11 11 11 11 11 11 11 11 11 11 11  0 11 11 11 14 14 11  0  0 11  7  6  9  6  7  6 10 11 11  9 11  0  0  8  0  9  9  9  6  7  9  7  8  7  0 16 17  8  9  9  9  0  8  8  7  8  8  7  9  0  0  6  9 10  6  6 13  0  0  8  8  8  9  9 10  9  0  0  0  0  7  8  0  0  0  8 
 7 22 16 10  9  9 16 11  0  8  9  9  9  9  9  9  9  6  6  9 12 11  8  7  7  9  9  9  8  7  7  7  9  9  7  9  9  7  7  7  7  7  9  9  7  7  8  7  7  7  7  7  7  9  9  9  9  7  7  7  7  7  7  7  7  7  7  7  7  7  7  7  7  7  7  9  7  7  7 11 11  7  9  9  7  6  8  9  5  6  7 12  7  7 11  7  9  9  9  9  0 11 11  7  4  4  9  3  5  9 12 14  8 11 11 11  9 10  9  4  4  4  2  4  9  9  6 10 11  7  8 11  9  9  8  8  3 11 10 10 10  9  9  9  9  9 10  9  9  9 10 
13 20 14  2  9  9 18 17 11  7  9  9  9  9  9  9  9  7  7  9  6  5  7 13 13  9  9  9  7 13 13 13  9  9 13  9  9 13 13 13 13 13  9  9 13 13  7 13 13 13 13 13 13  9  9  9  9 13 13 13 13 13 13 13 13 13 13 13 13 13 13 13 13 13 13  9 13 13 13 11 11 13  9  9 13  7  9 14  6 11  6  7 13 13  4 13  9  9  2  9 11  0  3  6  9 10 12  9  6  9 15 16  7  4  4  4  9  2  2 11 11 10  9 10  9  9  7  3  4  6  9 17  9  9  7  7 10  4  3  2  3  9  9  9  9 10 13  9  9  9  2 
13 20 13  1  9  9 17 17 11  7  9  9  9  9  9  9  9  6  6  9  5  5  7 13 13  9  9  9  7 13 13 13  9  9 13  9  9 13 13 13 13 13  9  9 13 13  7 13 13 13 13 13 13  9  9  9  9 13 13 13 13 13 13 13 13 13 13 13 13 13 13 13 13 13 13  9 13 13 13 10 10 13  9  9 13  6  9 14  6 11  6  6 13 13  4 13  9  9  2  9 11  3  0  6  9 10 12  8  6  9 14 14  7  3  4  4  9  1  2 12 11 10  9 10  9  9  7  3  4  6  9 17  9  9  7  7 10  4  3  3  3  9  9  9  9 10 13  9  9  9  1 
11 21 14  5  6  6 16 14  7  6  6  6  6  6  6  6  6  1  1  6  9  7  4 11 11  6  6  6  4 11 11 11  6  6 11  6  6 11 11 11 11 11  6  6 11 11  6 11 11 11 11 11 11  6  6  6  6 11 11 11 11 11 11 11 11 11 11 11 11 11 11 11 11 11 11  6 11 11 11 12 12 11  6  6 11  1  5 11  3  7  0  7 11 11  7 11  6  6  6  6  7  6  6  0  6  6  9  6  3  6 14 14  6  7  7  7  6  5  6  8  8  7  6  6  6  6  4  7  8  0  5 14  6  6  6  6  7  7  6  6  7  6  6  6  6  9 10  6  6  6  5 
 7 21 16  8  7  7 18 12  4  8  7  7  7  7  7  7  7  5  5  7 11 10  5  7  7  7  7  7  5  7  7  7  7  7  7  7  7  7  7  7  7  7  7  7  7  7  8  7  7  7  7  7  7  7  7  7  7  7  7  7  7  7  7  7  7  7  7  7  7  7  7  7  7  7  7  7  7  7  7 13 13  7  7  7  7  7  6 11  5  5  6 10  7  7  9  7  7  7  7  7  4  9  9  6  0  7  9  1  6  7 14 16  8  9  9  9  7  8  7  5  4  6  4  7  7  7  6  8  9  6  6 12  7  7  8  8  3  9  8  9  9  7  7  7  7  9 10  7  7  7  8 
 9 22 16  9  9  9 17 13  4  7  9  9  9  9  9  9  9  5  5  9 12 11  6  9  9  9  9  9  6  9  9  9  9  9  9  9  9  9  9  9  9  9  9  9  9  9  7  9  9  9  9  9  9  9  9  9  9  9  9  9  9  9  9  9  9  9  9  9  9  9  9  9  9  9  9  9  9  9  9 12 12  9  9  9  9  7  7 13  4  7  6 11  9  9 10  9  9  9  8  9  4 10 10  6  7  0 11  6  6  9 13 15  7 10 10 10  9  9  8  8  8  5  3  0  9  9  5  9 10  6  7 13  9  9  7  7  4 10  9  9 10  9  9  9  9 11 12  9  9  9  9 
13 17 11 11  7  7 22 14  9 11  7  7  7  7  7  7  7 10 10  7 12 12  7 13 13  7  7  7  7 13 13 13  7  7 13  7  7 13 13 13 13 13  7  7 13 13 11 13 13 13 13 13 13  7  7  7  7 13 13 13 13 13 13 13 13 13 13 13 13 13 13 13 13 13 13  7 13 13 13 18 18 13  7  7 13 10  7  6  9  6  9 13 13 13 12 13  7  7 10  7  9 12 12  9  9 11  0  9  7  7 20 21 11 12 12 12  7 11 10  8  7 12 11 11  7  7  9 11 11  9  7 14  7  7 11 11 12 12 11 12 12  7  7  7  7  6  5  7  7  7 11 
 7 20 15  7  8  8 18 11  3  9  8  8  8  8  8  8  8  6  6  8 11 10  5  7  7  8  8  8  5  7  7  7  8  8  7  8  8  7  7  7  7  7  8  8  7  7  9  7  7  7  7  7  7  8  8  8  8  7  7  7  7  7  7  7  7  7  7  7  7  7  7  7  7  7  7  8  7  7  7 13 13  7  8  8  7  7  6 11  6  6  6  9  7  7  9  7  8  8  7  8  3  9  8  6  1  6  9  0  6  8 14 16  9  9  9  9  8  7  7  6  3  6  4  6  8  8  7  8  9  6  6 11  8  8  9  9  4  9  8  9  9  8  8  8  8  9 10  8  8  8  7 
 9 21 15  5  7  7 18 14  5  5  7  7  7  7  7  7  7  4  4  7  7  6  4  9  9  7  7  7  4  9  9  9  7  7  9  7  7  9  9  9  9  9  7  7  9  9  5  9  9  9  9  9  9  7  7  7  7  9  9  9  9  9  9  9  9  9  9  9  9  9  9  9  9  9  9  7  9  9  9 13 13  9  7  7  9  4  4  9  2  7  3  9  9  9  7  9  7  7  6  7  5  6  6  3  6  6  7  6  0  7 14 15  5  7  6  6  7  5  6  6  8  6  4  6  7  7  2  7  6  3  4 14  7  7  5  5  5  6  7  7  6  7  7  7  7  7  8  7  7  7  5 
11 23 16  8  0  0 18 13  9  8  0  0  0  0  0  0  0  6  6  0 11 10  3 11 11  0  0  0  3 11 11 11  0  0 11  0  0 11 11 11 11 11  0  0 11 11  8 11 11 11 11 11 11  0  0  0  0 11 11 11 11 11 11 11 11 11 11 11 11 11 11 11 11 11 11  0 11 11 11 14 14 11  0  0 11  7  6  9  6  7  6 10 11 11  9 11  0  0  8  0  9  9  9  6  7  9  7  8  7  0 16 17  8  9  9  9  0  8  8  7  8  8  7  9  0  0  6  9 10  6  6 13  0  0  8  8  8  9  9 10  9  0  0  0  0  7  8  0  0  0  8 
16 28 21 13 16 16 11 20 12 15 16 16 16 16 16 16 16 13 13 16 18 16 13 16 16 16 16 16 13 16 16 16 16 16 16 16 16 16 16 16 16 16 16 16 16 16 15 16 16 16 16 16 16 16 16 16 16 16 16 16 16 16 16 16 16 16 16 16 16 16 16 16 16 16 16 16 16 16 16  8  8 16 16 16 16 13 14 21 12 16 14 14 16 16 16 16 16 16 14 16 12 15 14 14 14 13 20 14 14 16  0  2 15 16 15 15 16 13 14 16 15 12 10 13 16 16 13 15 16 14 14 20 16 16 15 15 11 15 15 15 15 16 16 16 16 18 21 16 16 16 13 
17 29 22 15 17 17 12 21 14 16 17 17 17 17 17 17 17 14 14 17 18 17 14 17 17 17 17 17 14 17 17 17 17 17 17 17 17 17 17 17 17 17 17 17 17 17 16 17 17 17 17 17 17 17 17 17 17 17 17 17 17 17 17 17 17 17 17 17 17 17 17 17 17 17 17 17 17 17 17  9  9 17 17 17 17 13 15 23 13 17 14 15 17 17 16 17 17 17 15 17 14 16 14 14 16 15 21 16 15 17  2  0 16 16 17 17 17 15 15 17 17 14 12 15 17 17 14 15 17 14 15 21 17 17 16 16 13 17 16 16 16 17 17 17 17 20 22 17 17 17 15 
12 19 12  6  8  8 19 16  8  0  8  8  8  8  8  8  8  6  6  8  7  6  5 12 12  8  8  8  5 12 12 12  8  8 12  8  8 12 12 12 12 12  8  8 12 12  0 12 12 12 12 12 12  8  8  8  8 12 12 12 12 12 12 12 12 12 12 12 12 12 12 12 12 12 12  8 12 12 12 12 12 12  8  8 12  6  4 13  5  8  6  8 12 12  6 12  8  8  5  8  8  7  7  6  8  7 11  9  5  8 15 16  0  5  6  6  8  6  5  9  9  8  7  7  8  8  4  6  6  6  4 16  8  8  0  0  8  6  6  6  7  8  8  8  8  6 12  8  8  8  6 
14 18 12  3  9  9 19 17 11  5  9  9  9  9  9  9  9  7  7  9  2  3  7 14 14  9  9  9  7 14 14 14  9  9 14  9  9 14 14 14 14 14  9  9 14 14  5 14 14 14 14 14 14  9  9  9  9 14 14 14 14 14 14 14 14 14 14 14 14 14 14 14 14 14 14  9 14 14 14 12 12 14  9  9 14  7  8 13  6 10  7  8 14 14  1 14  9  9  2  9 11  4  3  7  9 10 12  9  7  9 16 16  5  0  3  3  9  3  2 12 11 10 10 10  9  9  7  1  1  7  8 17  9  9  5  5 10  3  2  4  2  9  9  9  9  8 13  9  9  9  3 
13 17 12  3  9  9 17 17 11  6  9  9  9  9  9  9  9  6  6  9  4  1  7 13 13  9  9  9  7 13 13 13  9  9 13  9  9 13 13 13 13 13  9  9 13 13  6 13 13 13 13 13 13  9  9  9  9 13 13 13 13 13 13 13 13 13 13 13 13 13 13 13 13 13 13  9 13 13 13 11 11 13  9  9 13  6  7 13  6 10  7  7 13 13  2 13  9  9  2  9 11  4  4  7  9 10 12  9  6  9 15 17  6  3  0  0  9  3  2 11 11 10 10 10  9  9  6  3  2  7  7 17  9  9  6  6 10  0  2  4  4  9  9  9  9  8 13  9  9  9  3 
13 17 12  3  9  9 17 17 11  6  9  9  9  9  9  9  9  6  6  9  4  1  7 13 13  9  9  9  7 13 13 13  9  9 13  9  9 13 13 13 13 13  9  9 13 13  6 13 13 13 13 13 13  9  9  9  9 13 13 13 13 13 13 13 13 13 13 13 13 13 13 13 13 13 13  9 13 13 13 11 11 13  9  9 13  6  7 13  6 10  7  7 13 13  2 13  9  9  2  9 11  4  4  7  9 10 12  9  6  9 15 17  6  3  0  0  9  3  2 11 11 10 10 10  9  9  6  3  2  7  7 17  9  9  6  6 10  0  2  4  4  9  9  9  9  8 13  9  9  9  3 
11 23 16  8  0  0 18 13  9  8  0  0  0  0  0  0  0  6  6  0 11 10  3 11 11  0  0  0  3 11 11 11  0  0 11  0  0 11 11 11 11 11  0  0 11 11  8 11 11 11 11 11 11  0  0  0  0 11 11 11 11 11 11 11 11 11 11 11 11 11 11 11 11 11 11  0 11 11 11 14 14 11  0  0 11  7  6  9  6  7  6 10 11 11  9 11  0  0  8  0  9  9  9  6  7  9  7  8  7  0 16 17  8  9  9  9  0  8  8  7  8  8  7  9  0  0  6  9 10  6  6 13  0  0  8  8  8  9  9 10  9  0  0  0  0  7  8  0  0  0  8 
12 19 12  0  8  8 16 16 10  6  8  8  8  8  8  8  8  5  5  8  5  4  6 12 12  8  8  8  6 12 12 12  8  8 12  8  8 12 12 12 12 12  8  8 12 12  6 12 12 12 12 12 12  8  8  8  8 12 12 12 12 12 12 12 12 12 12 12 12 12 12 12 12 12 12  8 12 12 12  9  9 12  8  8 12  5  8 13  5 10  5  5 12 12  3 12  8  8  1  8 10  2  1  5  8  9 11  7  5  8 13 15  6  3  3  3  8  0  1 11 10  9  8  9  8  8  6  2  3  5  8 16  8  8  6  6  9  3  2  2  2  8  8  8  8  9 12  8  8  8  0 
13 18 12  1  8  8 17 15  9  5  8  8  8  8  8  8  8  5  5  8  4  3  5 13 13  8  8  8  5 13 13 13  8  8 13  8  8 13 13 13 13 13  8  8 13 13  5 13 13 13 13 13 13  8  8  8  8 13 13 13 13 13 13 13 13 13 13 13 13 13 13 13 13 13 13  8 13 13 13 10 10 13  8  8 13  5  7 12  4 10  6  6 13 13  2 13  8  8  0  8  9  2  2  6  7  8 10  7  6  8 14 15  5  2  2  2  8  1  0 10 10  8  8  8  8  8  5  1  2  6  7 15  8  8  5  5  8  2  1  2  2  8  8  8  8  9 11  8  8  8  1 
 6 21 17 11  7  7 20 10  4  9  7  7  7  7  7  7  7  7  7  7 12 12  6  6  6  7  7  7  6  6  6  6  7  7  6  7  7  6  6  6  6  6  7  7  6  6  9  6  6  6  6  6  6  7  7  7  7  6  6  6  6  6  6  6  6  6  6  6  6  6  6  6  6  6  6  7  6  6  6 15 15  6  7  7  6  7  7 10  6  8  8 13  6  6 12  6  7  7 10  7  4 11 12  8  5  8  8  6  6  7 16 17  9 12 11 11  7 11 10  0  7  8  6  8  7  7  7 11 11  8  7 10  7  7  9  9  7 11 11 11 11  7  7  7  7  8  9  7  7  7 11 
 7 21 15 10  8  8 19 10  4  9  8  8  8  8  8  8  8  7  7  8 11 11  5  7  7  8  8  8  5  7  7  7  8  8  7  8  8  7  7  7  7  7  8  8  7  7  9  7  7  7  7  7  7  8  8  8  8  7  7  7  7  7  7  7  7  7  7  7  7  7  7  7  7  7  7  8  7  7  7 14 14  7  8  8  7  9  8  9  6  5  8 12  7  7 11  7  8  8 10  8  4 11 11  8  4  8  7  3  8  8 15 17  9 11 11 11  8 10 10  7  0  6  5  8  8  8  7 11 10  8  8 10  8  8  9  9  6 11 11 11 11  8  8  8  8  7  8  8  8  8 10 
 7 21 16  9  8  8 16 13  4  8  8  8  8  8  8  8  8  6  6  8 11 11  6  7  7  8  8  8  6  7  7  7  8  8  7  8  8  7  7  7  7  7  8  8  7  7  8  7  7  7  7  7  7  8  8  8  8  7  7  7  7  7  7  7  7  7  7  7  7  7  7  7  7  7  7  8  7  7  7 11 11  7  8  8  7  7  7 13  4  9  7 11  7  7 10  7  8  8  8  8  4 10 10  7  6  5 12  6  6  8 12 14  8 10 10 10  8  9  8  8  6  0  2  5  8  8  5  9 10  7  7 13  8  8  8  8  3 10  9  9 10  8  8  8  8 12 13  8  8  8  9 
 7 21 15  8  7  7 14 11  2  7  7  7  7  7  7  7  7  5  5  7 11 10  6  7  7  7  7  7  6  7  7  7  7  7  7  7  7  7  7  7  7  7  7  7  7  7  7  7  7  7  7  7  7  7  7  7  7  7  7  7  7  7  7  7  7  7  7  7  7  7  7  7  7  7  7  7  7  7  7  9  9  7  7  7  7  5  7 11  4  7  6 11  7  7  9  7  7  7  8  7  2  9  9  6  4  3 11  4  4  7 10 12  7 10 10 10  7  8  8  6  5  2  0  3  7  7  5  9 10  6  7 11  7  7  7  7  1 10  9  9  9  7  7  7  7 11 12  7  7  7  8 
 9 22 16  9  9  9 17 13  4  7  9  9  9  9  9  9  9  5  5  9 12 11  6  9  9  9  9  9  6  9  9  9  9  9  9  9  9  9  9  9  9  9  9  9  9  9  7  9  9  9  9  9  9  9  9  9  9  9  9  9  9  9  9  9  9  9  9  9  9  9  9  9  9  9  9  9  9  9  9 12 12  9  9  9  9  7  7 13  4  7  6 11  9  9 10  9  9  9  8  9  4 10 10  6  7  0 11  6  6  9 13 15  7 10 10 10  9  9  8  8  8  5  3  0  9  9  5  9 10  6  7 13  9  9  7  7  4 10  9  9 10  9  9  9  9 11 12  9  9  9  9 
11 23 16  8  0  0 18 13  9  8  0  0  0  0  0  0  0  6  6  0 11 10  3 11 11  0  0  0  3 11 11 11  0  0 11  0  0 11 11 11 11 11  0  0 11 11  8 11 11 11 11 11 11  0  0  0  0 11 11 11 11 11 11 11 11 11 11 11 11 11 11 11 11 11 11  0 11 11 11 14 14 11  0  0 11  7  6  9  6  7  6 10 11 11  9 11  0  0  8  0  9  9  9  6  7  9  7  8  7  0 16 17  8  9  9  9  0  8  8  7  8  8  7  9  0  0  6  9 10  6  6 13  0  0  8  8  8  9  9 10  9  0  0  0  0  7  8  0  0  0  8 
11 23 16  8  0  0 18 13  9  8  0  0  0  0  0  0  0  6  6  0 11 10  3 11 11  0  0  0  3 11 11 11  0  0 11  0  0 11 11 11 11 11  0  0 11 11  8 11 11 11 11 11 11  0  0  0  0 11 11 11 11 11 11 11 11 11 11 11 11 11 11 11 11 11 11  0 11 11 11 14 14 11  0  0 11  7  6  9  6  7  6 10 11 11  9 11  0  0  8  0  9  9  9  6  7  9  7  8  7  0 16 17  8  9  9  9  0  8  8  7  8  8  7  9  0  0  6  9 10  6  6 13  0  0  8  8  8  9  9 10  9  0  0  0  0  7  8  0  0  0  8 
10 21 14  6  6  6 17 14  6  4  6  6  6  6  6  6  6  5  5  6  9  7  3 10 10  6  6  6  3 10 10 10  6  6 10  6  6 10 10 10 10 10  6  6 10 10  4 10 10 10 10 10 10  6  6  6  6 10 10 10 10 10 10 10 10 10 10 10 10 10 10 10 10 10 10  6 10 10 10 13 13 10  6  6 10  5  3 11  1  7  4  8 10 10  7 10  6  6  5  6  6  7  7  4  6  5  9  7  2  6 13 14  4  7  6  6  6  6  5  7  7  5  5  5  6  6  0  6  7  4  3 14  6  6  4  4  6  6  6  6  7  6  6  6  6  8 10  6  6  6  6 
14 19 13  2  9  9 18 16 10  6  9  9  9  9  9  9  9  6  6  9  3  4  6 14 14  9  9  9  6 14 14 14  9  9 14  9  9 14 14 14 14 14  9  9 14 14  6 14 14 14 14 14 14  9  9  9  9 14 14 14 14 14 14 14 14 14 14 14 14 14 14 14 14 14 14  9 14 14 14 11 11 14  9  9 14  6  8 13  5 11  7  7 14 14  2 14  9  9  1  9 10  3  3  7  8  9 11  8  7  9 15 15  6  1  3  3  9  2  1 11 11  9  9  9  9  9  6  0  2  7  8 16  9  9  6  6  9  3  1  3  1  9  9  9  9  9 12  9  9  9  2 
14 18 11  3 10 10 18 17 11  6 10 10 10 10 10 10 10  7  7 10  2  3  7 14 14 10 10 10  7 14 14 14 10 10 14 10 10 14 14 14 14 14 10 10 14 14  6 14 14 14 14 14 14 10 10 10 10 14 14 14 14 14 14 14 14 14 14 14 14 14 14 14 14 14 14 10 14 14 14 12 12 14 10 10 14  7  7 12  6  9  8  7 14 14  1 14 10 10  2 10 11  4  4  8  9 10 11  9  6 10 16 17  6  1  2  2 10  3  2 11 10 10 10 10 10 10  7  2  0  8  7 17 10 10  6  6 10  2  2  4  3 10 10 10 10  7 13 10 10 10  3 
11 21 14  5  6  6 16 14  7  6  6  6  6  6  6  6  6  1  1  6  9  7  4 11 11  6  6  6  4 11 11 11  6  6 11  6  6 11 11 11 11 11  6  6 11 11  6 11 11 11 11 11 11  6  6  6  6 11 11 11 11 11 11 11 11 11 11 11 11 11 11 11 11 11 11  6 11 11 11 12 12 11  6  6 11  1  5 11  3  7  0  7 11 11  7 11  6  6  6  6  7  6  6  0  6  6  9  6  3  6 14 14  6  7  7  7  6  5  6  8  8  7  6  6  6  6  4  7  8  0  5 14  6  6  6  6  7  7  6  6  7  6  6  6  6  9 10  6  6  6  5 
10 22 15  8  6  6 18 14  8  4  6  6  6  6  6  6  6  4  4  6  8  8  4 10 10  6  6  6  4 10 10 10  6  6 10  6  6 10 10 10 10 10  6  6 10 10  4 10 10 10 10 10 10  6  6  6  6 10 10 10 10 10 10 10 10 10 10 10 10 10 10 10 10 10 10  6 10 10 10 14 14 10  6  6 10  6  0  9  3  7  5 10 10 10  8 10  6  6  7  6  8  9  9  5  6  7  7  6  4  6 14 15  4  8  7  7  6  8  7  7  8  7  7  7  6  6  3  8  7  5  0 14  6  6  4  4  7  7  8  8  9  6  6  6  6  7  8  6  6  6  8 
 9 17 12 16 13 13 25  0 11 16 13 13 13 13 13 13 13 14 14 13 19 18 11  9  9 13 13 13 11  9  9  9 13 13  9 13 13  9  9  9  9  9 13 13  9  9 16  9  9  9  9  9  9 13 13 13 13  9  9  9  9  9  9  9  9  9  9  9  9  9  9  9  9  9  9 13  9  9  9 20 20  9 13 13  9 15 14 11 13 11 14 18  9  9 17  9 13 13 15 13 11 17 17 14 12 13 14 11 14 13 20 21 16 17 17 17 13 16 15 10 10 13 11 13 13 13 14 16 17 14 14  0 13 13 16 16 12 17 16 17 17 13 13 13 13 15 12 13 13 13 16 
11 23 16  8  0  0 18 13  9  8  0  0  0  0  0  0  0  6  6  0 11 10  3 11 11  0  0  0  3 11 11 11  0  0 11  0  0 11 11 11 11 11  0  0 11 11  8 11 11 11 11 11 11  0  0  0  0 11 11 11 11 11 11 11 11 11 11 11 11 11 11 11 11 11 11  0 11 11 11 14 14 11  0  0 11  7  6  9  6  7  6 10 11 11  9 11  0  0  8  0  9  9  9  6  7  9  7  8  7  0 16 17  8  9  9  9  0  8  8  7  8  8  7  9  0  0  6  9 10  6  6 13  0  0  8  8  8  9  9 10  9  0  0  0  0  7  8  0  0  0  8 
11 23 16  8  0  0 18 13  9  8  0  0  0  0  0  0  0  6  6  0 11 10  3 11 11  0  0  0  3 11 11 11  0  0 11  0  0 11 11 11 11 11  0  0 11 11  8 11 11 11 11 11 11  0  0  0  0 11 11 11 11 11 11 11 11 11 11 11 11 11 11 11 11 11 11  0 11 11 11 14 14 11  0  0 11  7  6  9  6  7  6 10 11 11  9 11  0  0  8  0  9  9  9  6  7  9  7  8  7  0 16 17  8  9  9  9  0  8  8  7  8  8  7  9  0  0  6  9 10  6  6 13  0  0  8  8  8  9  9 10  9  0  0  0  0  7  8  0  0  0  8 
12 19 12  6  8  8 19 16  8  0  8  8  8  8  8  8  8  6  6  8  7  6  5 12 12  8  8  8  5 12 12 12  8  8 12  8  8 12 12 12 12 12  8  8 12 12  0 12 12 12 12 12 12  8  8  8  8 12 12 12 12 12 12 12 12 12 12 12 12 12 12 12 12 12 12  8 12 12 12 12 12 12  8  8 12  6  4 13  5  8  6  8 12 12  6 12  8  8  5  8  8  7  7  6  8  7 11  9  5  8 15 16  0  5  6  6  8  6  5  9  9  8  7  7  8  8  4  6  6  6  4 16  8  8  0  0  8  6  6  6  7  8  8  8  8  6 12  8  8  8  6 
12 19 12  6  8  8 19 16  8  0  8  8  8  8  8  8  8  6  6  8  7  6  5 12 12  8  8  8  5 12 12 12  8  8 12  8  8 12 12 12 12 12  8  8 12 12  0 12 12 12 12 12 12  8  8  8  8 12 12 12 12 12 12 12 12 12 12 12 12 12 12 12 12 12 12  8 12 12 12 12 12 12  8  8 12  6  4 13  5  8  6  8 12 12  6 12  8  8  5  8  8  7  7  6  8  7 11  9  5  8 15 16  0  5  6  6  8  6  5  9  9  8  7  7  8  8  4  6  6  6  4 16  8  8  0  0  8  6  6  6  7  8  8  8  8  6 12  8  8  8  6 
 8 22 16  9  8  8 15 12  3  8  8  8  8  8  8  8  8  6  6  8 12 11  6  8  8  8  8  8  6  8  8  8  8  8  8  8  8  8  8  8  8  8  8  8  8  8  8  8  8  8  8  8  8  8  8  8  8  8  8  8  8  8  8  8  8  8  8  8  8  8  8  8  8  8  8  8  8  8  8 10 10  8  8  8  8  6  7 12  5  7  7 11  8  8 10  8  8  8  8  8  3 10 10  7  3  4 12  4  5  8 11 13  8 10 10 10  8  9  8  7  6  3  1  4  8  8  6  9 10  7  7 12  8  8  8  8  0 10  9  9 10  8  8  8  8 12 13  8  8  8  9 
13 17 12  3  9  9 17 17 11  6  9  9  9  9  9  9  9  6  6  9  4  1  7 13 13  9  9  9  7 13 13 13  9  9 13  9  9 13 13 13 13 13  9  9 13 13  6 13 13 13 13 13 13  9  9  9  9 13 13 13 13 13 13 13 13 13 13 13 13 13 13 13 13 13 13  9 13 13 13 11 11 13  9  9 13  6  7 13  6 10  7  7 13 13  2 13  9  9  2  9 11  4  4  7  9 10 12  9  6  9 15 17  6  3  0  0  9  3  2 11 11 10 10 10  9  9  6  3  2  7  7 17  9  9  6  6 10  0  2  4  4  9  9  9  9  8 13  9  9  9  3 
14 19 13  2  9  9 18 16 10  6  9  9  9  9  9  9  9  6  6  9  4  3  6 14 14  9  9  9  6 14 14 14  9  9 14  9  9 14 14 14 14 14  9  9 14 14  6 14 14 14 14 14 14  9  9  9  9 14 14 14 14 14 14 14 14 14 14 14 14 14 14 14 14 14 14  9 14 14 14 11 11 14  9  9 14  5  8 13  5 11  6  7 14 14  2 14  9  9  1  9 10  3  3  6  8  9 11  8  7  9 15 16  6  2  2  2  9  2  1 11 11  9  9  9  9  9  6  1  2  6  8 16  9  9  6  6  9  2  0  3  2  9  9  9  9  9 12  9  9  9  2 
14 20 13  2 10 10 17 17 10  6 10 10 10 10 10 10 10  6  6 10  6  4  7 14 14 10 10 10  7 14 14 14 10 10 14 10 10 14 14 14 14 14 10 10 14 14  6 14 14 14 14 14 14 10 10 10 10 14 14 14 14 14 14 14 14 14 14 14 14 14 14 14 14 14 14 10 14 14 14 11 11 14 10 10 14  5  8 14  5 11  6  6 14 14  3 14 10 10  2 10 10  2  3  6  9  9 12  9  7 10 15 16  6  4  4  4 10  2  2 11 11  9  9  9 10 10  6  3  4  6  8 17 10 10  6  6  9  4  3  0  3 10 10 10 10 10 13 10 10 10  2 
13 20 14  2  9  9 18 17 10  7  9  9  9  9  9  9  9  7  7  9  4  5  7 13 13  9  9  9  7 13 13 13  9  9 13  9  9 13 13 13 13 13  9  9 13 13  7 13 13 13 13 13 13  9  9  9  9 13 13 13 13 13 13 13 13 13 13 13 13 13 13 13 13 13 13  9 13 13 13 11 11 13  9  9 13  7  9 12  6 11  7  7 13 13  3 13  9  9  2  9 10  3  3  7  9 10 12  9  6  9 15 16  7  2  4  4  9  2  2 11 11 10  9 10  9  9  7  1  3  7  9 17  9  9  7  7 10  4  2  3  0  9  9  9  9 10 13  9  9  9  2 
11 23 16  8  0  0 18 13  9  8  0  0  0  0  0  0  0  6  6  0 11 10  3 11 11  0  0  0  3 11 11 11  0  0 11  0  0 11 11 11 11 11  0  0 11 11  8 11 11 11 11 11 11  0  0  0  0 11 11 11 11 11 11 11 11 11 11 11 11 11 11 11 11 11 11  0 11 11 11 14 14 11  0  0 11  7  6  9  6  7  6 10 11 11  9 11  0  0  8  0  9  9  9  6  7  9  7  8  7  0 16 17  8  9  9  9  0  8  8  7  8  8  7  9  0  0  6  9 10  6  6 13  0  0  8  8  8  9  9 10  9  0  0  0  0  7  8  0  0  0  8 
11 23 16  8  0  0 18 13  9  8  0  0  0  0  0  0  0  6  6  0 11 10  3 11 11  0  0  0  3 11 11 11  0  0 11  0  0 11 11 11 11 11  0  0 11 11  8 11 11 11 11 11 11  0  0  0  0 11 11 11 11 11 11 11 11 11 11 11 11 11 11 11 11 11 11  0 11 11 11 14 14 11  0  0 11  7  6  9  6  7  6 10 11 11  9 11  0  0  8  0  9  9  9  6  7  9  7  8  7  0 16 17  8  9  9  9  0  8  8  7  8  8  7  9  0  0  6  9 10  6  6 13  0  0  8  8  8  9  9 10  9  0  0  0  0  7  8  0  0  0  8 
11 23 16  8  0  0 18 13  9  8  0  0  0  0  0  0  0  6  6  0 11 10  3 11 11  0  0  0  3 11 11 11  0  0 11  0  0 11 11 11 11 11  0  0 11 11  8 11 11 11 11 11 11  0  0  0  0 11 11 11 11 11 11 11 11 11 11 11 11 11 11 11 11 11 11  0 11 11 11 14 14 11  0  0 11  7  6  9  6  7  6 10 11 11  9 11  0  0  8  0  9  9  9  6  7  9  7  8  7  0 16 17  8  9  9  9  0  8  8  7  8  8  7  9  0  0  6  9 10  6  6 13  0  0  8  8  8  9  9 10  9  0  0  0  0  7  8  0  0  0  8 
11 23 16  8  0  0 18 13  9  8  0  0  0  0  0  0  0  6  6  0 11 10  3 11 11  0  0  0  3 11 11 11  0  0 11  0  0 11 11 11 11 11  0  0 11 11  8 11 11 11 11 11 11  0  0  0  0 11 11 11 11 11 11 11 11 11 11 11 11 11 11 11 11 11 11  0 11 11 11 14 14 11  0  0 11  7  6  9  6  7  6 10 11 11  9 11  0  0  8  0  9  9  9  6  7  9  7  8  7  0 16 17  8  9  9  9  0  8  8  7  8  8  7  9  0  0  6  9 10  6  6 13  0  0  8  8  8  9  9 10  9  0  0  0  0  7  8  0  0  0  8 
13 18 11  9  7  7 22 15  9  6  7  7  7  7  7  7  7  9  9  7  8  8  7 13 13  7  7  7  7 13 13 13  7  7 13  7  7 13 13 13 13 13  7  7 13 13  6 13 13 13 13 13 13  7  7  7  7 13 13 13 13 13 13 13 13 13 13 13 13 13 13 13 13 13 13  7 13 13 13 16 16 13  7  7 13 10  7 10  9  6  9 11 13 13  8 13  7  7  9  7  9 10 10  9  9 11  6  9  7  7 18 20  6  8  8  8  7  9  9  8  7 12 11 11  7  7  8  9  7  9  7 15  7  7  6  6 12  8  9 10 10  7  7  7  7  0 11  7  7  7  9 
 9 18 12 12  8  8 23 12 10 12  8  8  8  8  8  8  8 11 11  8 13 13  8  9  9  8  8  8  8  9  9  9  8  8  9  8  8  9  9  9  9  9  8  8  9  9 12  9  9  9  9  9  9  8  8  8  8  9  9  9  9  9  9  9  9  9  9  9  9  9  9  9  9  9  9  8  9  9  9 19 19  9  8  8  9 11  8  1 10  7 10 14  9  9 13  9  8  8 11  8 10 13 13 10 10 12  5 10  8  8 21 22 12 13 13 13  8 12 11  9  8 13 12 12  8  8 10 12 13 10  8 12  8  8 12 12 13 13 12 13 13  8  8  8  8 11  0  8  8  8 12 
11 23 16  8  0  0 18 13  9  8  0  0  0  0  0  0  0  6  6  0 11 10  3 11 11  0  0  0  3 11 11 11  0  0 11  0  0 11 11 11 11 11  0  0 11 11  8 11 11 11 11 11 11  0  0  0  0 11 11 11 11 11 11 11 11 11 11 11 11 11 11 11 11 11 11  0 11 11 11 14 14 11  0  0 11  7  6  9  6  7  6 10 11 11  9 11  0  0  8  0  9  9  9  6  7  9  7  8  7  0 16 17  8  9  9  9  0  8  8  7  8  8  7  9  0  0  6  9 10  6  6 13  0  0  8  8  8  9  9 10  9  0  0  0  0  7  8  0  0  0  8 
11 23 16  8  0  0 18 13  9  8  0  0  0  0  0  0  0  6  6  0 11 10  3 11 11  0  0  0  3 11 11 11  0  0 11  0  0 11 11 11 11 11  0  0 11 11  8 11 11 11 11 11 11  0  0  0  0 11 11 11 11 11 11 11 11 11 11 11 11 11 11 11 11 11 11  0 11 11 11 14 14 11  0  0 11  7  6  9  6  7  6 10 11 11  9 11  0  0  8  0  9  9  9  6  7  9  7  8  7  0 16 17  8  9  9  9  0  8  8  7  8  8  7  9  0  0  6  9 10  6  6 13  0  0  8  8  8  9  9 10  9  0  0  0  0  7  8  0  0  0  8 
11 23 16  8  0  0 18 13  9  8  0  0  0  0  0  0  0  6  6  0 11 10  3 11 11  0  0  0  3 11 11 11  0  0 11  0  0 11 11 11 11 11  0  0 11 11  8 11 11 11 11 11 11  0  0  0  0 11 11 11 11 11 11 11 11 11 11 11 11 11 11 11 11 11 11  0 11 11 11 14 14 11  0  0 11  7  6  9  6  7  6 10 11 11  9 11  0  0  8  0  9  9  9  6  7  9  7  8  7  0 16 17  8  9  9  9  0  8  8  7  8  8  7  9  0  0  6  9 10  6  6 13  0  0  8  8  8  9  9 10  9  0  0  0  0  7  8  0  0  0  8 
12 19 12  0  8  8 16 16 10  6  8  8  8  8  8  8  8  5  5  8  5  4  6 12 12  8  8  8  6 12 12 12  8  8 12  8  8 12 12 12 12 12  8  8 12 12  6 12 12 12 12 12 12  8  8  8  8 12 12 12 12 12 12 12 12 12 12 12 12 12 12 12 12 12 12  8 12 12 12  9  9 12  8  8 12  5  8 13  5 10  5  5 12 12  3 12  8  8  1  8 10  2  1  5  8  9 11  7  5  8 13 15  6  3  3  3  8  0  1 11 10  9  8  9  8  8  6  2  3  5  8 16  8  8  6  6  9  3  2  2  2  8  8  8  8  9 12  8  8  8  0 
