Instance Date: 20090406

VehicleNumber---RequestNumber---MaxTravelTime---DisinfectionTime
    5              79               90             30

VehicleCapacity---VehicleLunchReadyTime---VehicleLunchDueTime---VehicleLunchDuration
    6                    690                    750                     60

LocationID---StaffDemand---SeatDemand---ReadyTime---DueTime---ServiceTime
    0            0              0          450        1230         0
    1            2            2.5          540         600        10
    2            2            1.5          480         510         8
    3            2            2.5          490         550        10
    4            2            2.5          510         570        10
    5            2            1.5          480         540        10
    6            2            1.5          480         540        10
    7            2            1.5          530         590        10
    8            2            1.5          550         610         6
    9            2            1.5          500         560         3
   10            2              4          615         705         8
   11            2            2.5          570         630        10
   12            2            2.5          595         655        10
   13            2              3          510         600         8
   14            2            1.5          480         570         8
   15            2            1.5          495         585         8
   16            2            2.5          480         500        10
   17            2            1.5          480         510         8
   18            2              3          525         615         8
   19            2              3          540         690         8
   20            3            1.5          625         685         8
   21            2              1          480        1200         8
   22            2              1          480        1200         8
   23            2              3          750        1200         8
   24            2              1          480         750         8
   25            2              1          480         750         8
   26            3              3          675         765         8
   27            2              3          480         750         8
   28            2            1.5          770         830        21
   29            2              4          760         820         9
   30            2            1.5          684         744         8
   31            2              3          480         750         8
   32            2            2.5          680         740         8
   33            2            2.5          676         736         8
   34            2              1          720         840         8
   35            2            2.5          682         742         8
   36            2            2.5          750         810        10
   37            2            2.5          665         725         8
   38            2              1          750        1200         8
   39            2              3          480        1200         8
   40            2            1.5          669         789         8
   41            2              3          673         793         8
   42            2              1          480        1200         8
   43            2              1          750        1200         8
   44            2              1          750        1200         8
   45            2              1          735         855         8
   46            2            1.5          750        1200         8
   47            2              1          480        1200         8
   48            2            1.5          855         945         8
   49            2              1          750        1200         8
   50            2              1          768         888         8
   51            2              3          811         961         8
   52            2              1          480        1200         8
   53            3            2.5          865         925         8
   54            2            2.5          866         926         8
   55            3              1          940        1060         8
   56            3            1.5          869         929         8
   57            2              1          480        1200         8
   58            2              3          908        1028         8
   59            2              3          960        1080         8
   60            2              3          480        1200         8
   61            2            1.5          869         929         8
   62            2            1.5          869         929         8
   63            2              3          940        1060         8
   64            2              3          842         962         8
   65            2              3          750        1200         8
   66            2              1          871         991         8
   67            2              3          480        1200         8
   68            2              1          750        1200         8
   69            2            1.5          869         929         8
   70            2              1          941        1061         8
   71            2              1          750        1200         8
   72            3              1          750        1200         8
   73            2              3         1020        1170         8
   74            2              1          951        1101         8
   75            2              1          750        1200         8
   76            2              1         1034        1154         8
   77            2            1.5          938        1058         8
   78            2              1          750        1200         8
   79            2            2.5          540         600        10
   80            2           -2.5          570         630         3
   81            2           -1.5          495         585        10
   82            2           -2.5          510         570         3
   83            2           -2.5          540         600         3
   84            2           -1.5          510         570         3
   85            2           -1.5          510         570         3
   86            2           -1.5          570         630         3
   87            2           -1.5          570         630         3
   88            2           -1.5          510         570         3
   89            2             -4          645         735         3
   90            2           -2.5          630         690         3
   91            2           -2.5          645         705         3
   92            2             -3          540         630         3
   93            2           -1.5          510         600         3
   94            2           -1.5          525         615         3
   95            2           -2.5          480         540         3
   96            2           -1.5          495         585         3
   97            2             -3          555         645         3
   98            2             -3          540         720         3
   99            3           -1.5          625         705         6
  100            2             -1          480        1200        10
  101            2             -1          480        1200        10
  102            2             -3          750        1200        10
  103            2             -1          480         750         3
  104            2             -1          480         750         3
  105            3             -3          705         795         3
  106            2             -3          480         750         3
  107            2           -1.5          810         870         3
  108            2             -4          780         840         3
  109            2           -1.5          684         774        10
  110            2             -3          480         750         3
  111            2           -2.5          680         790        10
  112            2           -2.5          676         796        10
  113            2             -1          720         900        10
  114            2           -2.5          682         772        10
  115            2           -2.5          780         840         3
  116            2           -2.5          665         755        10
  117            2             -1          750        1200         3
  118            2             -3          480        1200        10
  119            2           -1.5          669         809         3
  120            2             -3          673         813         3
  121            2             -1          480        1200        10
  122            2             -1          750        1200        10
  123            2             -1          750        1200        10
  124            2             -1          735         885        10
  125            2           -1.5          750        1200        10
  126            2             -1          480        1200        10
  127            2           -1.5          885         975         3
  128            2             -1          750        1200        10
  129            2             -1          768         918        10
  130            2             -3          811         991         3
  131            2             -1          480        1200         3
  132            3           -2.5          865         955         3
  133            2           -2.5          866         956        10
  134            3             -1          940        1080         3
  135            3           -1.5          869         949         3
  136            2             -1          480        1200        10
  137            2             -3          908        1048        10
  138            2             -3          960        1100        10
  139            2             -3          480        1200        10
  140            2           -1.5          869         949        10
  141            2           -1.5          869         949        10
  142            2             -3          940        1090        10
  143            2             -3          842         992        10
  144            2             -3          750        1200        10
  145            2             -1          871        1021        10
  146            2             -3          480        1200        10
  147            2             -1          750        1200        10
  148            2           -1.5          869         949        10
  149            2             -1          941        1091        10
  150            2             -1          750        1200        10
  151            3             -1          750        1200         3
  152            2             -3         1020        1200         3
  153            2             -1          951        1131         3
  154            2             -1          750        1200         3
  155            2             -1         1034        1174        10
  156            2           -1.5          938        1078         3
  157            2             -1          750        1200        10
  158            2           -2.5          570         630         3

Travel Time Between Locations
 0 15 12 15 15 16 11 19  9  9 12 42 35 12 12 12  6 12 12 12 12 12 12 12  0  0 12 12  8  9 12  0  0  0 12  6 12  0  0 12  0  0  0  0  0  0 12 12 12  0  0  0  0  0  0  0 12  0  0 12  0 12 12  0  0  0  0  0  0 12  0  0  0  0  0  0  0  0  0 21  6 13 13  0 12 12 12 12 12  0  0  0 16  0  0  0  0  0  0  9 12 10 10 12 12  0  0 12  0 19 14 35 42 39 15  0 13 15  7 12 12 10 11 13 14 11 15  0  9 15 12 12 20 19 10  9  8  9 10  7  6  7 14 13 13 14 14 14 11 13  9  8 12 12 12  4 12  8  6 
15  0 15 12 12 12 11 18 11 12 13 39 34 15 15 15 13 15 15 15 15 15 15 15 15 15 15 15 17 11 15 15 15 15 15 16 14 15 15 15 15 15 15 15 15 15 15 15 15 15 15 15 15 15 15 15 15 15 15 13 15 15 15 15 15 15 15 15 15 15 15 15 15 15 15 15 15 15 15 11 16 13 13 15 15 15 15 15 15 15 15 15 20 15 15 15 15 15 15 11 13 15 15 15 15 15 15 15 15 18 17 34 39 38  0 15 12 12 14 15 15 13 14 13 13 12 14 15 16 12 15 15 18 18 17 12 17 18 12 15 15 15 12 13 13 12 13 12 11 13 18 17 15 15 15 18 15 16 16 
12 15  0  9  9 12  7 21  4  5  8 44 38  0  0  0  7  0  0  0  0  0  0  0 12 12  0  0  8  4  0 12 12 12  0  9 12 12 12  0 12 12 12 12 12 12  0  0  0 12 12 12 12 12 12 12  0 12 12  8 12  0  0 12 12 12 12 12 12  0 12 12 12 12 12 12 12 12 12 16  9 10 10 12  0  0  0  0  0 12 12 12 16 12 12 12 12 12 12  4  8  5  5  0  0 12 12  0 12 21 13 38 44 42 15 12 10  9  5  0  0  5  8  9 10  8 10 12  7  9  0  0 18 21  8  5  8 10  6  8  9 11 10  8  9 10  9 10  7  9 10  8  0  0  0 11  0  8  9 
15 12  9  0  0  6  5 18  9  9  7 41 35  9  9  9 12  9  9  9  9  9  9  9 15 15  9  9 10  9  9 15 15 15  9 13  6 15 15  9 15 15 15 15 15 15  9  9  9 15 15 15 15 15 15 15  9 15 15  7 15  9  9 15 15 15 15 15 15  9 15 15 15 15 15 15 15 15 15 12 13  2  2 15  9  9  9  9  9 15 15 15 10 15 15 15 15 15 15  9  7  7  7  9  9 15 15  9 15 18 13 35 41 39 12 15  6  3 10  9  9  9  7  3  2  6  3 15 10  0  9  9 15 18  8  9 11 11  6 12 12 13  4  2  3  4  2  2  5  3 11 10  9  9  9 13  9  9 13 
15 12  9  0  0  6  5 18  9  9  7 41 35  9  9  9 12  9  9  9  9  9  9  9 15 15  9  9 10  9  9 15 15 15  9 13  6 15 15  9 15 15 15 15 15 15  9  9  9 15 15 15 15 15 15 15  9 15 15  7 15  9  9 15 15 15 15 15 15  9 15 15 15 15 15 15 15 15 15 12 13  2  2 15  9  9  9  9  9 15 15 15 10 15 15 15 15 15 15  9  7  7  7  9  9 15 15  9 15 18 13 35 41 39 12 15  6  3 10  9  9  9  7  3  2  6  3 15 10  0  9  9 15 18  8  9 11 11  6 12 12 13  4  2  3  4  2  2  5  3 11 10  9  9  9 13  9  9 13 
16 12 12  6  6  0  7 17  9 10  6 40 34 12 12 12 11 12 12 12 12 12 12 12 16 16 12 12 12  9 12 16 16 16 12 14 10 16 16 12 16 16 16 16 16 16 12 12 12 16 16 16 16 16 16 16 12 16 16  6 16 12 12 16 16 16 16 16 16 12 16 16 16 16 16 16 16 16 16 13 14  7  7 16 12 12 12 12 12 16 16 16 15 16 16 16 16 16 16  9  7  9  9 12 12 16 16 12 16 17 13 34 40 38 12 16  7  3 12 12 12  8 10  5  5  6  6 16 11  6 12 12 14 17 12 10 12 11  7 12 12 13  4  5  7  4  4  5  7  5 11 11 12 12 12 16 12 12 14 
11 11  7  5  5  7  0 16  6  6  3 39 35  7  7  7 10  7  7  7  7  7  7  7 11 11  7  7  7  6  7 11 11 11  7 11  8 11 11  7 11 11 11 11 11 11  7  7  7 11 11 11 11 11 11 11  7 11 11  3 11  7  7 11 11 11 11 11 11  7 11 11 11 11 11 11 11 11 11 14 11  6  6 11  7  7  7  7  7 11 11 11 13 11 11 11 11 11 11  6  3  5  5  7  7 11 11  7 11 16 13 35 39 39 11 11  3  5  8  7  7  7  5  5  6  2  7 11  7  5  7  7 15 16  6  6  8  8  1 10 10 10  3  5  5  3  4  3  0  5  8  7  7  7  7 10  7  7 11 
19 18 21 18 18 17 16  0 17 20 17 30 22 21 21 21 18 21 21 21 21 21 21 21 19 19 21 21 19 17 21 19 19 19 21 20 20 19 19 21 19 19 19 19 19 19 21 21 21 19 19 19 19 19 19 19 21 19 19 17 19 21 21 19 19 19 19 19 19 21 19 19 19 19 19 19 19 19 19 16 20 19 19 19 21 21 21 21 21 19 19 19 23 19 19 19 19 19 19 17 18 20 20 21 21 19 19 21 19  0 13 22 30 26 18 19 17 17 17 21 21 19 20 17 19 17 20 19 18 18 21 21  8  0 20 20 19 20 17 18 17 21 16 18 17 16 18 17 16 17 20 18 21 21 21 17 21 18 20 
 9 11  4  9  9  9  6 17  0  3  7 40 35  4  4  4  5  4  4  4  4  4  4  4  9  9  4  4  8  0  4  9  9  9  4  5  9  9  9  4  9  9  9  9  9  9  4  4  4  9  9  9  9  9  9  9  4  9  9  7  9  4  4  9  9  9  9  9  9  4  9  9  9  9  9  9  9  9  9 17  5 10 10  9  4  4  4  4  4  9  9  9 15  9  9  9  9  9  9  0  6  6  6  4  4  9  9  4  9 17  9 35 40 39 11  9  9  9  7  4  4  7  6  9 10  7 11  9  5  9  4  4 14 17  8  3  6  8  6  4  5  7  9  9  9  9  8  7  6  9  8  8  4  4  4  9  4  8  5 
 9 12  5  9  9 10  6 20  3  0  5 39 37  5  5  5  7  5  5  5  5  5  5  5  9  9  5  5  7  3  5  9  9  9  5  8  9  9  9  5  9  9  9  9  9  9  5  5  5  9  9  9  9  9  9  9  5  9  9  5  9  5  5  9  9  9  9  9  9  5  9  9  9  9  9  9  9  9  9 15  8  8  8  9  5  5  5  5  5  9  9  9 13  9  9  9  9  9  9  3  3  3  3  5  5  9  9  5  9 20 12 37 39 41 12  9  6  9  7  5  5  4  5 10 10  4 11  9  7  9  5  5 17 20  6  0  8  9  5  7  8  8  7  9  8  7  9  8  6 10  9  7  5  5  5 10  5  6  8 
12 13  8  7  7  6  3 17  7  5  0 40 36  8  8  8  9  8  8  8  8  8  8  8 12 12  8  8  7  7  8 12 12 12  8 10  8 12 12  8 12 12 12 12 12 12  8  8  8 12 12 12 12 12 12 12  8 12 12  0 12  8  8 12 12 12 12 12 12  8 12 12 12 12 12 12 12 12 12 14 10  7  7 12  8  8  8  8  8 12 12 12 12 12 12 12 12 12 12  7  3  4  4  8  8 12 12  8 12 17 13 36 40 38 13 12  3  5 10  8  8  6  6  7  8  1  8 12  7  7  8  8 15 17  7  5  8  7  4  9  9 11  4  7  7  4  6  5  3  7  7  7  8  8  8 12  8  8 10 
42 39 44 41 41 40 39 30 40 39 40  0 11 44 44 44 41 44 44 44 44 44 44 44 42 42 44 44 43 40 44 42 42 42 44 42 43 42 42 44 42 42 42 42 42 42 44 44 44 42 42 42 42 42 42 42 44 42 42 40 42 44 44 42 42 42 42 42 42 44 42 42 42 42 42 42 42 42 42 38 42 42 42 42 44 44 44 44 44 42 42 42 49 42 42 42 42 42 42 40 40 42 42 44 44 42 42 44 42 30 33 11  0 12 39 42 40 39 43 44 44 41 42 41 42 39 42 42 44 41 44 44 36 30 44 39 43 44 40 44 43 43 39 40 40 39 40 40 39 41 44 43 44 44 44 40 44 43 42 
35 34 38 35 35 34 35 22 35 37 36 11  0 38 38 38 36 38 38 38 38 38 38 38 35 35 38 38 37 35 38 35 35 35 38 38 36 35 35 38 35 35 35 35 35 35 38 38 38 35 35 35 35 35 35 35 38 35 35 36 35 38 38 35 35 35 35 35 35 38 35 35 35 35 35 35 35 35 35 34 38 36 36 35 38 38 38 38 38 35 35 35 41 35 35 35 35 35 35 35 35 38 38 38 38 35 35 38 35 22 30  0 11  4 34 35 34 36 36 38 38 37 37 35 36 35 37 35 36 35 38 38 26 22 37 37 37 38 36 36 35 36 33 35 35 33 35 34 35 35 38 37 38 38 38 34 38 37 38 
12 15  0  9  9 12  7 21  4  5  8 44 38  0  0  0  7  0  0  0  0  0  0  0 12 12  0  0  8  4  0 12 12 12  0  9 12 12 12  0 12 12 12 12 12 12  0  0  0 12 12 12 12 12 12 12  0 12 12  8 12  0  0 12 12 12 12 12 12  0 12 12 12 12 12 12 12 12 12 16  9 10 10 12  0  0  0  0  0 12 12 12 16 12 12 12 12 12 12  4  8  5  5  0  0 12 12  0 12 21 13 38 44 42 15 12 10  9  5  0  0  5  8  9 10  8 10 12  7  9  0  0 18 21  8  5  8 10  6  8  9 11 10  8  9 10  9 10  7  9 10  8  0  0  0 11  0  8  9 
12 15  0  9  9 12  7 21  4  5  8 44 38  0  0  0  7  0  0  0  0  0  0  0 12 12  0  0  8  4  0 12 12 12  0  9 12 12 12  0 12 12 12 12 12 12  0  0  0 12 12 12 12 12 12 12  0 12 12  8 12  0  0 12 12 12 12 12 12  0 12 12 12 12 12 12 12 12 12 16  9 10 10 12  0  0  0  0  0 12 12 12 16 12 12 12 12 12 12  4  8  5  5  0  0 12 12  0 12 21 13 38 44 42 15 12 10  9  5  0  0  5  8  9 10  8 10 12  7  9  0  0 18 21  8  5  8 10  6  8  9 11 10  8  9 10  9 10  7  9 10  8  0  0  0 11  0  8  9 
12 15  0  9  9 12  7 21  4  5  8 44 38  0  0  0  7  0  0  0  0  0  0  0 12 12  0  0  8  4  0 12 12 12  0  9 12 12 12  0 12 12 12 12 12 12  0  0  0 12 12 12 12 12 12 12  0 12 12  8 12  0  0 12 12 12 12 12 12  0 12 12 12 12 12 12 12 12 12 16  9 10 10 12  0  0  0  0  0 12 12 12 16 12 12 12 12 12 12  4  8  5  5  0  0 12 12  0 12 21 13 38 44 42 15 12 10  9  5  0  0  5  8  9 10  8 10 12  7  9  0  0 18 21  8  5  8 10  6  8  9 11 10  8  9 10  9 10  7  9 10  8  0  0  0 11  0  8  9 
 6 13  7 12 12 11 10 18  5  7  9 41 36  7  7  7  0  7  7  7  7  7  7  7  6  6  7  7  7  5  7  6  6  6  7  6 12  6  6  7  6  6  6  6  6  6  7  7  7  6  6  6  6  6  6  6  7  6  6  9  6  7  7  6  6  6  6  6  6  7  6  6  6  6  6  6  6  6  6 17  6 11 11  6  7  7  7  7  7  6  6  6 16  6  6  6  6  6  6  5 10  6  6  7  7  6  6  7  6 18 13 36 41 40 13  6 10 12  2  7  7  6  8 13 13  9 14  6  5 12  7  7 19 18  5  7  4  6  9  7  6  6 12 11 11 12 12 11 10 13  6  7  7  7  7  9  7  7  6 
12 15  0  9  9 12  7 21  4  5  8 44 38  0  0  0  7  0  0  0  0  0  0  0 12 12  0  0  8  4  0 12 12 12  0  9 12 12 12  0 12 12 12 12 12 12  0  0  0 12 12 12 12 12 12 12  0 12 12  8 12  0  0 12 12 12 12 12 12  0 12 12 12 12 12 12 12 12 12 16  9 10 10 12  0  0  0  0  0 12 12 12 16 12 12 12 12 12 12  4  8  5  5  0  0 12 12  0 12 21 13 38 44 42 15 12 10  9  5  0  0  5  8  9 10  8 10 12  7  9  0  0 18 21  8  5  8 10  6  8  9 11 10  8  9 10  9 10  7  9 10  8  0  0  0 11  0  8  9 
12 15  0  9  9 12  7 21  4  5  8 44 38  0  0  0  7  0  0  0  0  0  0  0 12 12  0  0  8  4  0 12 12 12  0  9 12 12 12  0 12 12 12 12 12 12  0  0  0 12 12 12 12 12 12 12  0 12 12  8 12  0  0 12 12 12 12 12 12  0 12 12 12 12 12 12 12 12 12 16  9 10 10 12  0  0  0  0  0 12 12 12 16 12 12 12 12 12 12  4  8  5  5  0  0 12 12  0 12 21 13 38 44 42 15 12 10  9  5  0  0  5  8  9 10  8 10 12  7  9  0  0 18 21  8  5  8 10  6  8  9 11 10  8  9 10  9 10  7  9 10  8  0  0  0 11  0  8  9 
12 15  0  9  9 12  7 21  4  5  8 44 38  0  0  0  7  0  0  0  0  0  0  0 12 12  0  0  8  4  0 12 12 12  0  9 12 12 12  0 12 12 12 12 12 12  0  0  0 12 12 12 12 12 12 12  0 12 12  8 12  0  0 12 12 12 12 12 12  0 12 12 12 12 12 12 12 12 12 16  9 10 10 12  0  0  0  0  0 12 12 12 16 12 12 12 12 12 12  4  8  5  5  0  0 12 12  0 12 21 13 38 44 42 15 12 10  9  5  0  0  5  8  9 10  8 10 12  7  9  0  0 18 21  8  5  8 10  6  8  9 11 10  8  9 10  9 10  7  9 10  8  0  0  0 11  0  8  9 
12 15  0  9  9 12  7 21  4  5  8 44 38  0  0  0  7  0  0  0  0  0  0  0 12 12  0  0  8  4  0 12 12 12  0  9 12 12 12  0 12 12 12 12 12 12  0  0  0 12 12 12 12 12 12 12  0 12 12  8 12  0  0 12 12 12 12 12 12  0 12 12 12 12 12 12 12 12 12 16  9 10 10 12  0  0  0  0  0 12 12 12 16 12 12 12 12 12 12  4  8  5  5  0  0 12 12  0 12 21 13 38 44 42 15 12 10  9  5  0  0  5  8  9 10  8 10 12  7  9  0  0 18 21  8  5  8 10  6  8  9 11 10  8  9 10  9 10  7  9 10  8  0  0  0 11  0  8  9 
12 15  0  9  9 12  7 21  4  5  8 44 38  0  0  0  7  0  0  0  0  0  0  0 12 12  0  0  8  4  0 12 12 12  0  9 12 12 12  0 12 12 12 12 12 12  0  0  0 12 12 12 12 12 12 12  0 12 12  8 12  0  0 12 12 12 12 12 12  0 12 12 12 12 12 12 12 12 12 16  9 10 10 12  0  0  0  0  0 12 12 12 16 12 12 12 12 12 12  4  8  5  5  0  0 12 12  0 12 21 13 38 44 42 15 12 10  9  5  0  0  5  8  9 10  8 10 12  7  9  0  0 18 21  8  5  8 10  6  8  9 11 10  8  9 10  9 10  7  9 10  8  0  0  0 11  0  8  9 
12 15  0  9  9 12  7 21  4  5  8 44 38  0  0  0  7  0  0  0  0  0  0  0 12 12  0  0  8  4  0 12 12 12  0  9 12 12 12  0 12 12 12 12 12 12  0  0  0 12 12 12 12 12 12 12  0 12 12  8 12  0  0 12 12 12 12 12 12  0 12 12 12 12 12 12 12 12 12 16  9 10 10 12  0  0  0  0  0 12 12 12 16 12 12 12 12 12 12  4  8  5  5  0  0 12 12  0 12 21 13 38 44 42 15 12 10  9  5  0  0  5  8  9 10  8 10 12  7  9  0  0 18 21  8  5  8 10  6  8  9 11 10  8  9 10  9 10  7  9 10  8  0  0  0 11  0  8  9 
12 15  0  9  9 12  7 21  4  5  8 44 38  0  0  0  7  0  0  0  0  0  0  0 12 12  0  0  8  4  0 12 12 12  0  9 12 12 12  0 12 12 12 12 12 12  0  0  0 12 12 12 12 12 12 12  0 12 12  8 12  0  0 12 12 12 12 12 12  0 12 12 12 12 12 12 12 12 12 16  9 10 10 12  0  0  0  0  0 12 12 12 16 12 12 12 12 12 12  4  8  5  5  0  0 12 12  0 12 21 13 38 44 42 15 12 10  9  5  0  0  5  8  9 10  8 10 12  7  9  0  0 18 21  8  5  8 10  6  8  9 11 10  8  9 10  9 10  7  9 10  8  0  0  0 11  0  8  9 
 0 15 12 15 15 16 11 19  9  9 12 42 35 12 12 12  6 12 12 12 12 12 12 12  0  0 12 12  8  9 12  0  0  0 12  6 12  0  0 12  0  0  0  0  0  0 12 12 12  0  0  0  0  0  0  0 12  0  0 12  0 12 12  0  0  0  0  0  0 12  0  0  0  0  0  0  0  0  0 21  6 13 13  0 12 12 12 12 12  0  0  0 16  0  0  0  0  0  0  9 12 10 10 12 12  0  0 12  0 19 14 35 42 39 15  0 13 15  7 12 12 10 11 13 14 11 15  0  9 15 12 12 20 19 10  9  8  9 10  7  6  7 14 13 13 14 14 14 11 13  9  8 12 12 12  4 12  8  6 
 0 15 12 15 15 16 11 19  9  9 12 42 35 12 12 12  6 12 12 12 12 12 12 12  0  0 12 12  8  9 12  0  0  0 12  6 12  0  0 12  0  0  0  0  0  0 12 12 12  0  0  0  0  0  0  0 12  0  0 12  0 12 12  0  0  0  0  0  0 12  0  0  0  0  0  0  0  0  0 21  6 13 13  0 12 12 12 12 12  0  0  0 16  0  0  0  0  0  0  9 12 10 10 12 12  0  0 12  0 19 14 35 42 39 15  0 13 15  7 12 12 10 11 13 14 11 15  0  9 15 12 12 20 19 10  9  8  9 10  7  6  7 14 13 13 14 14 14 11 13  9  8 12 12 12  4 12  8  6 
12 15  0  9  9 12  7 21  4  5  8 44 38  0  0  0  7  0  0  0  0  0  0  0 12 12  0  0  8  4  0 12 12 12  0  9 12 12 12  0 12 12 12 12 12 12  0  0  0 12 12 12 12 12 12 12  0 12 12  8 12  0  0 12 12 12 12 12 12  0 12 12 12 12 12 12 12 12 12 16  9 10 10 12  0  0  0  0  0 12 12 12 16 12 12 12 12 12 12  4  8  5  5  0  0 12 12  0 12 21 13 38 44 42 15 12 10  9  5  0  0  5  8  9 10  8 10 12  7  9  0  0 18 21  8  5  8 10  6  8  9 11 10  8  9 10  9 10  7  9 10  8  0  0  0 11  0  8  9 
12 15  0  9  9 12  7 21  4  5  8 44 38  0  0  0  7  0  0  0  0  0  0  0 12 12  0  0  8  4  0 12 12 12  0  9 12 12 12  0 12 12 12 12 12 12  0  0  0 12 12 12 12 12 12 12  0 12 12  8 12  0  0 12 12 12 12 12 12  0 12 12 12 12 12 12 12 12 12 16  9 10 10 12  0  0  0  0  0 12 12 12 16 12 12 12 12 12 12  4  8  5  5  0  0 12 12  0 12 21 13 38 44 42 15 12 10  9  5  0  0  5  8  9 10  8 10 12  7  9  0  0 18 21  8  5  8 10  6  8  9 11 10  8  9 10  9 10  7  9 10  8  0  0  0 11  0  8  9 
 8 17  8 10 10 12  7 19  8  7  7 43 37  8  8  8  7  8  8  8  8  8  8  8  8  8  8  8  0  8  8  8  8  8  8  7  9  8  8  8  8  8  8  8  8  8  8  8  8  8  8  8  8  8  8  8  8  8  8  7  8  8  8  8  8  8  8  8  8  8  8  8  8  8  8  8  8  8  8 19  7  9  9  8  8  8  8  8  8  8  8  8 12  8  8  8  8  8  8  8  8  6  6  8  8  8  8  8  8 19 17 37 43 41 17  8  9 10  9  8  8  9  7 10 11  8 12  8  5 10  8  8 20 19  6  7  3  4  7  8  7  7 10 10 10 10  9  8  7 10  4  2  8  8  8  7  8  2  7 
 9 11  4  9  9  9  6 17  0  3  7 40 35  4  4  4  5  4  4  4  4  4  4  4  9  9  4  4  8  0  4  9  9  9  4  5  9  9  9  4  9  9  9  9  9  9  4  4  4  9  9  9  9  9  9  9  4  9  9  7  9  4  4  9  9  9  9  9  9  4  9  9  9  9  9  9  9  9  9 17  5 10 10  9  4  4  4  4  4  9  9  9 15  9  9  9  9  9  9  0  6  6  6  4  4  9  9  4  9 17  9 35 40 39 11  9  9  9  7  4  4  7  6  9 10  7 11  9  5  9  4  4 14 17  8  3  6  8  6  4  5  7  9  9  9  9  8  7  6  9  8  8  4  4  4  9  4  8  5 
12 15  0  9  9 12  7 21  4  5  8 44 38  0  0  0  7  0  0  0  0  0  0  0 12 12  0  0  8  4  0 12 12 12  0  9 12 12 12  0 12 12 12 12 12 12  0  0  0 12 12 12 12 12 12 12  0 12 12  8 12  0  0 12 12 12 12 12 12  0 12 12 12 12 12 12 12 12 12 16  9 10 10 12  0  0  0  0  0 12 12 12 16 12 12 12 12 12 12  4  8  5  5  0  0 12 12  0 12 21 13 38 44 42 15 12 10  9  5  0  0  5  8  9 10  8 10 12  7  9  0  0 18 21  8  5  8 10  6  8  9 11 10  8  9 10  9 10  7  9 10  8  0  0  0 11  0  8  9 
 0 15 12 15 15 16 11 19  9  9 12 42 35 12 12 12  6 12 12 12 12 12 12 12  0  0 12 12  8  9 12  0  0  0 12  6 12  0  0 12  0  0  0  0  0  0 12 12 12  0  0  0  0  0  0  0 12  0  0 12  0 12 12  0  0  0  0  0  0 12  0  0  0  0  0  0  0  0  0 21  6 13 13  0 12 12 12 12 12  0  0  0 16  0  0  0  0  0  0  9 12 10 10 12 12  0  0 12  0 19 14 35 42 39 15  0 13 15  7 12 12 10 11 13 14 11 15  0  9 15 12 12 20 19 10  9  8  9 10  7  6  7 14 13 13 14 14 14 11 13  9  8 12 12 12  4 12  8  6 
 0 15 12 15 15 16 11 19  9  9 12 42 35 12 12 12  6 12 12 12 12 12 12 12  0  0 12 12  8  9 12  0  0  0 12  6 12  0  0 12  0  0  0  0  0  0 12 12 12  0  0  0  0  0  0  0 12  0  0 12  0 12 12  0  0  0  0  0  0 12  0  0  0  0  0  0  0  0  0 21  6 13 13  0 12 12 12 12 12  0  0  0 16  0  0  0  0  0  0  9 12 10 10 12 12  0  0 12  0 19 14 35 42 39 15  0 13 15  7 12 12 10 11 13 14 11 15  0  9 15 12 12 20 19 10  9  8  9 10  7  6  7 14 13 13 14 14 14 11 13  9  8 12 12 12  4 12  8  6 
 0 15 12 15 15 16 11 19  9  9 12 42 35 12 12 12  6 12 12 12 12 12 12 12  0  0 12 12  8  9 12  0  0  0 12  6 12  0  0 12  0  0  0  0  0  0 12 12 12  0  0  0  0  0  0  0 12  0  0 12  0 12 12  0  0  0  0  0  0 12  0  0  0  0  0  0  0  0  0 21  6 13 13  0 12 12 12 12 12  0  0  0 16  0  0  0  0  0  0  9 12 10 10 12 12  0  0 12  0 19 14 35 42 39 15  0 13 15  7 12 12 10 11 13 14 11 15  0  9 15 12 12 20 19 10  9  8  9 10  7  6  7 14 13 13 14 14 14 11 13  9  8 12 12 12  4 12  8  6 
12 15  0  9  9 12  7 21  4  5  8 44 38  0  0  0  7  0  0  0  0  0  0  0 12 12  0  0  8  4  0 12 12 12  0  9 12 12 12  0 12 12 12 12 12 12  0  0  0 12 12 12 12 12 12 12  0 12 12  8 12  0  0 12 12 12 12 12 12  0 12 12 12 12 12 12 12 12 12 16  9 10 10 12  0  0  0  0  0 12 12 12 16 12 12 12 12 12 12  4  8  5  5  0  0 12 12  0 12 21 13 38 44 42 15 12 10  9  5  0  0  5  8  9 10  8 10 12  7  9  0  0 18 21  8  5  8 10  6  8  9 11 10  8  9 10  9 10  7  9 10  8  0  0  0 11  0  8  9 
 6 16  9 13 13 14 11 20  5  8 10 42 38  9  9  9  6  9  9  9  9  9  9  9  6  6  9  9  7  5  9  6  6  6  9  0 14  6  6  9  6  6  6  6  6  6  9  9  9  6  6  6  6  6  6  6  9  6  6 10  6  9  9  6  6  6  6  6  6  9  6  6  6  6  6  6  6  6  6 17  0 14 14  6  9  9  9  9  9  6  6  6 15  6  6  6  6  6  6  5 11  6  6  9  9  6  6  9  6 20 14 38 42 42 16  6 11 12  7  9  9  6 10 14 14 11 15  6  7 13  9  9 19 20  8  8  8  9 11  6  5  7 12 13 14 12 13 12 11 14  9  7  9  9  9  6  9  6  0 
12 14 12  6  6 10  8 20  9  9  8 43 36 12 12 12 12 12 12 12 12 12 12 12 12 12 12 12  9  9 12 12 12 12 12 14  0 12 12 12 12 12 12 12 12 12 12 12 12 12 12 12 12 12 12 12 12 12 12  8 12 12 12 12 12 12 12 12 12 12 12 12 12 12 12 12 12 12 12 15 14  4  4 12 12 12 12 12 12 12 12 12  6 12 12 12 12 12 12  9  9  8  8 12 12 12 12 12 12 20 15 36 43 40 14 12  7  8 11 12 12 10  8  7  6  9  7 12 10  6 12 12 16 20  9  9  9 10  8 12 13 11  6  7  7  6  7  6  8  7 10  8 12 12 12 12 12  9 14 
 0 15 12 15 15 16 11 19  9  9 12 42 35 12 12 12  6 12 12 12 12 12 12 12  0  0 12 12  8  9 12  0  0  0 12  6 12  0  0 12  0  0  0  0  0  0 12 12 12  0  0  0  0  0  0  0 12  0  0 12  0 12 12  0  0  0  0  0  0 12  0  0  0  0  0  0  0  0  0 21  6 13 13  0 12 12 12 12 12  0  0  0 16  0  0  0  0  0  0  9 12 10 10 12 12  0  0 12  0 19 14 35 42 39 15  0 13 15  7 12 12 10 11 13 14 11 15  0  9 15 12 12 20 19 10  9  8  9 10  7  6  7 14 13 13 14 14 14 11 13  9  8 12 12 12  4 12  8  6 
 0 15 12 15 15 16 11 19  9  9 12 42 35 12 12 12  6 12 12 12 12 12 12 12  0  0 12 12  8  9 12  0  0  0 12  6 12  0  0 12  0  0  0  0  0  0 12 12 12  0  0  0  0  0  0  0 12  0  0 12  0 12 12  0  0  0  0  0  0 12  0  0  0  0  0  0  0  0  0 21  6 13 13  0 12 12 12 12 12  0  0  0 16  0  0  0  0  0  0  9 12 10 10 12 12  0  0 12  0 19 14 35 42 39 15  0 13 15  7 12 12 10 11 13 14 11 15  0  9 15 12 12 20 19 10  9  8  9 10  7  6  7 14 13 13 14 14 14 11 13  9  8 12 12 12  4 12  8  6 
12 15  0  9  9 12  7 21  4  5  8 44 38  0  0  0  7  0  0  0  0  0  0  0 12 12  0  0  8  4  0 12 12 12  0  9 12 12 12  0 12 12 12 12 12 12  0  0  0 12 12 12 12 12 12 12  0 12 12  8 12  0  0 12 12 12 12 12 12  0 12 12 12 12 12 12 12 12 12 16  9 10 10 12  0  0  0  0  0 12 12 12 16 12 12 12 12 12 12  4  8  5  5  0  0 12 12  0 12 21 13 38 44 42 15 12 10  9  5  0  0  5  8  9 10  8 10 12  7  9  0  0 18 21  8  5  8 10  6  8  9 11 10  8  9 10  9 10  7  9 10  8  0  0  0 11  0  8  9 
 0 15 12 15 15 16 11 19  9  9 12 42 35 12 12 12  6 12 12 12 12 12 12 12  0  0 12 12  8  9 12  0  0  0 12  6 12  0  0 12  0  0  0  0  0  0 12 12 12  0  0  0  0  0  0  0 12  0  0 12  0 12 12  0  0  0  0  0  0 12  0  0  0  0  0  0  0  0  0 21  6 13 13  0 12 12 12 12 12  0  0  0 16  0  0  0  0  0  0  9 12 10 10 12 12  0  0 12  0 19 14 35 42 39 15  0 13 15  7 12 12 10 11 13 14 11 15  0  9 15 12 12 20 19 10  9  8  9 10  7  6  7 14 13 13 14 14 14 11 13  9  8 12 12 12  4 12  8  6 
 0 15 12 15 15 16 11 19  9  9 12 42 35 12 12 12  6 12 12 12 12 12 12 12  0  0 12 12  8  9 12  0  0  0 12  6 12  0  0 12  0  0  0  0  0  0 12 12 12  0  0  0  0  0  0  0 12  0  0 12  0 12 12  0  0  0  0  0  0 12  0  0  0  0  0  0  0  0  0 21  6 13 13  0 12 12 12 12 12  0  0  0 16  0  0  0  0  0  0  9 12 10 10 12 12  0  0 12  0 19 14 35 42 39 15  0 13 15  7 12 12 10 11 13 14 11 15  0  9 15 12 12 20 19 10  9  8  9 10  7  6  7 14 13 13 14 14 14 11 13  9  8 12 12 12  4 12  8  6 
 0 15 12 15 15 16 11 19  9  9 12 42 35 12 12 12  6 12 12 12 12 12 12 12  0  0 12 12  8  9 12  0  0  0 12  6 12  0  0 12  0  0  0  0  0  0 12 12 12  0  0  0  0  0  0  0 12  0  0 12  0 12 12  0  0  0  0  0  0 12  0  0  0  0  0  0  0  0  0 21  6 13 13  0 12 12 12 12 12  0  0  0 16  0  0  0  0  0  0  9 12 10 10 12 12  0  0 12  0 19 14 35 42 39 15  0 13 15  7 12 12 10 11 13 14 11 15  0  9 15 12 12 20 19 10  9  8  9 10  7  6  7 14 13 13 14 14 14 11 13  9  8 12 12 12  4 12  8  6 
 0 15 12 15 15 16 11 19  9  9 12 42 35 12 12 12  6 12 12 12 12 12 12 12  0  0 12 12  8  9 12  0  0  0 12  6 12  0  0 12  0  0  0  0  0  0 12 12 12  0  0  0  0  0  0  0 12  0  0 12  0 12 12  0  0  0  0  0  0 12  0  0  0  0  0  0  0  0  0 21  6 13 13  0 12 12 12 12 12  0  0  0 16  0  0  0  0  0  0  9 12 10 10 12 12  0  0 12  0 19 14 35 42 39 15  0 13 15  7 12 12 10 11 13 14 11 15  0  9 15 12 12 20 19 10  9  8  9 10  7  6  7 14 13 13 14 14 14 11 13  9  8 12 12 12  4 12  8  6 
 0 15 12 15 15 16 11 19  9  9 12 42 35 12 12 12  6 12 12 12 12 12 12 12  0  0 12 12  8  9 12  0  0  0 12  6 12  0  0 12  0  0  0  0  0  0 12 12 12  0  0  0  0  0  0  0 12  0  0 12  0 12 12  0  0  0  0  0  0 12  0  0  0  0  0  0  0  0  0 21  6 13 13  0 12 12 12 12 12  0  0  0 16  0  0  0  0  0  0  9 12 10 10 12 12  0  0 12  0 19 14 35 42 39 15  0 13 15  7 12 12 10 11 13 14 11 15  0  9 15 12 12 20 19 10  9  8  9 10  7  6  7 14 13 13 14 14 14 11 13  9  8 12 12 12  4 12  8  6 
 0 15 12 15 15 16 11 19  9  9 12 42 35 12 12 12  6 12 12 12 12 12 12 12  0  0 12 12  8  9 12  0  0  0 12  6 12  0  0 12  0  0  0  0  0  0 12 12 12  0  0  0  0  0  0  0 12  0  0 12  0 12 12  0  0  0  0  0  0 12  0  0  0  0  0  0  0  0  0 21  6 13 13  0 12 12 12 12 12  0  0  0 16  0  0  0  0  0  0  9 12 10 10 12 12  0  0 12  0 19 14 35 42 39 15  0 13 15  7 12 12 10 11 13 14 11 15  0  9 15 12 12 20 19 10  9  8  9 10  7  6  7 14 13 13 14 14 14 11 13  9  8 12 12 12  4 12  8  6 
12 15  0  9  9 12  7 21  4  5  8 44 38  0  0  0  7  0  0  0  0  0  0  0 12 12  0  0  8  4  0 12 12 12  0  9 12 12 12  0 12 12 12 12 12 12  0  0  0 12 12 12 12 12 12 12  0 12 12  8 12  0  0 12 12 12 12 12 12  0 12 12 12 12 12 12 12 12 12 16  9 10 10 12  0  0  0  0  0 12 12 12 16 12 12 12 12 12 12  4  8  5  5  0  0 12 12  0 12 21 13 38 44 42 15 12 10  9  5  0  0  5  8  9 10  8 10 12  7  9  0  0 18 21  8  5  8 10  6  8  9 11 10  8  9 10  9 10  7  9 10  8  0  0  0 11  0  8  9 
12 15  0  9  9 12  7 21  4  5  8 44 38  0  0  0  7  0  0  0  0  0  0  0 12 12  0  0  8  4  0 12 12 12  0  9 12 12 12  0 12 12 12 12 12 12  0  0  0 12 12 12 12 12 12 12  0 12 12  8 12  0  0 12 12 12 12 12 12  0 12 12 12 12 12 12 12 12 12 16  9 10 10 12  0  0  0  0  0 12 12 12 16 12 12 12 12 12 12  4  8  5  5  0  0 12 12  0 12 21 13 38 44 42 15 12 10  9  5  0  0  5  8  9 10  8 10 12  7  9  0  0 18 21  8  5  8 10  6  8  9 11 10  8  9 10  9 10  7  9 10  8  0  0  0 11  0  8  9 
12 15  0  9  9 12  7 21  4  5  8 44 38  0  0  0  7  0  0  0  0  0  0  0 12 12  0  0  8  4  0 12 12 12  0  9 12 12 12  0 12 12 12 12 12 12  0  0  0 12 12 12 12 12 12 12  0 12 12  8 12  0  0 12 12 12 12 12 12  0 12 12 12 12 12 12 12 12 12 16  9 10 10 12  0  0  0  0  0 12 12 12 16 12 12 12 12 12 12  4  8  5  5  0  0 12 12  0 12 21 13 38 44 42 15 12 10  9  5  0  0  5  8  9 10  8 10 12  7  9  0  0 18 21  8  5  8 10  6  8  9 11 10  8  9 10  9 10  7  9 10  8  0  0  0 11  0  8  9 
 0 15 12 15 15 16 11 19  9  9 12 42 35 12 12 12  6 12 12 12 12 12 12 12  0  0 12 12  8  9 12  0  0  0 12  6 12  0  0 12  0  0  0  0  0  0 12 12 12  0  0  0  0  0  0  0 12  0  0 12  0 12 12  0  0  0  0  0  0 12  0  0  0  0  0  0  0  0  0 21  6 13 13  0 12 12 12 12 12  0  0  0 16  0  0  0  0  0  0  9 12 10 10 12 12  0  0 12  0 19 14 35 42 39 15  0 13 15  7 12 12 10 11 13 14 11 15  0  9 15 12 12 20 19 10  9  8  9 10  7  6  7 14 13 13 14 14 14 11 13  9  8 12 12 12  4 12  8  6 
 0 15 12 15 15 16 11 19  9  9 12 42 35 12 12 12  6 12 12 12 12 12 12 12  0  0 12 12  8  9 12  0  0  0 12  6 12  0  0 12  0  0  0  0  0  0 12 12 12  0  0  0  0  0  0  0 12  0  0 12  0 12 12  0  0  0  0  0  0 12  0  0  0  0  0  0  0  0  0 21  6 13 13  0 12 12 12 12 12  0  0  0 16  0  0  0  0  0  0  9 12 10 10 12 12  0  0 12  0 19 14 35 42 39 15  0 13 15  7 12 12 10 11 13 14 11 15  0  9 15 12 12 20 19 10  9  8  9 10  7  6  7 14 13 13 14 14 14 11 13  9  8 12 12 12  4 12  8  6 
 0 15 12 15 15 16 11 19  9  9 12 42 35 12 12 12  6 12 12 12 12 12 12 12  0  0 12 12  8  9 12  0  0  0 12  6 12  0  0 12  0  0  0  0  0  0 12 12 12  0  0  0  0  0  0  0 12  0  0 12  0 12 12  0  0  0  0  0  0 12  0  0  0  0  0  0  0  0  0 21  6 13 13  0 12 12 12 12 12  0  0  0 16  0  0  0  0  0  0  9 12 10 10 12 12  0  0 12  0 19 14 35 42 39 15  0 13 15  7 12 12 10 11 13 14 11 15  0  9 15 12 12 20 19 10  9  8  9 10  7  6  7 14 13 13 14 14 14 11 13  9  8 12 12 12  4 12  8  6 
 0 15 12 15 15 16 11 19  9  9 12 42 35 12 12 12  6 12 12 12 12 12 12 12  0  0 12 12  8  9 12  0  0  0 12  6 12  0  0 12  0  0  0  0  0  0 12 12 12  0  0  0  0  0  0  0 12  0  0 12  0 12 12  0  0  0  0  0  0 12  0  0  0  0  0  0  0  0  0 21  6 13 13  0 12 12 12 12 12  0  0  0 16  0  0  0  0  0  0  9 12 10 10 12 12  0  0 12  0 19 14 35 42 39 15  0 13 15  7 12 12 10 11 13 14 11 15  0  9 15 12 12 20 19 10  9  8  9 10  7  6  7 14 13 13 14 14 14 11 13  9  8 12 12 12  4 12  8  6 
 0 15 12 15 15 16 11 19  9  9 12 42 35 12 12 12  6 12 12 12 12 12 12 12  0  0 12 12  8  9 12  0  0  0 12  6 12  0  0 12  0  0  0  0  0  0 12 12 12  0  0  0  0  0  0  0 12  0  0 12  0 12 12  0  0  0  0  0  0 12  0  0  0  0  0  0  0  0  0 21  6 13 13  0 12 12 12 12 12  0  0  0 16  0  0  0  0  0  0  9 12 10 10 12 12  0  0 12  0 19 14 35 42 39 15  0 13 15  7 12 12 10 11 13 14 11 15  0  9 15 12 12 20 19 10  9  8  9 10  7  6  7 14 13 13 14 14 14 11 13  9  8 12 12 12  4 12  8  6 
 0 15 12 15 15 16 11 19  9  9 12 42 35 12 12 12  6 12 12 12 12 12 12 12  0  0 12 12  8  9 12  0  0  0 12  6 12  0  0 12  0  0  0  0  0  0 12 12 12  0  0  0  0  0  0  0 12  0  0 12  0 12 12  0  0  0  0  0  0 12  0  0  0  0  0  0  0  0  0 21  6 13 13  0 12 12 12 12 12  0  0  0 16  0  0  0  0  0  0  9 12 10 10 12 12  0  0 12  0 19 14 35 42 39 15  0 13 15  7 12 12 10 11 13 14 11 15  0  9 15 12 12 20 19 10  9  8  9 10  7  6  7 14 13 13 14 14 14 11 13  9  8 12 12 12  4 12  8  6 
 0 15 12 15 15 16 11 19  9  9 12 42 35 12 12 12  6 12 12 12 12 12 12 12  0  0 12 12  8  9 12  0  0  0 12  6 12  0  0 12  0  0  0  0  0  0 12 12 12  0  0  0  0  0  0  0 12  0  0 12  0 12 12  0  0  0  0  0  0 12  0  0  0  0  0  0  0  0  0 21  6 13 13  0 12 12 12 12 12  0  0  0 16  0  0  0  0  0  0  9 12 10 10 12 12  0  0 12  0 19 14 35 42 39 15  0 13 15  7 12 12 10 11 13 14 11 15  0  9 15 12 12 20 19 10  9  8  9 10  7  6  7 14 13 13 14 14 14 11 13  9  8 12 12 12  4 12  8  6 
12 15  0  9  9 12  7 21  4  5  8 44 38  0  0  0  7  0  0  0  0  0  0  0 12 12  0  0  8  4  0 12 12 12  0  9 12 12 12  0 12 12 12 12 12 12  0  0  0 12 12 12 12 12 12 12  0 12 12  8 12  0  0 12 12 12 12 12 12  0 12 12 12 12 12 12 12 12 12 16  9 10 10 12  0  0  0  0  0 12 12 12 16 12 12 12 12 12 12  4  8  5  5  0  0 12 12  0 12 21 13 38 44 42 15 12 10  9  5  0  0  5  8  9 10  8 10 12  7  9  0  0 18 21  8  5  8 10  6  8  9 11 10  8  9 10  9 10  7  9 10  8  0  0  0 11  0  8  9 
 0 15 12 15 15 16 11 19  9  9 12 42 35 12 12 12  6 12 12 12 12 12 12 12  0  0 12 12  8  9 12  0  0  0 12  6 12  0  0 12  0  0  0  0  0  0 12 12 12  0  0  0  0  0  0  0 12  0  0 12  0 12 12  0  0  0  0  0  0 12  0  0  0  0  0  0  0  0  0 21  6 13 13  0 12 12 12 12 12  0  0  0 16  0  0  0  0  0  0  9 12 10 10 12 12  0  0 12  0 19 14 35 42 39 15  0 13 15  7 12 12 10 11 13 14 11 15  0  9 15 12 12 20 19 10  9  8  9 10  7  6  7 14 13 13 14 14 14 11 13  9  8 12 12 12  4 12  8  6 
 0 15 12 15 15 16 11 19  9  9 12 42 35 12 12 12  6 12 12 12 12 12 12 12  0  0 12 12  8  9 12  0  0  0 12  6 12  0  0 12  0  0  0  0  0  0 12 12 12  0  0  0  0  0  0  0 12  0  0 12  0 12 12  0  0  0  0  0  0 12  0  0  0  0  0  0  0  0  0 21  6 13 13  0 12 12 12 12 12  0  0  0 16  0  0  0  0  0  0  9 12 10 10 12 12  0  0 12  0 19 14 35 42 39 15  0 13 15  7 12 12 10 11 13 14 11 15  0  9 15 12 12 20 19 10  9  8  9 10  7  6  7 14 13 13 14 14 14 11 13  9  8 12 12 12  4 12  8  6 
12 13  8  7  7  6  3 17  7  5  0 40 36  8  8  8  9  8  8  8  8  8  8  8 12 12  8  8  7  7  8 12 12 12  8 10  8 12 12  8 12 12 12 12 12 12  8  8  8 12 12 12 12 12 12 12  8 12 12  0 12  8  8 12 12 12 12 12 12  8 12 12 12 12 12 12 12 12 12 14 10  7  7 12  8  8  8  8  8 12 12 12 12 12 12 12 12 12 12  7  3  4  4  8  8 12 12  8 12 17 13 36 40 38 13 12  3  5 10  8  8  6  6  7  8  1  8 12  7  7  8  8 15 17  7  5  8  7  4  9  9 11  4  7  7  4  6  5  3  7  7  7  8  8  8 12  8  8 10 
 0 15 12 15 15 16 11 19  9  9 12 42 35 12 12 12  6 12 12 12 12 12 12 12  0  0 12 12  8  9 12  0  0  0 12  6 12  0  0 12  0  0  0  0  0  0 12 12 12  0  0  0  0  0  0  0 12  0  0 12  0 12 12  0  0  0  0  0  0 12  0  0  0  0  0  0  0  0  0 21  6 13 13  0 12 12 12 12 12  0  0  0 16  0  0  0  0  0  0  9 12 10 10 12 12  0  0 12  0 19 14 35 42 39 15  0 13 15  7 12 12 10 11 13 14 11 15  0  9 15 12 12 20 19 10  9  8  9 10  7  6  7 14 13 13 14 14 14 11 13  9  8 12 12 12  4 12  8  6 
12 15  0  9  9 12  7 21  4  5  8 44 38  0  0  0  7  0  0  0  0  0  0  0 12 12  0  0  8  4  0 12 12 12  0  9 12 12 12  0 12 12 12 12 12 12  0  0  0 12 12 12 12 12 12 12  0 12 12  8 12  0  0 12 12 12 12 12 12  0 12 12 12 12 12 12 12 12 12 16  9 10 10 12  0  0  0  0  0 12 12 12 16 12 12 12 12 12 12  4  8  5  5  0  0 12 12  0 12 21 13 38 44 42 15 12 10  9  5  0  0  5  8  9 10  8 10 12  7  9  0  0 18 21  8  5  8 10  6  8  9 11 10  8  9 10  9 10  7  9 10  8  0  0  0 11  0  8  9 
12 15  0  9  9 12  7 21  4  5  8 44 38  0  0  0  7  0  0  0  0  0  0  0 12 12  0  0  8  4  0 12 12 12  0  9 12 12 12  0 12 12 12 12 12 12  0  0  0 12 12 12 12 12 12 12  0 12 12  8 12  0  0 12 12 12 12 12 12  0 12 12 12 12 12 12 12 12 12 16  9 10 10 12  0  0  0  0  0 12 12 12 16 12 12 12 12 12 12  4  8  5  5  0  0 12 12  0 12 21 13 38 44 42 15 12 10  9  5  0  0  5  8  9 10  8 10 12  7  9  0  0 18 21  8  5  8 10  6  8  9 11 10  8  9 10  9 10  7  9 10  8  0  0  0 11  0  8  9 
 0 15 12 15 15 16 11 19  9  9 12 42 35 12 12 12  6 12 12 12 12 12 12 12  0  0 12 12  8  9 12  0  0  0 12  6 12  0  0 12  0  0  0  0  0  0 12 12 12  0  0  0  0  0  0  0 12  0  0 12  0 12 12  0  0  0  0  0  0 12  0  0  0  0  0  0  0  0  0 21  6 13 13  0 12 12 12 12 12  0  0  0 16  0  0  0  0  0  0  9 12 10 10 12 12  0  0 12  0 19 14 35 42 39 15  0 13 15  7 12 12 10 11 13 14 11 15  0  9 15 12 12 20 19 10  9  8  9 10  7  6  7 14 13 13 14 14 14 11 13  9  8 12 12 12  4 12  8  6 
 0 15 12 15 15 16 11 19  9  9 12 42 35 12 12 12  6 12 12 12 12 12 12 12  0  0 12 12  8  9 12  0  0  0 12  6 12  0  0 12  0  0  0  0  0  0 12 12 12  0  0  0  0  0  0  0 12  0  0 12  0 12 12  0  0  0  0  0  0 12  0  0  0  0  0  0  0  0  0 21  6 13 13  0 12 12 12 12 12  0  0  0 16  0  0  0  0  0  0  9 12 10 10 12 12  0  0 12  0 19 14 35 42 39 15  0 13 15  7 12 12 10 11 13 14 11 15  0  9 15 12 12 20 19 10  9  8  9 10  7  6  7 14 13 13 14 14 14 11 13  9  8 12 12 12  4 12  8  6 
 0 15 12 15 15 16 11 19  9  9 12 42 35 12 12 12  6 12 12 12 12 12 12 12  0  0 12 12  8  9 12  0  0  0 12  6 12  0  0 12  0  0  0  0  0  0 12 12 12  0  0  0  0  0  0  0 12  0  0 12  0 12 12  0  0  0  0  0  0 12  0  0  0  0  0  0  0  0  0 21  6 13 13  0 12 12 12 12 12  0  0  0 16  0  0  0  0  0  0  9 12 10 10 12 12  0  0 12  0 19 14 35 42 39 15  0 13 15  7 12 12 10 11 13 14 11 15  0  9 15 12 12 20 19 10  9  8  9 10  7  6  7 14 13 13 14 14 14 11 13  9  8 12 12 12  4 12  8  6 
 0 15 12 15 15 16 11 19  9  9 12 42 35 12 12 12  6 12 12 12 12 12 12 12  0  0 12 12  8  9 12  0  0  0 12  6 12  0  0 12  0  0  0  0  0  0 12 12 12  0  0  0  0  0  0  0 12  0  0 12  0 12 12  0  0  0  0  0  0 12  0  0  0  0  0  0  0  0  0 21  6 13 13  0 12 12 12 12 12  0  0  0 16  0  0  0  0  0  0  9 12 10 10 12 12  0  0 12  0 19 14 35 42 39 15  0 13 15  7 12 12 10 11 13 14 11 15  0  9 15 12 12 20 19 10  9  8  9 10  7  6  7 14 13 13 14 14 14 11 13  9  8 12 12 12  4 12  8  6 
 0 15 12 15 15 16 11 19  9  9 12 42 35 12 12 12  6 12 12 12 12 12 12 12  0  0 12 12  8  9 12  0  0  0 12  6 12  0  0 12  0  0  0  0  0  0 12 12 12  0  0  0  0  0  0  0 12  0  0 12  0 12 12  0  0  0  0  0  0 12  0  0  0  0  0  0  0  0  0 21  6 13 13  0 12 12 12 12 12  0  0  0 16  0  0  0  0  0  0  9 12 10 10 12 12  0  0 12  0 19 14 35 42 39 15  0 13 15  7 12 12 10 11 13 14 11 15  0  9 15 12 12 20 19 10  9  8  9 10  7  6  7 14 13 13 14 14 14 11 13  9  8 12 12 12  4 12  8  6 
 0 15 12 15 15 16 11 19  9  9 12 42 35 12 12 12  6 12 12 12 12 12 12 12  0  0 12 12  8  9 12  0  0  0 12  6 12  0  0 12  0  0  0  0  0  0 12 12 12  0  0  0  0  0  0  0 12  0  0 12  0 12 12  0  0  0  0  0  0 12  0  0  0  0  0  0  0  0  0 21  6 13 13  0 12 12 12 12 12  0  0  0 16  0  0  0  0  0  0  9 12 10 10 12 12  0  0 12  0 19 14 35 42 39 15  0 13 15  7 12 12 10 11 13 14 11 15  0  9 15 12 12 20 19 10  9  8  9 10  7  6  7 14 13 13 14 14 14 11 13  9  8 12 12 12  4 12  8  6 
12 15  0  9  9 12  7 21  4  5  8 44 38  0  0  0  7  0  0  0  0  0  0  0 12 12  0  0  8  4  0 12 12 12  0  9 12 12 12  0 12 12 12 12 12 12  0  0  0 12 12 12 12 12 12 12  0 12 12  8 12  0  0 12 12 12 12 12 12  0 12 12 12 12 12 12 12 12 12 16  9 10 10 12  0  0  0  0  0 12 12 12 16 12 12 12 12 12 12  4  8  5  5  0  0 12 12  0 12 21 13 38 44 42 15 12 10  9  5  0  0  5  8  9 10  8 10 12  7  9  0  0 18 21  8  5  8 10  6  8  9 11 10  8  9 10  9 10  7  9 10  8  0  0  0 11  0  8  9 
 0 15 12 15 15 16 11 19  9  9 12 42 35 12 12 12  6 12 12 12 12 12 12 12  0  0 12 12  8  9 12  0  0  0 12  6 12  0  0 12  0  0  0  0  0  0 12 12 12  0  0  0  0  0  0  0 12  0  0 12  0 12 12  0  0  0  0  0  0 12  0  0  0  0  0  0  0  0  0 21  6 13 13  0 12 12 12 12 12  0  0  0 16  0  0  0  0  0  0  9 12 10 10 12 12  0  0 12  0 19 14 35 42 39 15  0 13 15  7 12 12 10 11 13 14 11 15  0  9 15 12 12 20 19 10  9  8  9 10  7  6  7 14 13 13 14 14 14 11 13  9  8 12 12 12  4 12  8  6 
 0 15 12 15 15 16 11 19  9  9 12 42 35 12 12 12  6 12 12 12 12 12 12 12  0  0 12 12  8  9 12  0  0  0 12  6 12  0  0 12  0  0  0  0  0  0 12 12 12  0  0  0  0  0  0  0 12  0  0 12  0 12 12  0  0  0  0  0  0 12  0  0  0  0  0  0  0  0  0 21  6 13 13  0 12 12 12 12 12  0  0  0 16  0  0  0  0  0  0  9 12 10 10 12 12  0  0 12  0 19 14 35 42 39 15  0 13 15  7 12 12 10 11 13 14 11 15  0  9 15 12 12 20 19 10  9  8  9 10  7  6  7 14 13 13 14 14 14 11 13  9  8 12 12 12  4 12  8  6 
 0 15 12 15 15 16 11 19  9  9 12 42 35 12 12 12  6 12 12 12 12 12 12 12  0  0 12 12  8  9 12  0  0  0 12  6 12  0  0 12  0  0  0  0  0  0 12 12 12  0  0  0  0  0  0  0 12  0  0 12  0 12 12  0  0  0  0  0  0 12  0  0  0  0  0  0  0  0  0 21  6 13 13  0 12 12 12 12 12  0  0  0 16  0  0  0  0  0  0  9 12 10 10 12 12  0  0 12  0 19 14 35 42 39 15  0 13 15  7 12 12 10 11 13 14 11 15  0  9 15 12 12 20 19 10  9  8  9 10  7  6  7 14 13 13 14 14 14 11 13  9  8 12 12 12  4 12  8  6 
 0 15 12 15 15 16 11 19  9  9 12 42 35 12 12 12  6 12 12 12 12 12 12 12  0  0 12 12  8  9 12  0  0  0 12  6 12  0  0 12  0  0  0  0  0  0 12 12 12  0  0  0  0  0  0  0 12  0  0 12  0 12 12  0  0  0  0  0  0 12  0  0  0  0  0  0  0  0  0 21  6 13 13  0 12 12 12 12 12  0  0  0 16  0  0  0  0  0  0  9 12 10 10 12 12  0  0 12  0 19 14 35 42 39 15  0 13 15  7 12 12 10 11 13 14 11 15  0  9 15 12 12 20 19 10  9  8  9 10  7  6  7 14 13 13 14 14 14 11 13  9  8 12 12 12  4 12  8  6 
 0 15 12 15 15 16 11 19  9  9 12 42 35 12 12 12  6 12 12 12 12 12 12 12  0  0 12 12  8  9 12  0  0  0 12  6 12  0  0 12  0  0  0  0  0  0 12 12 12  0  0  0  0  0  0  0 12  0  0 12  0 12 12  0  0  0  0  0  0 12  0  0  0  0  0  0  0  0  0 21  6 13 13  0 12 12 12 12 12  0  0  0 16  0  0  0  0  0  0  9 12 10 10 12 12  0  0 12  0 19 14 35 42 39 15  0 13 15  7 12 12 10 11 13 14 11 15  0  9 15 12 12 20 19 10  9  8  9 10  7  6  7 14 13 13 14 14 14 11 13  9  8 12 12 12  4 12  8  6 
 0 15 12 15 15 16 11 19  9  9 12 42 35 12 12 12  6 12 12 12 12 12 12 12  0  0 12 12  8  9 12  0  0  0 12  6 12  0  0 12  0  0  0  0  0  0 12 12 12  0  0  0  0  0  0  0 12  0  0 12  0 12 12  0  0  0  0  0  0 12  0  0  0  0  0  0  0  0  0 21  6 13 13  0 12 12 12 12 12  0  0  0 16  0  0  0  0  0  0  9 12 10 10 12 12  0  0 12  0 19 14 35 42 39 15  0 13 15  7 12 12 10 11 13 14 11 15  0  9 15 12 12 20 19 10  9  8  9 10  7  6  7 14 13 13 14 14 14 11 13  9  8 12 12 12  4 12  8  6 
 0 15 12 15 15 16 11 19  9  9 12 42 35 12 12 12  6 12 12 12 12 12 12 12  0  0 12 12  8  9 12  0  0  0 12  6 12  0  0 12  0  0  0  0  0  0 12 12 12  0  0  0  0  0  0  0 12  0  0 12  0 12 12  0  0  0  0  0  0 12  0  0  0  0  0  0  0  0  0 21  6 13 13  0 12 12 12 12 12  0  0  0 16  0  0  0  0  0  0  9 12 10 10 12 12  0  0 12  0 19 14 35 42 39 15  0 13 15  7 12 12 10 11 13 14 11 15  0  9 15 12 12 20 19 10  9  8  9 10  7  6  7 14 13 13 14 14 14 11 13  9  8 12 12 12  4 12  8  6 
 0 15 12 15 15 16 11 19  9  9 12 42 35 12 12 12  6 12 12 12 12 12 12 12  0  0 12 12  8  9 12  0  0  0 12  6 12  0  0 12  0  0  0  0  0  0 12 12 12  0  0  0  0  0  0  0 12  0  0 12  0 12 12  0  0  0  0  0  0 12  0  0  0  0  0  0  0  0  0 21  6 13 13  0 12 12 12 12 12  0  0  0 16  0  0  0  0  0  0  9 12 10 10 12 12  0  0 12  0 19 14 35 42 39 15  0 13 15  7 12 12 10 11 13 14 11 15  0  9 15 12 12 20 19 10  9  8  9 10  7  6  7 14 13 13 14 14 14 11 13  9  8 12 12 12  4 12  8  6 
 0 15 12 15 15 16 11 19  9  9 12 42 35 12 12 12  6 12 12 12 12 12 12 12  0  0 12 12  8  9 12  0  0  0 12  6 12  0  0 12  0  0  0  0  0  0 12 12 12  0  0  0  0  0  0  0 12  0  0 12  0 12 12  0  0  0  0  0  0 12  0  0  0  0  0  0  0  0  0 21  6 13 13  0 12 12 12 12 12  0  0  0 16  0  0  0  0  0  0  9 12 10 10 12 12  0  0 12  0 19 14 35 42 39 15  0 13 15  7 12 12 10 11 13 14 11 15  0  9 15 12 12 20 19 10  9  8  9 10  7  6  7 14 13 13 14 14 14 11 13  9  8 12 12 12  4 12  8  6 
21 11 16 12 12 13 14 16 17 15 14 38 34 16 16 16 17 16 16 16 16 16 16 16 21 21 16 16 19 17 16 21 21 21 16 17 15 21 21 16 21 21 21 21 21 21 16 16 16 21 21 21 21 21 21 21 16 21 21 14 21 16 16 21 21 21 21 21 21 16 21 21 21 21 21 21 21 21 21  0 17 13 13 21 16 16 16 16 16 21 21 21 20 21 21 21 21 21 21 17 15 16 16 16 16 21 21 16 21 16 19 34 38 37 11 21 13 10 19 16 16 12 17 12 13 13 14 21 16 12 16 16 18 16 18 15 17 19 15 15 15 19 11 12 13 11 11 12 14 12 19 19 16 16 16 20 16 18 17 
 6 16  9 13 13 14 11 20  5  8 10 42 38  9  9  9  6  9  9  9  9  9  9  9  6  6  9  9  7  5  9  6  6  6  9  0 14  6  6  9  6  6  6  6  6  6  9  9  9  6  6  6  6  6  6  6  9  6  6 10  6  9  9  6  6  6  6  6  6  9  6  6  6  6  6  6  6  6  6 17  0 14 14  6  9  9  9  9  9  6  6  6 15  6  6  6  6  6  6  5 11  6  6  9  9  6  6  9  6 20 14 38 42 42 16  6 11 12  7  9  9  6 10 14 14 11 15  6  7 13  9  9 19 20  8  8  8  9 11  6  5  7 12 13 14 12 13 12 11 14  9  7  9  9  9  6  9  6  0 
13 13 10  2  2  7  6 19 10  8  7 42 36 10 10 10 11 10 10 10 10 10 10 10 13 13 10 10  9 10 10 13 13 13 10 14  4 13 13 10 13 13 13 13 13 13 10 10 10 13 13 13 13 13 13 13 10 13 13  7 13 10 10 13 13 13 13 13 13 10 13 13 13 13 13 13 13 13 13 13 14  0  0 13 10 10 10 10 10 13 13 13 10 13 13 13 13 13 13 10  8  8  8 10 10 13 13 10 13 19 14 36 42 40 13 13  6  5 11 10 10 10  6  4  4  7  4 13  9  2 10 10 16 19  9  8 10 10  6 11 12 12  5  4  3  5  4  3  6  4 10  9 10 10 10 13 10  9 14 
13 13 10  2  2  7  6 19 10  8  7 42 36 10 10 10 11 10 10 10 10 10 10 10 13 13 10 10  9 10 10 13 13 13 10 14  4 13 13 10 13 13 13 13 13 13 10 10 10 13 13 13 13 13 13 13 10 13 13  7 13 10 10 13 13 13 13 13 13 10 13 13 13 13 13 13 13 13 13 13 14  0  0 13 10 10 10 10 10 13 13 13 10 13 13 13 13 13 13 10  8  8  8 10 10 13 13 10 13 19 14 36 42 40 13 13  6  5 11 10 10 10  6  4  4  7  4 13  9  2 10 10 16 19  9  8 10 10  6 11 12 12  5  4  3  5  4  3  6  4 10  9 10 10 10 13 10  9 14 
 0 15 12 15 15 16 11 19  9  9 12 42 35 12 12 12  6 12 12 12 12 12 12 12  0  0 12 12  8  9 12  0  0  0 12  6 12  0  0 12  0  0  0  0  0  0 12 12 12  0  0  0  0  0  0  0 12  0  0 12  0 12 12  0  0  0  0  0  0 12  0  0  0  0  0  0  0  0  0 21  6 13 13  0 12 12 12 12 12  0  0  0 16  0  0  0  0  0  0  9 12 10 10 12 12  0  0 12  0 19 14 35 42 39 15  0 13 15  7 12 12 10 11 13 14 11 15  0  9 15 12 12 20 19 10  9  8  9 10  7  6  7 14 13 13 14 14 14 11 13  9  8 12 12 12  4 12  8  6 
12 15  0  9  9 12  7 21  4  5  8 44 38  0  0  0  7  0  0  0  0  0  0  0 12 12  0  0  8  4  0 12 12 12  0  9 12 12 12  0 12 12 12 12 12 12  0  0  0 12 12 12 12 12 12 12  0 12 12  8 12  0  0 12 12 12 12 12 12  0 12 12 12 12 12 12 12 12 12 16  9 10 10 12  0  0  0  0  0 12 12 12 16 12 12 12 12 12 12  4  8  5  5  0  0 12 12  0 12 21 13 38 44 42 15 12 10  9  5  0  0  5  8  9 10  8 10 12  7  9  0  0 18 21  8  5  8 10  6  8  9 11 10  8  9 10  9 10  7  9 10  8  0  0  0 11  0  8  9 
12 15  0  9  9 12  7 21  4  5  8 44 38  0  0  0  7  0  0  0  0  0  0  0 12 12  0  0  8  4  0 12 12 12  0  9 12 12 12  0 12 12 12 12 12 12  0  0  0 12 12 12 12 12 12 12  0 12 12  8 12  0  0 12 12 12 12 12 12  0 12 12 12 12 12 12 12 12 12 16  9 10 10 12  0  0  0  0  0 12 12 12 16 12 12 12 12 12 12  4  8  5  5  0  0 12 12  0 12 21 13 38 44 42 15 12 10  9  5  0  0  5  8  9 10  8 10 12  7  9  0  0 18 21  8  5  8 10  6  8  9 11 10  8  9 10  9 10  7  9 10  8  0  0  0 11  0  8  9 
12 15  0  9  9 12  7 21  4  5  8 44 38  0  0  0  7  0  0  0  0  0  0  0 12 12  0  0  8  4  0 12 12 12  0  9 12 12 12  0 12 12 12 12 12 12  0  0  0 12 12 12 12 12 12 12  0 12 12  8 12  0  0 12 12 12 12 12 12  0 12 12 12 12 12 12 12 12 12 16  9 10 10 12  0  0  0  0  0 12 12 12 16 12 12 12 12 12 12  4  8  5  5  0  0 12 12  0 12 21 13 38 44 42 15 12 10  9  5  0  0  5  8  9 10  8 10 12  7  9  0  0 18 21  8  5  8 10  6  8  9 11 10  8  9 10  9 10  7  9 10  8  0  0  0 11  0  8  9 
12 15  0  9  9 12  7 21  4  5  8 44 38  0  0  0  7  0  0  0  0  0  0  0 12 12  0  0  8  4  0 12 12 12  0  9 12 12 12  0 12 12 12 12 12 12  0  0  0 12 12 12 12 12 12 12  0 12 12  8 12  0  0 12 12 12 12 12 12  0 12 12 12 12 12 12 12 12 12 16  9 10 10 12  0  0  0  0  0 12 12 12 16 12 12 12 12 12 12  4  8  5  5  0  0 12 12  0 12 21 13 38 44 42 15 12 10  9  5  0  0  5  8  9 10  8 10 12  7  9  0  0 18 21  8  5  8 10  6  8  9 11 10  8  9 10  9 10  7  9 10  8  0  0  0 11  0  8  9 
12 15  0  9  9 12  7 21  4  5  8 44 38  0  0  0  7  0  0  0  0  0  0  0 12 12  0  0  8  4  0 12 12 12  0  9 12 12 12  0 12 12 12 12 12 12  0  0  0 12 12 12 12 12 12 12  0 12 12  8 12  0  0 12 12 12 12 12 12  0 12 12 12 12 12 12 12 12 12 16  9 10 10 12  0  0  0  0  0 12 12 12 16 12 12 12 12 12 12  4  8  5  5  0  0 12 12  0 12 21 13 38 44 42 15 12 10  9  5  0  0  5  8  9 10  8 10 12  7  9  0  0 18 21  8  5  8 10  6  8  9 11 10  8  9 10  9 10  7  9 10  8  0  0  0 11  0  8  9 
 0 15 12 15 15 16 11 19  9  9 12 42 35 12 12 12  6 12 12 12 12 12 12 12  0  0 12 12  8  9 12  0  0  0 12  6 12  0  0 12  0  0  0  0  0  0 12 12 12  0  0  0  0  0  0  0 12  0  0 12  0 12 12  0  0  0  0  0  0 12  0  0  0  0  0  0  0  0  0 21  6 13 13  0 12 12 12 12 12  0  0  0 16  0  0  0  0  0  0  9 12 10 10 12 12  0  0 12  0 19 14 35 42 39 15  0 13 15  7 12 12 10 11 13 14 11 15  0  9 15 12 12 20 19 10  9  8  9 10  7  6  7 14 13 13 14 14 14 11 13  9  8 12 12 12  4 12  8  6 
 0 15 12 15 15 16 11 19  9  9 12 42 35 12 12 12  6 12 12 12 12 12 12 12  0  0 12 12  8  9 12  0  0  0 12  6 12  0  0 12  0  0  0  0  0  0 12 12 12  0  0  0  0  0  0  0 12  0  0 12  0 12 12  0  0  0  0  0  0 12  0  0  0  0  0  0  0  0  0 21  6 13 13  0 12 12 12 12 12  0  0  0 16  0  0  0  0  0  0  9 12 10 10 12 12  0  0 12  0 19 14 35 42 39 15  0 13 15  7 12 12 10 11 13 14 11 15  0  9 15 12 12 20 19 10  9  8  9 10  7  6  7 14 13 13 14 14 14 11 13  9  8 12 12 12  4 12  8  6 
 0 15 12 15 15 16 11 19  9  9 12 42 35 12 12 12  6 12 12 12 12 12 12 12  0  0 12 12  8  9 12  0  0  0 12  6 12  0  0 12  0  0  0  0  0  0 12 12 12  0  0  0  0  0  0  0 12  0  0 12  0 12 12  0  0  0  0  0  0 12  0  0  0  0  0  0  0  0  0 21  6 13 13  0 12 12 12 12 12  0  0  0 16  0  0  0  0  0  0  9 12 10 10 12 12  0  0 12  0 19 14 35 42 39 15  0 13 15  7 12 12 10 11 13 14 11 15  0  9 15 12 12 20 19 10  9  8  9 10  7  6  7 14 13 13 14 14 14 11 13  9  8 12 12 12  4 12  8  6 
16 20 16 10 10 15 13 23 15 13 12 49 41 16 16 16 16 16 16 16 16 16 16 16 16 16 16 16 12 15 16 16 16 16 16 15  6 16 16 16 16 16 16 16 16 16 16 16 16 16 16 16 16 16 16 16 16 16 16 12 16 16 16 16 16 16 16 16 16 16 16 16 16 16 16 16 16 16 16 20 15 10 10 16 16 16 16 16 16 16 16 16  0 16 16 16 16 16 16 15 15 13 13 16 16 16 16 16 16 23 19 41 49 45 20 16 13 12 16 16 16 15 13 11 11 13 12 16 15 10 16 16 22 23 14 13 13 13 14 15 14 15 11 11 11 11 11 10 13 11 13 12 16 16 16 15 16 12 15 
 0 15 12 15 15 16 11 19  9  9 12 42 35 12 12 12  6 12 12 12 12 12 12 12  0  0 12 12  8  9 12  0  0  0 12  6 12  0  0 12  0  0  0  0  0  0 12 12 12  0  0  0  0  0  0  0 12  0  0 12  0 12 12  0  0  0  0  0  0 12  0  0  0  0  0  0  0  0  0 21  6 13 13  0 12 12 12 12 12  0  0  0 16  0  0  0  0  0  0  9 12 10 10 12 12  0  0 12  0 19 14 35 42 39 15  0 13 15  7 12 12 10 11 13 14 11 15  0  9 15 12 12 20 19 10  9  8  9 10  7  6  7 14 13 13 14 14 14 11 13  9  8 12 12 12  4 12  8  6 
 0 15 12 15 15 16 11 19  9  9 12 42 35 12 12 12  6 12 12 12 12 12 12 12  0  0 12 12  8  9 12  0  0  0 12  6 12  0  0 12  0  0  0  0  0  0 12 12 12  0  0  0  0  0  0  0 12  0  0 12  0 12 12  0  0  0  0  0  0 12  0  0  0  0  0  0  0  0  0 21  6 13 13  0 12 12 12 12 12  0  0  0 16  0  0  0  0  0  0  9 12 10 10 12 12  0  0 12  0 19 14 35 42 39 15  0 13 15  7 12 12 10 11 13 14 11 15  0  9 15 12 12 20 19 10  9  8  9 10  7  6  7 14 13 13 14 14 14 11 13  9  8 12 12 12  4 12  8  6 
 0 15 12 15 15 16 11 19  9  9 12 42 35 12 12 12  6 12 12 12 12 12 12 12  0  0 12 12  8  9 12  0  0  0 12  6 12  0  0 12  0  0  0  0  0  0 12 12 12  0  0  0  0  0  0  0 12  0  0 12  0 12 12  0  0  0  0  0  0 12  0  0  0  0  0  0  0  0  0 21  6 13 13  0 12 12 12 12 12  0  0  0 16  0  0  0  0  0  0  9 12 10 10 12 12  0  0 12  0 19 14 35 42 39 15  0 13 15  7 12 12 10 11 13 14 11 15  0  9 15 12 12 20 19 10  9  8  9 10  7  6  7 14 13 13 14 14 14 11 13  9  8 12 12 12  4 12  8  6 
 0 15 12 15 15 16 11 19  9  9 12 42 35 12 12 12  6 12 12 12 12 12 12 12  0  0 12 12  8  9 12  0  0  0 12  6 12  0  0 12  0  0  0  0  0  0 12 12 12  0  0  0  0  0  0  0 12  0  0 12  0 12 12  0  0  0  0  0  0 12  0  0  0  0  0  0  0  0  0 21  6 13 13  0 12 12 12 12 12  0  0  0 16  0  0  0  0  0  0  9 12 10 10 12 12  0  0 12  0 19 14 35 42 39 15  0 13 15  7 12 12 10 11 13 14 11 15  0  9 15 12 12 20 19 10  9  8  9 10  7  6  7 14 13 13 14 14 14 11 13  9  8 12 12 12  4 12  8  6 
 0 15 12 15 15 16 11 19  9  9 12 42 35 12 12 12  6 12 12 12 12 12 12 12  0  0 12 12  8  9 12  0  0  0 12  6 12  0  0 12  0  0  0  0  0  0 12 12 12  0  0  0  0  0  0  0 12  0  0 12  0 12 12  0  0  0  0  0  0 12  0  0  0  0  0  0  0  0  0 21  6 13 13  0 12 12 12 12 12  0  0  0 16  0  0  0  0  0  0  9 12 10 10 12 12  0  0 12  0 19 14 35 42 39 15  0 13 15  7 12 12 10 11 13 14 11 15  0  9 15 12 12 20 19 10  9  8  9 10  7  6  7 14 13 13 14 14 14 11 13  9  8 12 12 12  4 12  8  6 
 0 15 12 15 15 16 11 19  9  9 12 42 35 12 12 12  6 12 12 12 12 12 12 12  0  0 12 12  8  9 12  0  0  0 12  6 12  0  0 12  0  0  0  0  0  0 12 12 12  0  0  0  0  0  0  0 12  0  0 12  0 12 12  0  0  0  0  0  0 12  0  0  0  0  0  0  0  0  0 21  6 13 13  0 12 12 12 12 12  0  0  0 16  0  0  0  0  0  0  9 12 10 10 12 12  0  0 12  0 19 14 35 42 39 15  0 13 15  7 12 12 10 11 13 14 11 15  0  9 15 12 12 20 19 10  9  8  9 10  7  6  7 14 13 13 14 14 14 11 13  9  8 12 12 12  4 12  8  6 
 9 11  4  9  9  9  6 17  0  3  7 40 35  4  4  4  5  4  4  4  4  4  4  4  9  9  4  4  8  0  4  9  9  9  4  5  9  9  9  4  9  9  9  9  9  9  4  4  4  9  9  9  9  9  9  9  4  9  9  7  9  4  4  9  9  9  9  9  9  4  9  9  9  9  9  9  9  9  9 17  5 10 10  9  4  4  4  4  4  9  9  9 15  9  9  9  9  9  9  0  6  6  6  4  4  9  9  4  9 17  9 35 40 39 11  9  9  9  7  4  4  7  6  9 10  7 11  9  5  9  4  4 14 17  8  3  6  8  6  4  5  7  9  9  9  9  8  7  6  9  8  8  4  4  4  9  4  8  5 
12 13  8  7  7  7  3 18  6  3  3 40 35  8  8  8 10  8  8  8  8  8  8  8 12 12  8  8  8  6  8 12 12 12  8 11  9 12 12  8 12 12 12 12 12 12  8  8  8 12 12 12 12 12 12 12  8 12 12  3 12  8  8 12 12 12 12 12 12  8 12 12 12 12 12 12 12 12 12 15 11  8  8 12  8  8  8  8  8 12 12 12 15 12 12 12 12 12 12  6  0  6  6  8  8 12 12  8 12 18 14 35 40 39 13 12  4  6 10  8  8  7  6  7  7  4  8 12  7  7  8  8 15 18  8  3  7  9  4 10 11 10  4  6  8  4  7  6  3  7  9  8  8  8  8 12  8  8 11 
10 15  5  7  7  9  5 20  6  3  4 42 38  5  5  5  6  5  5  5  5  5  5  5 10 10  5  5  6  6  5 10 10 10  5  6  8 10 10  5 10 10 10 10 10 10  5  5  5 10 10 10 10 10 10 10  5 10 10  4 10  5  5 10 10 10 10 10 10  5 10 10 10 10 10 10 10 10 10 16  6  8  8 10  5  5  5  5  5 10 10 10 13 10 10 10 10 10 10  6  6  0  0  5  5 10 10  5 10 20 14 38 42 40 15 10  7  8  7  5  5  5  4  8  8  5  9 10  4  7  5  5 19 20  4  3  6  6  5  5  5  8  7  7  8  7  7  6  5  8  6  5  5  5  5  8  5  5  6 
10 15  5  7  7  9  5 20  6  3  4 42 38  5  5  5  6  5  5  5  5  5  5  5 10 10  5  5  6  6  5 10 10 10  5  6  8 10 10  5 10 10 10 10 10 10  5  5  5 10 10 10 10 10 10 10  5 10 10  4 10  5  5 10 10 10 10 10 10  5 10 10 10 10 10 10 10 10 10 16  6  8  8 10  5  5  5  5  5 10 10 10 13 10 10 10 10 10 10  6  6  0  0  5  5 10 10  5 10 20 14 38 42 40 15 10  7  8  7  5  5  5  4  8  8  5  9 10  4  7  5  5 19 20  4  3  6  6  5  5  5  8  7  7  8  7  7  6  5  8  6  5  5  5  5  8  5  5  6 
12 15  0  9  9 12  7 21  4  5  8 44 38  0  0  0  7  0  0  0  0  0  0  0 12 12  0  0  8  4  0 12 12 12  0  9 12 12 12  0 12 12 12 12 12 12  0  0  0 12 12 12 12 12 12 12  0 12 12  8 12  0  0 12 12 12 12 12 12  0 12 12 12 12 12 12 12 12 12 16  9 10 10 12  0  0  0  0  0 12 12 12 16 12 12 12 12 12 12  4  8  5  5  0  0 12 12  0 12 21 13 38 44 42 15 12 10  9  5  0  0  5  8  9 10  8 10 12  7  9  0  0 18 21  8  5  8 10  6  8  9 11 10  8  9 10  9 10  7  9 10  8  0  0  0 11  0  8  9 
12 15  0  9  9 12  7 21  4  5  8 44 38  0  0  0  7  0  0  0  0  0  0  0 12 12  0  0  8  4  0 12 12 12  0  9 12 12 12  0 12 12 12 12 12 12  0  0  0 12 12 12 12 12 12 12  0 12 12  8 12  0  0 12 12 12 12 12 12  0 12 12 12 12 12 12 12 12 12 16  9 10 10 12  0  0  0  0  0 12 12 12 16 12 12 12 12 12 12  4  8  5  5  0  0 12 12  0 12 21 13 38 44 42 15 12 10  9  5  0  0  5  8  9 10  8 10 12  7  9  0  0 18 21  8  5  8 10  6  8  9 11 10  8  9 10  9 10  7  9 10  8  0  0  0 11  0  8  9 
 0 15 12 15 15 16 11 19  9  9 12 42 35 12 12 12  6 12 12 12 12 12 12 12  0  0 12 12  8  9 12  0  0  0 12  6 12  0  0 12  0  0  0  0  0  0 12 12 12  0  0  0  0  0  0  0 12  0  0 12  0 12 12  0  0  0  0  0  0 12  0  0  0  0  0  0  0  0  0 21  6 13 13  0 12 12 12 12 12  0  0  0 16  0  0  0  0  0  0  9 12 10 10 12 12  0  0 12  0 19 14 35 42 39 15  0 13 15  7 12 12 10 11 13 14 11 15  0  9 15 12 12 20 19 10  9  8  9 10  7  6  7 14 13 13 14 14 14 11 13  9  8 12 12 12  4 12  8  6 
 0 15 12 15 15 16 11 19  9  9 12 42 35 12 12 12  6 12 12 12 12 12 12 12  0  0 12 12  8  9 12  0  0  0 12  6 12  0  0 12  0  0  0  0  0  0 12 12 12  0  0  0  0  0  0  0 12  0  0 12  0 12 12  0  0  0  0  0  0 12  0  0  0  0  0  0  0  0  0 21  6 13 13  0 12 12 12 12 12  0  0  0 16  0  0  0  0  0  0  9 12 10 10 12 12  0  0 12  0 19 14 35 42 39 15  0 13 15  7 12 12 10 11 13 14 11 15  0  9 15 12 12 20 19 10  9  8  9 10  7  6  7 14 13 13 14 14 14 11 13  9  8 12 12 12  4 12  8  6 
12 15  0  9  9 12  7 21  4  5  8 44 38  0  0  0  7  0  0  0  0  0  0  0 12 12  0  0  8  4  0 12 12 12  0  9 12 12 12  0 12 12 12 12 12 12  0  0  0 12 12 12 12 12 12 12  0 12 12  8 12  0  0 12 12 12 12 12 12  0 12 12 12 12 12 12 12 12 12 16  9 10 10 12  0  0  0  0  0 12 12 12 16 12 12 12 12 12 12  4  8  5  5  0  0 12 12  0 12 21 13 38 44 42 15 12 10  9  5  0  0  5  8  9 10  8 10 12  7  9  0  0 18 21  8  5  8 10  6  8  9 11 10  8  9 10  9 10  7  9 10  8  0  0  0 11  0  8  9 
 0 15 12 15 15 16 11 19  9  9 12 42 35 12 12 12  6 12 12 12 12 12 12 12  0  0 12 12  8  9 12  0  0  0 12  6 12  0  0 12  0  0  0  0  0  0 12 12 12  0  0  0  0  0  0  0 12  0  0 12  0 12 12  0  0  0  0  0  0 12  0  0  0  0  0  0  0  0  0 21  6 13 13  0 12 12 12 12 12  0  0  0 16  0  0  0  0  0  0  9 12 10 10 12 12  0  0 12  0 19 14 35 42 39 15  0 13 15  7 12 12 10 11 13 14 11 15  0  9 15 12 12 20 19 10  9  8  9 10  7  6  7 14 13 13 14 14 14 11 13  9  8 12 12 12  4 12  8  6 
19 18 21 18 18 17 16  0 17 20 17 30 22 21 21 21 18 21 21 21 21 21 21 21 19 19 21 21 19 17 21 19 19 19 21 20 20 19 19 21 19 19 19 19 19 19 21 21 21 19 19 19 19 19 19 19 21 19 19 17 19 21 21 19 19 19 19 19 19 21 19 19 19 19 19 19 19 19 19 16 20 19 19 19 21 21 21 21 21 19 19 19 23 19 19 19 19 19 19 17 18 20 20 21 21 19 19 21 19  0 13 22 30 26 18 19 17 17 17 21 21 19 20 17 19 17 20 19 18 18 21 21  8  0 20 20 19 20 17 18 17 21 16 18 17 16 18 17 16 17 20 18 21 21 21 17 21 18 20 
14 17 13 13 13 13 13 13  9 12 13 33 30 13 13 13 13 13 13 13 13 13 13 13 14 14 13 13 17  9 13 14 14 14 13 14 15 14 14 13 14 14 14 14 14 14 13 13 13 14 14 14 14 14 14 14 13 14 14 13 14 13 13 14 14 14 14 14 14 13 14 14 14 14 14 14 14 14 14 19 14 14 14 14 13 13 13 13 13 14 14 14 19 14 14 14 14 14 14  9 14 14 14 13 13 14 14 13 14 13  0 30 33 31 17 14 12 12 14 13 13 11 15 12 14 13 15 14 14 13 13 13 10 13 15 12 15 17 14 13 13 16 11 12 13 11 11 12 13 12 17 17 13 13 13 14 13 17 14 
35 34 38 35 35 34 35 22 35 37 36 11  0 38 38 38 36 38 38 38 38 38 38 38 35 35 38 38 37 35 38 35 35 35 38 38 36 35 35 38 35 35 35 35 35 35 38 38 38 35 35 35 35 35 35 35 38 35 35 36 35 38 38 35 35 35 35 35 35 38 35 35 35 35 35 35 35 35 35 34 38 36 36 35 38 38 38 38 38 35 35 35 41 35 35 35 35 35 35 35 35 38 38 38 38 35 35 38 35 22 30  0 11  4 34 35 34 36 36 38 38 37 37 35 36 35 37 35 36 35 38 38 26 22 37 37 37 38 36 36 35 36 33 35 35 33 35 34 35 35 38 37 38 38 38 34 38 37 38 
42 39 44 41 41 40 39 30 40 39 40  0 11 44 44 44 41 44 44 44 44 44 44 44 42 42 44 44 43 40 44 42 42 42 44 42 43 42 42 44 42 42 42 42 42 42 44 44 44 42 42 42 42 42 42 42 44 42 42 40 42 44 44 42 42 42 42 42 42 44 42 42 42 42 42 42 42 42 42 38 42 42 42 42 44 44 44 44 44 42 42 42 49 42 42 42 42 42 42 40 40 42 42 44 44 42 42 44 42 30 33 11  0 12 39 42 40 39 43 44 44 41 42 41 42 39 42 42 44 41 44 44 36 30 44 39 43 44 40 44 43 43 39 40 40 39 40 40 39 41 44 43 44 44 44 40 44 43 42 
39 38 42 39 39 38 39 26 39 41 38 12  4 42 42 42 40 42 42 42 42 42 42 42 39 39 42 42 41 39 42 39 39 39 42 42 40 39 39 42 39 39 39 39 39 39 42 42 42 39 39 39 39 39 39 39 42 39 39 38 39 42 42 39 39 39 39 39 39 42 39 39 39 39 39 39 39 39 39 37 42 40 40 39 42 42 42 42 42 39 39 39 45 39 39 39 39 39 39 39 39 40 40 42 42 39 39 42 39 26 31  4 12  0 38 39 38 38 40 42 42 39 41 39 40 39 40 39 40 39 42 42 30 26 41 41 41 42 40 40 39 40 37 39 39 37 39 38 39 39 42 41 42 42 42 38 42 41 42 
15  0 15 12 12 12 11 18 11 12 13 39 34 15 15 15 13 15 15 15 15 15 15 15 15 15 15 15 17 11 15 15 15 15 15 16 14 15 15 15 15 15 15 15 15 15 15 15 15 15 15 15 15 15 15 15 15 15 15 13 15 15 15 15 15 15 15 15 15 15 15 15 15 15 15 15 15 15 15 11 16 13 13 15 15 15 15 15 15 15 15 15 20 15 15 15 15 15 15 11 13 15 15 15 15 15 15 15 15 18 17 34 39 38  0 15 12 12 14 15 15 13 14 13 13 12 14 15 16 12 15 15 18 18 17 12 17 18 12 15 15 15 12 13 13 12 13 12 11 13 18 17 15 15 15 18 15 16 16 
 0 15 12 15 15 16 11 19  9  9 12 42 35 12 12 12  6 12 12 12 12 12 12 12  0  0 12 12  8  9 12  0  0  0 12  6 12  0  0 12  0  0  0  0  0  0 12 12 12  0  0  0  0  0  0  0 12  0  0 12  0 12 12  0  0  0  0  0  0 12  0  0  0  0  0  0  0  0  0 21  6 13 13  0 12 12 12 12 12  0  0  0 16  0  0  0  0  0  0  9 12 10 10 12 12  0  0 12  0 19 14 35 42 39 15  0 13 15  7 12 12 10 11 13 14 11 15  0  9 15 12 12 20 19 10  9  8  9 10  7  6  7 14 13 13 14 14 14 11 13  9  8 12 12 12  4 12  8  6 
13 12 10  6  6  7  3 17  9  6  3 40 34 10 10 10 10 10 10 10 10 10 10 10 13 13 10 10  9  9 10 13 13 13 10 11  7 13 13 10 13 13 13 13 13 13 10 10 10 13 13 13 13 13 13 13 10 13 13  3 13 10 10 13 13 13 13 13 13 10 13 13 13 13 13 13 13 13 13 13 11  6  6 13 10 10 10 10 10 13 13 13 13 13 13 13 13 13 13  9  4  7  7 10 10 13 13 10 13 17 12 34 40 38 12 13  0  5 10 10 10  6  7  6  7  3  8 13  8  6 10 10 14 17  8  6  9  8  4  9  9 12  3  6  5  3  5  5  3  6  8  9 10 10 10 12 10  9 11 
15 12  9  3  3  3  5 17  9  9  5 39 36  9  9  9 12  9  9  9  9  9  9  9 15 15  9  9 10  9  9 15 15 15  9 12  8 15 15  9 15 15 15 15 15 15  9  9  9 15 15 15 15 15 15 15  9 15 15  5 15  9  9 15 15 15 15 15 15  9 15 15 15 15 15 15 15 15 15 10 12  5  5 15  9  9  9  9  9 15 15 15 12 15 15 15 15 15 15  9  6  8  8  9  9 15 15  9 15 17 12 36 39 38 12 15  5  0 11  9  9  7  7  2  3  5  4 15 10  3  9  9 16 17  9  9 11 11  6 11 11 13  3  2  4  3  1  2  5  2 11 10  9  9  9 13  9 10 12 
 7 14  5 10 10 12  8 17  7  7 10 43 36  5  5  5  2  5  5  5  5  5  5  5  7  7  5  5  9  7  5  7  7  7  5  7 11  7  7  5  7  7  7  7  7  7  5  5  5  7  7  7  7  7  7  7  5  7  7 10  7  5  5  7  7  7  7  7  7  5  7  7  7  7  7  7  7  7  7 19  7 11 11  7  5  5  5  5  5  7  7  7 16  7  7  7  7  7  7  7 10  7  7  5  5  7  7  5  7 17 14 36 43 40 14  7 10 11  0  5  5  7  7 11 11 10 12  7  5 10  5  5 20 17  7  7  6  8  8  5  4  7 11 11 11 11 10  9  8 11  8  8  5  5  5  7  5  8  7 
12 15  0  9  9 12  7 21  4  5  8 44 38  0  0  0  7  0  0  0  0  0  0  0 12 12  0  0  8  4  0 12 12 12  0  9 12 12 12  0 12 12 12 12 12 12  0  0  0 12 12 12 12 12 12 12  0 12 12  8 12  0  0 12 12 12 12 12 12  0 12 12 12 12 12 12 12 12 12 16  9 10 10 12  0  0  0  0  0 12 12 12 16 12 12 12 12 12 12  4  8  5  5  0  0 12 12  0 12 21 13 38 44 42 15 12 10  9  5  0  0  5  8  9 10  8 10 12  7  9  0  0 18 21  8  5  8 10  6  8  9 11 10  8  9 10  9 10  7  9 10  8  0  0  0 11  0  8  9 
12 15  0  9  9 12  7 21  4  5  8 44 38  0  0  0  7  0  0  0  0  0  0  0 12 12  0  0  8  4  0 12 12 12  0  9 12 12 12  0 12 12 12 12 12 12  0  0  0 12 12 12 12 12 12 12  0 12 12  8 12  0  0 12 12 12 12 12 12  0 12 12 12 12 12 12 12 12 12 16  9 10 10 12  0  0  0  0  0 12 12 12 16 12 12 12 12 12 12  4  8  5  5  0  0 12 12  0 12 21 13 38 44 42 15 12 10  9  5  0  0  5  8  9 10  8 10 12  7  9  0  0 18 21  8  5  8 10  6  8  9 11 10  8  9 10  9 10  7  9 10  8  0  0  0 11  0  8  9 
10 13  5  9  9  8  7 19  7  4  6 41 37  5  5  5  6  5  5  5  5  5  5  5 10 10  5  5  9  7  5 10 10 10  5  6 10 10 10  5 10 10 10 10 10 10  5  5  5 10 10 10 10 10 10 10  5 10 10  6 10  5  5 10 10 10 10 10 10  5 10 10 10 10 10 10 10 10 10 12  6 10 10 10  5  5  5  5  5 10 10 10 15 10 10 10 10 10 10  7  7  5  5  5  5 10 10  5 10 19 11 37 41 39 13 10  6  7  7  5  5  0  6  9  9  6 10 10  5  9  5  5 17 19  8  4  7  9  7  4  4  8  7  9 10  7  8  8  7  9  9  8  5  5  5 10  5  8  6 
11 14  8  7  7 10  5 20  6  5  6 42 37  8  8  8  8  8  8  8  8  8  8  8 11 11  8  8  7  6  8 11 11 11  8 10  8 11 11  8 11 11 11 11 11 11  8  8  8 11 11 11 11 11 11 11  8 11 11  6 11  8  8 11 11 11 11 11 11  8 11 11 11 11 11 11 11 11 11 17 10  6  6 11  8  8  8  8  8 11 11 11 13 11 11 11 11 11 11  6  6  4  4  8  8 11 11  8 11 20 15 37 42 41 14 11  7  7  7  8  8  6  0  7  8  5  9 11  6  7  8  8 17 20  7  5  7  7  4  9  9 10  7  7  7  7  7  6  5  7  7  7  8  8  8 11  8  7 10 
13 13  9  3  3  5  5 17  9 10  7 41 35  9  9  9 13  9  9  9  9  9  9  9 13 13  9  9 10  9  9 13 13 13  9 14  7 13 13  9 13 13 13 13 13 13  9  9  9 13 13 13 13 13 13 13  9 13 13  7 13  9  9 13 13 13 13 13 13  9 13 13 13 13 13 13 13 13 13 12 14  4  4 13  9  9  9  9  9 13 13 13 11 13 13 13 13 13 13  9  7  8  8  9  9 13 13  9 13 17 12 35 41 39 13 13  6  2 11  9  9  9  7  0  4  6  4 13 10  3  9  9 14 17  9 10 11 12  6 13 13 12  3  2  4  3  1  2  5  0 12 10  9  9  9 13  9  9 14 
14 13 10  2  2  5  6 19 10 10  8 42 36 10 10 10 13 10 10 10 10 10 10 10 14 14 10 10 11 10 10 14 14 14 10 14  6 14 14 10 14 14 14 14 14 14 10 10 10 14 14 14 14 14 14 14 10 14 14  8 14 10 10 14 14 14 14 14 14 10 14 14 14 14 14 14 14 14 14 13 14  4  4 14 10 10 10 10 10 14 14 14 11 14 14 14 14 14 14 10  7  8  8 10 10 14 14 10 14 19 14 36 42 40 13 14  7  3 11 10 10  9  8  4  0  7  1 14 10  2 10 10 16 19  9 10 12 12  7 13 13 12  5  2  4  5  3  3  6  4 12 11 10 10 10 14 10 10 14 
11 12  8  6  6  6  2 17  7  4  1 39 35  8  8  8  9  8  8  8  8  8  8  8 11 11  8  8  8  7  8 11 11 11  8 11  9 11 11  8 11 11 11 11 11 11  8  8  8 11 11 11 11 11 11 11  8 11 11  1 11  8  8 11 11 11 11 11 11  8 11 11 11 11 11 11 11 11 11 13 11  7  7 11  8  8  8  8  8 11 11 11 13 11 11 11 11 11 11  7  4  5  5  8  8 11 11  8 11 17 13 35 39 39 12 11  3  5 10  8  8  6  5  6  7  0  8 11  7  6  8  8 14 17  8  4  9  8  3 10 10 10  3  7  7  3  6  5  2  6  8  8  8  8  8 12  8  8 11 
15 14 10  3  3  6  7 20 11 11  8 42 37 10 10 10 14 10 10 10 10 10 10 10 15 15 10 10 12 11 10 15 15 15 10 15  7 15 15 10 15 15 15 15 15 15 10 10 10 15 15 15 15 15 15 15 10 15 15  8 15 10 10 15 15 15 15 15 15 10 15 15 15 15 15 15 15 15 15 14 15  4  4 15 10 10 10 10 10 15 15 15 12 15 15 15 15 15 15 11  8  9  9 10 10 15 15 10 15 20 15 37 42 40 14 15  8  4 12 10 10 10  9  4  1  8  0 15 11  3 10 10 17 20 10 11 13 13  8 14 14 13  5  3  5  5  4  4  7  4 13 11 10 10 10 15 10 11 15 
 0 15 12 15 15 16 11 19  9  9 12 42 35 12 12 12  6 12 12 12 12 12 12 12  0  0 12 12  8  9 12  0  0  0 12  6 12  0  0 12  0  0  0  0  0  0 12 12 12  0  0  0  0  0  0  0 12  0  0 12  0 12 12  0  0  0  0  0  0 12  0  0  0  0  0  0  0  0  0 21  6 13 13  0 12 12 12 12 12  0  0  0 16  0  0  0  0  0  0  9 12 10 10 12 12  0  0 12  0 19 14 35 42 39 15  0 13 15  7 12 12 10 11 13 14 11 15  0  9 15 12 12 20 19 10  9  8  9 10  7  6  7 14 13 13 14 14 14 11 13  9  8 12 12 12  4 12  8  6 
 9 16  7 10 10 11  7 18  5  7  7 44 36  7  7  7  5  7  7  7  7  7  7  7  9  9  7  7  5  5  7  9  9  9  7  7 10  9  9  7  9  9  9  9  9  9  7  7  7  9  9  9  9  9  9  9  7  9  9  7  9  7  7  9  9  9  9  9  9  7  9  9  9  9  9  9  9  9  9 16  7  9  9  9  7  7  7  7  7  9  9  9 15  9  9  9  9  9  9  5  7  4  4  7  7  9  9  7  9 18 14 36 44 40 16  9  8 10  5  7  7  5  6 10 10  7 11  9  0 10  7  7 18 18  3  7  5  6  6  6  5  5 10  8  9 10  9  8  7 10  6  3  7  7  7  7  7  4  7 
15 12  9  0  0  6  5 18  9  9  7 41 35  9  9  9 12  9  9  9  9  9  9  9 15 15  9  9 10  9  9 15 15 15  9 13  6 15 15  9 15 15 15 15 15 15  9  9  9 15 15 15 15 15 15 15  9 15 15  7 15  9  9 15 15 15 15 15 15  9 15 15 15 15 15 15 15 15 15 12 13  2  2 15  9  9  9  9  9 15 15 15 10 15 15 15 15 15 15  9  7  7  7  9  9 15 15  9 15 18 13 35 41 39 12 15  6  3 10  9  9  9  7  3  2  6  3 15 10  0  9  9 15 18  8  9 11 11  6 12 12 13  4  2  3  4  2  2  5  3 11 10  9  9  9 13  9  9 13 
12 15  0  9  9 12  7 21  4  5  8 44 38  0  0  0  7  0  0  0  0  0  0  0 12 12  0  0  8  4  0 12 12 12  0  9 12 12 12  0 12 12 12 12 12 12  0  0  0 12 12 12 12 12 12 12  0 12 12  8 12  0  0 12 12 12 12 12 12  0 12 12 12 12 12 12 12 12 12 16  9 10 10 12  0  0  0  0  0 12 12 12 16 12 12 12 12 12 12  4  8  5  5  0  0 12 12  0 12 21 13 38 44 42 15 12 10  9  5  0  0  5  8  9 10  8 10 12  7  9  0  0 18 21  8  5  8 10  6  8  9 11 10  8  9 10  9 10  7  9 10  8  0  0  0 11  0  8  9 
12 15  0  9  9 12  7 21  4  5  8 44 38  0  0  0  7  0  0  0  0  0  0  0 12 12  0  0  8  4  0 12 12 12  0  9 12 12 12  0 12 12 12 12 12 12  0  0  0 12 12 12 12 12 12 12  0 12 12  8 12  0  0 12 12 12 12 12 12  0 12 12 12 12 12 12 12 12 12 16  9 10 10 12  0  0  0  0  0 12 12 12 16 12 12 12 12 12 12  4  8  5  5  0  0 12 12  0 12 21 13 38 44 42 15 12 10  9  5  0  0  5  8  9 10  8 10 12  7  9  0  0 18 21  8  5  8 10  6  8  9 11 10  8  9 10  9 10  7  9 10  8  0  0  0 11  0  8  9 
20 18 18 15 15 14 15  8 14 17 15 36 26 18 18 18 19 18 18 18 18 18 18 18 20 20 18 18 20 14 18 20 20 20 18 19 16 20 20 18 20 20 20 20 20 20 18 18 18 20 20 20 20 20 20 20 18 20 20 15 20 18 18 20 20 20 20 20 20 18 20 20 20 20 20 20 20 20 20 18 19 16 16 20 18 18 18 18 18 20 20 20 22 20 20 20 20 20 20 14 15 19 19 18 18 20 20 18 20  8 10 26 36 30 18 20 14 16 20 18 18 17 17 14 16 14 17 20 18 15 18 18  0  8 20 17 19 21 16 18 18 19 16 15 15 16 15 14 15 14 21 19 18 18 18 20 18 20 19 
19 18 21 18 18 17 16  0 17 20 17 30 22 21 21 21 18 21 21 21 21 21 21 21 19 19 21 21 19 17 21 19 19 19 21 20 20 19 19 21 19 19 19 19 19 19 21 21 21 19 19 19 19 19 19 19 21 19 19 17 19 21 21 19 19 19 19 19 19 21 19 19 19 19 19 19 19 19 19 16 20 19 19 19 21 21 21 21 21 19 19 19 23 19 19 19 19 19 19 17 18 20 20 21 21 19 19 21 19  0 13 22 30 26 18 19 17 17 17 21 21 19 20 17 19 17 20 19 18 18 21 21  8  0 20 20 19 20 17 18 17 21 16 18 17 16 18 17 16 17 20 18 21 21 21 17 21 18 20 
10 17  8  8  8 12  6 20  8  6  7 44 37  8  8  8  5  8  8  8  8  8  8  8 10 10  8  8  6  8  8 10 10 10  8  8  9 10 10  8 10 10 10 10 10 10  8  8  8 10 10 10 10 10 10 10  8 10 10  7 10  8  8 10 10 10 10 10 10  8 10 10 10 10 10 10 10 10 10 18  8  9  9 10  8  8  8  8  8 10 10 10 14 10 10 10 10 10 10  8  8  4  4  8  8 10 10  8 10 20 15 37 44 41 17 10  8  9  7  8  8  8  7  9  9  8 10 10  3  8  8  8 20 20  0  6  5  7  6  7  7  7  9  9  9  9  8  7  6  9  7  5  8  8  8  7  8  4  8 
 9 12  5  9  9 10  6 20  3  0  5 39 37  5  5  5  7  5  5  5  5  5  5  5  9  9  5  5  7  3  5  9  9  9  5  8  9  9  9  5  9  9  9  9  9  9  5  5  5  9  9  9  9  9  9  9  5  9  9  5  9  5  5  9  9  9  9  9  9  5  9  9  9  9  9  9  9  9  9 15  8  8  8  9  5  5  5  5  5  9  9  9 13  9  9  9  9  9  9  3  3  3  3  5  5  9  9  5  9 20 12 37 39 41 12  9  6  9  7  5  5  4  5 10 10  4 11  9  7  9  5  5 17 20  6  0  8  9  5  7  8  8  7  9  8  7  9  8  6 10  9  7  5  5  5 10  5  6  8 
 8 17  8 11 11 12  8 19  6  8  8 43 37  8  8  8  4  8  8  8  8  8  8  8  8  8  8  8  3  6  8  8  8  8  8  8  9  8  8  8  8  8  8  8  8  8  8  8  8  8  8  8  8  8  8  8  8  8  8  8  8  8  8  8  8  8  8  8  8  8  8  8  8  8  8  8  8  8  8 17  8 10 10  8  8  8  8  8  8  8  8  8 13  8  8  8  8  8  8  6  7  6  6  8  8  8  8  8  8 19 15 37 43 41 17  8  9 11  6  8  8  7  7 11 12  9 13  8  5 11  8  8 19 19  5  8  0  2  8  7  6  5 10 11 10 10 10  9  8 11  2  3  8  8  8  8  8  3  8 
 9 18 10 11 11 11  8 20  8  9  7 44 38 10 10 10  6 10 10 10 10 10 10 10  9  9 10 10  4  8 10  9  9  9 10  9 10  9  9 10  9  9  9  9  9  9 10 10 10  9  9  9  9  9  9  9 10  9  9  7  9 10 10  9  9  9  9  9  9 10  9  9  9  9  9  9  9  9  9 19  9 10 10  9 10 10 10 10 10  9  9  9 13  9  9  9  9  9  9  8  9  6  6 10 10  9  9 10  9 20 17 38 44 42 18  9  8 11  8 10 10  9  7 12 12  8 13  9  6 11 10 10 21 20  7  9  2  0  9  8  8  5 10 12 12 10 11 10  8 12  0  3 10 10 10  9 10  4  9 
10 12  6  6  6  7  1 17  6  5  4 40 36  6  6  6  9  6  6  6  6  6  6  6 10 10  6  6  7  6  6 10 10 10  6 11  8 10 10  6 10 10 10 10 10 10  6  6  6 10 10 10 10 10 10 10  6 10 10  4 10  6  6 10 10 10 10 10 10  6 10 10 10 10 10 10 10 10 10 15 11  6  6 10  6  6  6  6  6 10 10 10 14 10 10 10 10 10 10  6  4  5  5  6  6 10 10  6 10 17 14 36 40 40 12 10  4  6  8  6  6  7  4  6  7  3  8 10  6  6  6  6 16 17  6  5  8  9  0 10 10  9  4  6  6  4  5  4  1  6  9  7  6  6  6 10  6  7 11 
 7 15  8 12 12 12 10 18  4  7  9 44 36  8  8  8  7  8  8  8  8  8  8  8  7  7  8  8  8  4  8  7  7  7  8  6 12  7  7  8  7  7  7  7  7  7  8  8  8  7  7  7  7  7  7  7  8  7  7  9  7  8  8  7  7  7  7  7  7  8  7  7  7  7  7  7  7  7  7 15  6 11 11  7  8  8  8  8  8  7  7  7 15  7  7  7  7  7  7  4 10  5  5  8  8  7  7  8  7 18 13 36 44 40 15  7  9 11  5  8  8  4  9 13 13 10 14  7  6 12  8  8 18 18  7  7  7  8 10  0  1  8 11 12 11 11 12 11 10 13  8  8  8  8  8  7  8  7  6 
 6 15  9 12 12 12 10 17  5  8  9 43 35  9  9  9  6  9  9  9  9  9  9  9  6  6  9  9  7  5  9  6  6  6  9  5 13  6  6  9  6  6  6  6  6  6  9  9  9  6  6  6  6  6  6  6  9  6  6  9  6  9  9  6  6  6  6  6  6  9  6  6  6  6  6  6  6  6  6 15  5 12 12  6  9  9  9  9  9  6  6  6 14  6  6  6  6  6  6  5 11  5  5  9  9  6  6  9  6 17 13 35 43 39 15  6  9 11  4  9  9  4  9 13 13 10 14  6  5 12  9  9 18 17  7  8  6  8 10  1  0  7 11 12 12 11 12 11 10 13  8  7  9  9  9  6  9  6  5 
 7 15 11 13 13 13 10 21  7  8 11 43 36 11 11 11  6 11 11 11 11 11 11 11  7  7 11 11  7  7 11  7  7  7 11  7 11  7  7 11  7  7  7  7  7  7 11 11 11  7  7  7  7  7  7  7 11  7  7 11  7 11 11  7  7  7  7  7  7 11  7  7  7  7  7  7  7  7  7 19  7 12 12  7 11 11 11 11 11  7  7  7 15  7  7  7  7  7  7  7 10  8  8 11 11  7  7 11  7 21 16 36 43 40 15  7 12 13  7 11 11  8 10 12 12 10 13  7  5 13 11 11 19 21  7  8  5  5  9  8  7  0 13 11 12 13 12 11 10 12  5  7 11 11 11  7 11  6  7 
14 12 10  4  4  4  3 16  9  7  4 39 33 10 10 10 12 10 10 10 10 10 10 10 14 14 10 10 10  9 10 14 14 14 10 12  6 14 14 10 14 14 14 14 14 14 10 10 10 14 14 14 14 14 14 14 10 14 14  4 14 10 10 14 14 14 14 14 14 10 14 14 14 14 14 14 14 14 14 11 12  5  5 14 10 10 10 10 10 14 14 14 11 14 14 14 14 14 14  9  4  7  7 10 10 14 14 10 14 16 11 33 39 37 12 14  3  3 11 10 10  7  7  3  5  3  5 14 10  4 10 10 16 16  9  7 10 10  4 11 11 13  0  4  4  0  3  2  3  3 10 10 10 10 10 13 10 10 12 
13 13  8  2  2  5  5 18  9  9  7 40 35  8  8  8 11  8  8  8  8  8  8  8 13 13  8  8 10  9  8 13 13 13  8 13  7 13 13  8 13 13 13 13 13 13  8  8  8 13 13 13 13 13 13 13  8 13 13  7 13  8  8 13 13 13 13 13 13  8 13 13 13 13 13 13 13 13 13 12 13  4  4 13  8  8  8  8  8 13 13 13 11 13 13 13 13 13 13  9  6  7  7  8  8 13 13  8 13 18 12 35 40 39 13 13  6  2 11  8  8  9  7  2  2  7  3 13  8  2  8  8 15 18  9  9 11 12  6 12 12 11  4  0  4  4  1  2  5  2 12 10  8  8  8 13  8  9 13 
13 13  9  3  3  7  5 17  9  8  7 40 35  9  9  9 11  9  9  9  9  9  9  9 13 13  9  9 10  9  9 13 13 13  9 14  7 13 13  9 13 13 13 13 13 13  9  9  9 13 13 13 13 13 13 13  9 13 13  7 13  9  9 13 13 13 13 13 13  9 13 13 13 13 13 13 13 13 13 13 14  3  3 13  9  9  9  9  9 13 13 13 11 13 13 13 13 13 13  9  8  8  8  9  9 13 13  9 13 17 13 35 40 39 13 13  5  4 11  9  9 10  7  4  4  7  5 13  9  3  9  9 15 17  9  8 10 12  6 11 12 12  4  4  0  4  3  2  5  4 12 10  9  9  9 13  9  9 14 
14 12 10  4  4  4  3 16  9  7  4 39 33 10 10 10 12 10 10 10 10 10 10 10 14 14 10 10 10  9 10 14 14 14 10 12  6 14 14 10 14 14 14 14 14 14 10 10 10 14 14 14 14 14 14 14 10 14 14  4 14 10 10 14 14 14 14 14 14 10 14 14 14 14 14 14 14 14 14 11 12  5  5 14 10 10 10 10 10 14 14 14 11 14 14 14 14 14 14  9  4  7  7 10 10 14 14 10 14 16 11 33 39 37 12 14  3  3 11 10 10  7  7  3  5  3  5 14 10  4 10 10 16 16  9  7 10 10  4 11 11 13  0  4  4  0  3  2  3  3 10 10 10 10 10 13 10 10 12 
14 13  9  2  2  4  4 18  8  9  6 40 35  9  9  9 12  9  9  9  9  9  9  9 14 14  9  9  9  8  9 14 14 14  9 13  7 14 14  9 14 14 14 14 14 14  9  9  9 14 14 14 14 14 14 14  9 14 14  6 14  9  9 14 14 14 14 14 14  9 14 14 14 14 14 14 14 14 14 11 13  4  4 14  9  9  9  9  9 14 14 14 11 14 14 14 14 14 14  8  7  7  7  9  9 14 14  9 14 18 11 35 40 39 13 14  5  1 10  9  9  8  7  1  3  6  4 14  9  2  9  9 15 18  8  9 10 11  5 12 12 12  3  1  3  3  0  1  4  1 11  9  9  9  9 12  9  9 13 
14 12 10  2  2  5  3 17  7  8  5 40 34 10 10 10 11 10 10 10 10 10 10 10 14 14 10 10  8  7 10 14 14 14 10 12  6 14 14 10 14 14 14 14 14 14 10 10 10 14 14 14 14 14 14 14 10 14 14  5 14 10 10 14 14 14 14 14 14 10 14 14 14 14 14 14 14 14 14 12 12  3  3 14 10 10 10 10 10 14 14 14 10 14 14 14 14 14 14  7  6  6  6 10 10 14 14 10 14 17 12 34 40 38 12 14  5  2  9 10 10  8  6  2  3  5  4 14  8  2 10 10 14 17  7  8  9 10  4 11 11 11  2  2  2  2  1  0  3  2 10  8 10 10 10 11 10  8 12 
11 11  7  5  5  7  0 16  6  6  3 39 35  7  7  7 10  7  7  7  7  7  7  7 11 11  7  7  7  6  7 11 11 11  7 11  8 11 11  7 11 11 11 11 11 11  7  7  7 11 11 11 11 11 11 11  7 11 11  3 11  7  7 11 11 11 11 11 11  7 11 11 11 11 11 11 11 11 11 14 11  6  6 11  7  7  7  7  7 11 11 11 13 11 11 11 11 11 11  6  3  5  5  7  7 11 11  7 11 16 13 35 39 39 11 11  3  5  8  7  7  7  5  5  6  2  7 11  7  5  7  7 15 16  6  6  8  8  1 10 10 10  3  5  5  3  4  3  0  5  8  7  7  7  7 10  7  7 11 
13 13  9  3  3  5  5 17  9 10  7 41 35  9  9  9 13  9  9  9  9  9  9  9 13 13  9  9 10  9  9 13 13 13  9 14  7 13 13  9 13 13 13 13 13 13  9  9  9 13 13 13 13 13 13 13  9 13 13  7 13  9  9 13 13 13 13 13 13  9 13 13 13 13 13 13 13 13 13 12 14  4  4 13  9  9  9  9  9 13 13 13 11 13 13 13 13 13 13  9  7  8  8  9  9 13 13  9 13 17 12 35 41 39 13 13  6  2 11  9  9  9  7  0  4  6  4 13 10  3  9  9 14 17  9 10 11 12  6 13 13 12  3  2  4  3  1  2  5  0 12 10  9  9  9 13  9  9 14 
 9 18 10 11 11 11  8 20  8  9  7 44 38 10 10 10  6 10 10 10 10 10 10 10  9  9 10 10  4  8 10  9  9  9 10  9 10  9  9 10  9  9  9  9  9  9 10 10 10  9  9  9  9  9  9  9 10  9  9  7  9 10 10  9  9  9  9  9  9 10  9  9  9  9  9  9  9  9  9 19  9 10 10  9 10 10 10 10 10  9  9  9 13  9  9  9  9  9  9  8  9  6  6 10 10  9  9 10  9 20 17 38 44 42 18  9  8 11  8 10 10  9  7 12 12  8 13  9  6 11 10 10 21 20  7  9  2  0  9  8  8  5 10 12 12 10 11 10  8 12  0  3 10 10 10  9 10  4  9 
 8 17  8 10 10 11  7 18  8  7  7 43 37  8  8  8  7  8  8  8  8  8  8  8  8  8  8  8  2  8  8  8  8  8  8  7  8  8  8  8  8  8  8  8  8  8  8  8  8  8  8  8  8  8  8  8  8  8  8  7  8  8  8  8  8  8  8  8  8  8  8  8  8  8  8  8  8  8  8 19  7  9  9  8  8  8  8  8  8  8  8  8 12  8  8  8  8  8  8  8  8  5  5  8  8  8  8  8  8 18 17 37 43 41 17  8  9 10  8  8  8  8  7 10 11  8 11  8  3 10  8  8 19 18  5  7  3  3  7  8  7  7 10 10 10 10  9  8  7 10  3  0  8  8  8  8  8  1  7 
12 15  0  9  9 12  7 21  4  5  8 44 38  0  0  0  7  0  0  0  0  0  0  0 12 12  0  0  8  4  0 12 12 12  0  9 12 12 12  0 12 12 12 12 12 12  0  0  0 12 12 12 12 12 12 12  0 12 12  8 12  0  0 12 12 12 12 12 12  0 12 12 12 12 12 12 12 12 12 16  9 10 10 12  0  0  0  0  0 12 12 12 16 12 12 12 12 12 12  4  8  5  5  0  0 12 12  0 12 21 13 38 44 42 15 12 10  9  5  0  0  5  8  9 10  8 10 12  7  9  0  0 18 21  8  5  8 10  6  8  9 11 10  8  9 10  9 10  7  9 10  8  0  0  0 11  0  8  9 
12 15  0  9  9 12  7 21  4  5  8 44 38  0  0  0  7  0  0  0  0  0  0  0 12 12  0  0  8  4  0 12 12 12  0  9 12 12 12  0 12 12 12 12 12 12  0  0  0 12 12 12 12 12 12 12  0 12 12  8 12  0  0 12 12 12 12 12 12  0 12 12 12 12 12 12 12 12 12 16  9 10 10 12  0  0  0  0  0 12 12 12 16 12 12 12 12 12 12  4  8  5  5  0  0 12 12  0 12 21 13 38 44 42 15 12 10  9  5  0  0  5  8  9 10  8 10 12  7  9  0  0 18 21  8  5  8 10  6  8  9 11 10  8  9 10  9 10  7  9 10  8  0  0  0 11  0  8  9 
12 15  0  9  9 12  7 21  4  5  8 44 38  0  0  0  7  0  0  0  0  0  0  0 12 12  0  0  8  4  0 12 12 12  0  9 12 12 12  0 12 12 12 12 12 12  0  0  0 12 12 12 12 12 12 12  0 12 12  8 12  0  0 12 12 12 12 12 12  0 12 12 12 12 12 12 12 12 12 16  9 10 10 12  0  0  0  0  0 12 12 12 16 12 12 12 12 12 12  4  8  5  5  0  0 12 12  0 12 21 13 38 44 42 15 12 10  9  5  0  0  5  8  9 10  8 10 12  7  9  0  0 18 21  8  5  8 10  6  8  9 11 10  8  9 10  9 10  7  9 10  8  0  0  0 11  0  8  9 
 4 18 11 13 13 16 10 17  9 10 12 40 34 11 11 11  9 11 11 11 11 11 11 11  4  4 11 11  7  9 11  4  4  4 11  6 12  4  4 11  4  4  4  4  4  4 11 11 11  4  4  4  4  4  4  4 11  4  4 12  4 11 11  4  4  4  4  4  4 11  4  4  4  4  4  4  4  4  4 20  6 13 13  4 11 11 11 11 11  4  4  4 15  4  4  4  4  4  4  9 12  8  8 11 11  4  4 11  4 17 14 34 40 38 18  4 12 13  7 11 11 10 11 13 14 12 15  4  7 13 11 11 20 17  7 10  8  9 10  7  6  7 13 13 13 13 12 11 10 13  9  8 11 11 11  0 11  7  6 
12 15  0  9  9 12  7 21  4  5  8 44 38  0  0  0  7  0  0  0  0  0  0  0 12 12  0  0  8  4  0 12 12 12  0  9 12 12 12  0 12 12 12 12 12 12  0  0  0 12 12 12 12 12 12 12  0 12 12  8 12  0  0 12 12 12 12 12 12  0 12 12 12 12 12 12 12 12 12 16  9 10 10 12  0  0  0  0  0 12 12 12 16 12 12 12 12 12 12  4  8  5  5  0  0 12 12  0 12 21 13 38 44 42 15 12 10  9  5  0  0  5  8  9 10  8 10 12  7  9  0  0 18 21  8  5  8 10  6  8  9 11 10  8  9 10  9 10  7  9 10  8  0  0  0 11  0  8  9 
 8 16  8  9  9 12  7 18  8  6  8 43 37  8  8  8  7  8  8  8  8  8  8  8  8  8  8  8  2  8  8  8  8  8  8  6  9  8  8  8  8  8  8  8  8  8  8  8  8  8  8  8  8  8  8  8  8  8  8  8  8  8  8  8  8  8  8  8  8  8  8  8  8  8  8  8  8  8  8 18  6  9  9  8  8  8  8  8  8  8  8  8 12  8  8  8  8  8  8  8  8  5  5  8  8  8  8  8  8 18 17 37 43 41 16  8  9 10  8  8  8  8  7  9 10  8 11  8  4  9  8  8 20 18  4  6  3  4  7  7  6  6 10  9  9 10  9  8  7  9  4  1  8  8  8  7  8  0  6 
 6 16  9 13 13 14 11 20  5  8 10 42 38  9  9  9  6  9  9  9  9  9  9  9  6  6  9  9  7  5  9  6  6  6  9  0 14  6  6  9  6  6  6  6  6  6  9  9  9  6  6  6  6  6  6  6  9  6  6 10  6  9  9  6  6  6  6  6  6  9  6  6  6  6  6  6  6  6  6 17  0 14 14  6  9  9  9  9  9  6  6  6 15  6  6  6  6  6  6  5 11  6  6  9  9  6  6  9  6 20 14 38 42 42 16  6 11 12  7  9  9  6 10 14 14 11 15  6  7 13  9  9 19 20  8  8  8  9 11  6  5  7 12 13 14 12 13 12 11 14  9  7  9  9  9  6  9  6  0 
