Instance Date:215-1

VehicleNumber---RequestNumber---MaxTravelTime---DisinfectionTime
2	10	90	30

VehicleCapacity---VehicleLunchReadyTime---VehicleLunchDueTime---VehicleLunchDuration
9	300	360	60

LocationID---StaffDemand---SeatDemand---ReadyTime---DueTime---ServiceTime
0	0	0.0	0	780	0	
1	2	1.5	30	60	10	
2	2	1.5	30	50	10	
3	2	1.5	40	100	3	
4	2	1.5	80	140	27	
5	2	1.5	151	211	8	
6	2	2.5	45	105	10	
7	2	2.5	30	70	10	
8	2	1.0	30	750	8	
9	3	3.0	130	190	3	
10	3	1.5	180	240	8	
11	2	-1.5	30	90	3	
12	2	-1.5	30	90	3	
13	2	-1.5	60	120	3	
14	2	-1.5	120	180	3	
15	2	-1.5	151	231	10	
16	2	-2.5	75	135	3	
17	2	-2.5	30	110	3	
18	2	-1.0	30	750	3	
19	3	-3.0	150	210	3	
20	3	-1.5	180	260	27

Travel Time Between Locations
0	9	9	11	10	11	19	25	0	8	11	11	11	11	11	9	8	0	11	11	10	
9	0	4	8	6	10	17	22	9	10	10	10	10	10	10	4	8	9	10	10	6	
9	4	0	5	2	7	13	18	9	8	7	7	7	7	7	0	4	9	7	7	2	
11	8	5	0	6	7	14	19	11	7	7	7	7	7	7	5	5	11	7	7	6	
10	6	2	6	0	6	13	18	10	9	6	6	6	6	6	2	4	10	6	6	0	
11	10	7	7	6	0	15	19	11	10	0	0	0	0	0	7	3	11	0	0	6	
19	17	13	14	13	15	0	10	19	17	15	15	15	15	15	13	13	19	15	15	13	
25	22	18	19	18	19	10	0	25	22	19	19	19	19	19	18	19	25	19	19	18	
0	9	9	11	10	11	19	25	0	8	11	11	11	11	11	9	8	0	11	11	10	
8	10	8	7	9	10	17	22	8	0	10	10	10	10	10	8	8	8	10	10	9	
11	10	7	7	6	0	15	19	11	10	0	0	0	0	0	7	3	11	0	0	6	
11	10	7	7	6	0	15	19	11	10	0	0	0	0	0	7	3	11	0	0	6	
11	10	7	7	6	0	15	19	11	10	0	0	0	0	0	7	3	11	0	0	6	
11	10	7	7	6	0	15	19	11	10	0	0	0	0	0	7	3	11	0	0	6	
11	10	7	7	6	0	15	19	11	10	0	0	0	0	0	7	3	11	0	0	6	
9	4	0	5	2	7	13	18	9	8	7	7	7	7	7	0	4	9	7	7	2	
8	8	4	5	4	3	13	19	8	8	3	3	3	3	3	4	0	8	3	3	4	
0	9	9	11	10	11	19	25	0	8	11	11	11	11	11	9	8	0	11	11	10	
11	10	7	7	6	0	15	19	11	10	0	0	0	0	0	7	3	11	0	0	6	
11	10	7	7	6	0	15	19	11	10	0	0	0	0	0	7	3	11	0	0	6	
10	6	2	6	0	6	13	18	10	9	6	6	6	6	6	2	4	10	6	6	0	

cost:158.0
