Instance Date:215-1

VehicleNumber---RequestNumber---MaxTravelTime---DisinfectionTime
2	10	90	30

VehicleCapacity---VehicleLunchReadyTime---VehicleLunchDueTime---VehicleLunchDuration
9	300	360	60

LocationID---StaffDemand---SeatDemand---ReadyTime---DueTime---ServiceTime
0	0	0.0	0	780	0	
1	2	1.5	30	90	10	
2	2	3.0	30	50	8	
3	2	3.0	207	327	8	
4	2	1.5	203	263	8	
5	2	1.5	200	260	8	
6	2	2.5	45	105	10	
7	2	2.5	30	70	10	
8	2	1.0	30	750	8	
9	3	3.0	130	190	3	
10	3	1.5	180	240	8	
11	2	-1.5	60	120	3	
12	2	-3.0	45	135	3	
13	2	-3.0	207	337	3	
14	2	-1.5	203	283	10	
15	2	-1.5	200	290	10	
16	2	-2.5	75	135	3	
17	2	-2.5	30	110	3	
18	2	-1.0	30	750	3	
19	3	-3.0	150	210	3	
20	3	-1.5	180	260	27

Travel Time Between Locations
0	7	11	8	11	11	19	25	0	8	11	11	8	11	13	6	8	0	11	11	10	
7	0	10	10	10	10	17	22	7	8	10	10	10	10	13	12	10	7	10	10	11	
11	10	0	3	0	0	15	19	11	10	0	0	3	0	7	14	3	11	0	0	6	
8	10	3	0	3	3	13	19	8	8	3	3	0	3	6	12	0	8	3	3	4	
11	10	0	3	0	0	15	19	11	10	0	0	3	0	7	14	3	11	0	0	6	
11	10	0	3	0	0	15	19	11	10	0	0	3	0	7	14	3	11	0	0	6	
19	17	15	13	15	15	0	10	19	17	15	15	13	15	13	21	13	19	15	15	13	
25	22	19	19	19	19	10	0	25	22	19	19	19	19	21	24	19	25	19	19	18	
0	7	11	8	11	11	19	25	0	8	11	11	8	11	13	6	8	0	11	11	10	
8	8	10	8	10	10	17	22	8	0	10	10	8	10	10	11	8	8	10	10	9	
11	10	0	3	0	0	15	19	11	10	0	0	3	0	7	14	3	11	0	0	6	
11	10	0	3	0	0	15	19	11	10	0	0	3	0	7	14	3	11	0	0	6	
8	10	3	0	3	3	13	19	8	8	3	3	0	3	6	12	0	8	3	3	4	
11	10	0	3	0	0	15	19	11	10	0	0	3	0	7	14	3	11	0	0	6	
13	13	7	6	7	7	13	21	13	10	7	7	6	7	0	13	6	13	7	7	5	
6	12	14	12	14	14	21	24	6	11	14	14	12	14	13	0	12	6	14	14	13	
8	10	3	0	3	3	13	19	8	8	3	3	0	3	6	12	0	8	3	3	4	
0	7	11	8	11	11	19	25	0	8	11	11	8	11	13	6	8	0	11	11	10	
11	10	0	3	0	0	15	19	11	10	0	0	3	0	7	14	3	11	0	0	6	
11	10	0	3	0	0	15	19	11	10	0	0	3	0	7	14	3	11	0	0	6	
10	11	6	4	6	6	13	18	10	9	6	6	4	6	5	13	4	10	6	6	0	

cost:155.0
