Instance Date:213-2

VehicleNumber---RequestNumber---MaxTravelTime---DisinfectionTime
2	11	90	30

VehicleCapacity---VehicleLunchReadyTime---VehicleLunchDueTime---VehicleLunchDuration
9	240	300	60

LocationID---StaffDemand---SeatDemand---ReadyTime---DueTime---ServiceTime
0	0	0.0	0	780	0	
1	2	3.0	30	300	8	
2	2	1.5	30	50	10	
3	2	1.0	279	399	8	
4	2	1.5	355	415	10	
5	2	1.5	418	478	8	
6	2	1.5	40	100	10	
7	2	1.5	30	60	10	
8	2	1.5	340	400	10	
9	2	1.5	340	400	10	
10	2	1.0	270	390	8	
11	2	3.0	270	420	8	
12	2	-3.0	30	300	3	
13	2	-1.5	30	90	3	
14	2	-1.0	279	429	10	
15	2	-1.5	375	435	3	
16	2	-1.5	418	498	10	
17	2	-1.5	60	120	3	
18	2	-1.5	30	90	3	
19	2	-1.5	360	420	3	
20	2	-1.5	360	420	3	
21	2	-1.0	270	410	10	
22	2	-3.0	270	450	3

Travel Time Between Locations
0	0	12	0	12	11	13	14	6	9	11	11	11	11	12	11	9	11	11	11	11	10	0	
0	0	12	0	12	11	13	14	6	9	11	11	11	11	12	11	9	11	11	11	11	10	0	
12	12	0	12	5	7	5	6	10	11	7	7	7	7	4	7	11	7	7	7	7	3	12	
0	0	12	0	12	11	13	14	6	9	11	11	11	11	12	11	9	11	11	11	11	10	0	
12	12	5	12	0	7	8	6	10	10	7	7	7	7	2	7	10	7	7	7	7	4	12	
11	11	7	11	7	0	9	9	8	7	0	0	0	0	6	0	7	0	0	0	0	6	11	
13	13	5	13	8	9	0	5	12	12	9	9	9	9	7	9	12	9	9	9	9	8	13	
14	14	6	14	6	9	5	0	12	12	9	9	9	9	7	9	12	9	9	9	9	7	14	
6	6	10	6	10	8	12	12	0	4	8	8	8	8	10	8	4	8	8	8	8	9	6	
9	9	11	9	10	7	12	12	4	0	7	7	7	7	10	7	0	7	7	7	7	9	9	
11	11	7	11	7	0	9	9	8	7	0	0	0	0	6	0	7	0	0	0	0	6	11	
11	11	7	11	7	0	9	9	8	7	0	0	0	0	6	0	7	0	0	0	0	6	11	
11	11	7	11	7	0	9	9	8	7	0	0	0	0	6	0	7	0	0	0	0	6	11	
11	11	7	11	7	0	9	9	8	7	0	0	0	0	6	0	7	0	0	0	0	6	11	
12	12	4	12	2	6	7	7	10	10	6	6	6	6	0	6	10	6	6	6	6	5	12	
11	11	7	11	7	0	9	9	8	7	0	0	0	0	6	0	7	0	0	0	0	6	11	
9	9	11	9	10	7	12	12	4	0	7	7	7	7	10	7	0	7	7	7	7	9	9	
11	11	7	11	7	0	9	9	8	7	0	0	0	0	6	0	7	0	0	0	0	6	11	
11	11	7	11	7	0	9	9	8	7	0	0	0	0	6	0	7	0	0	0	0	6	11	
11	11	7	11	7	0	9	9	8	7	0	0	0	0	6	0	7	0	0	0	0	6	11	
11	11	7	11	7	0	9	9	8	7	0	0	0	0	6	0	7	0	0	0	0	6	11	
10	10	3	10	4	6	8	7	9	9	6	6	6	6	5	6	9	6	6	6	6	0	10	
0	0	12	0	12	11	13	14	6	9	11	11	11	11	12	11	9	11	11	11	11	10	0	

cost:137.0
