Instance Date:215-1

VehicleNumber---RequestNumber---MaxTravelTime---DisinfectionTime
2	11	90	30

VehicleCapacity---VehicleLunchReadyTime---VehicleLunchDueTime---VehicleLunchDuration
9	300	360	60

LocationID---StaffDemand---SeatDemand---ReadyTime---DueTime---ServiceTime
0	0	0.0	0	780	0	
1	2	1.5	30	60	10	
2	2	1.5	30	50	10	
3	2	1.5	40	100	3	
4	2	1.5	80	140	27	
5	2	1.5	151	211	8	
6	2	3.0	30	750	8	
7	2	1.0	30	750	8	
8	2	2.5	60	120	10	
9	2	2.5	120	180	10	
10	2	1.5	345	435	8	
11	2	1.5	416	476	8	
12	2	-1.5	30	90	3	
13	2	-1.5	30	90	3	
14	2	-1.5	60	120	3	
15	2	-1.5	120	180	3	
16	2	-1.5	151	231	10	
17	2	-3.0	30	750	3	
18	2	-1.0	30	750	3	
19	2	-2.5	90	150	3	
20	2	-2.5	150	210	3	
21	2	-1.5	375	465	3	
22	2	-1.5	416	506	10

Travel Time Between Locations
0	9	9	11	10	11	0	0	15	12	11	11	11	11	11	11	9	12	12	0	0	19	14	
9	0	4	8	6	10	9	9	16	15	10	10	10	10	10	10	4	9	9	9	9	18	13	
9	4	0	5	2	7	9	9	12	13	7	7	7	7	7	7	0	5	5	9	9	17	13	
11	8	5	0	6	7	11	11	11	13	7	7	7	7	7	7	5	7	7	11	11	18	13	
10	6	2	6	0	6	10	10	12	13	6	6	6	6	6	6	2	4	4	10	10	17	14	
11	10	7	7	6	0	11	11	13	11	0	0	0	0	0	0	7	8	8	11	11	19	14	
0	9	9	11	10	11	0	0	15	12	11	11	11	11	11	11	9	12	12	0	0	19	14	
0	9	9	11	10	11	0	0	15	12	11	11	11	11	11	11	9	12	12	0	0	19	14	
15	16	12	11	12	13	15	15	0	4	13	13	13	13	13	13	12	11	11	15	15	14	14	
12	15	13	13	13	11	12	12	4	0	11	11	11	11	11	11	13	12	12	12	12	10	10	
11	10	7	7	6	0	11	11	13	11	0	0	0	0	0	0	7	8	8	11	11	19	14	
11	10	7	7	6	0	11	11	13	11	0	0	0	0	0	0	7	8	8	11	11	19	14	
11	10	7	7	6	0	11	11	13	11	0	0	0	0	0	0	7	8	8	11	11	19	14	
11	10	7	7	6	0	11	11	13	11	0	0	0	0	0	0	7	8	8	11	11	19	14	
11	10	7	7	6	0	11	11	13	11	0	0	0	0	0	0	7	8	8	11	11	19	14	
11	10	7	7	6	0	11	11	13	11	0	0	0	0	0	0	7	8	8	11	11	19	14	
9	4	0	5	2	7	9	9	12	13	7	7	7	7	7	7	0	5	5	9	9	17	13	
12	9	5	7	4	8	12	12	11	12	8	8	8	8	8	8	5	0	0	12	12	16	15	
12	9	5	7	4	8	12	12	11	12	8	8	8	8	8	8	5	0	0	12	12	16	15	
0	9	9	11	10	11	0	0	15	12	11	11	11	11	11	11	9	12	12	0	0	19	14	
0	9	9	11	10	11	0	0	15	12	11	11	11	11	11	11	9	12	12	0	0	19	14	
19	18	17	18	17	19	19	19	14	10	19	19	19	19	19	19	17	16	16	19	19	0	11	
14	13	13	13	14	14	14	14	14	10	14	14	14	14	14	14	13	15	15	14	14	11	0	

cost:162.0
