Instance Date:215-1

VehicleNumber---RequestNumber---MaxTravelTime---DisinfectionTime
2	11	90	30

VehicleCapacity---VehicleLunchReadyTime---VehicleLunchDueTime---VehicleLunchDuration
9	300	360	60

LocationID---StaffDemand---SeatDemand---ReadyTime---DueTime---ServiceTime
0	0	0.0	0	780	0	
1	2	1.5	30	60	10	
2	2	1.5	30	50	10	
3	2	1.5	40	100	3	
4	2	1.5	80	140	27	
5	2	1.5	151	211	8	
6	2	1.5	30	90	10	
7	2	1.5	40	100	10	
8	2	1.5	30	60	8	
9	2	1.5	120	180	10	
10	2	1.0	30	300	8	
11	2	1.5	200	260	8	
12	2	-1.5	30	90	3	
13	2	-1.5	30	90	3	
14	2	-1.5	60	120	3	
15	2	-1.5	120	180	3	
16	2	-1.5	151	231	10	
17	2	-1.5	60	120	3	
18	2	-1.5	60	120	3	
19	2	-1.5	45	135	3	
20	2	-1.5	150	210	3	
21	2	-1.0	30	300	10	
22	2	-1.5	200	290	10	

Travel Time Between Locations
0	9	9	11	10	11	7	7	11	6	11	11	11	11	11	11	9	11	11	0	11	9	9	
9	0	4	8	6	10	6	6	10	12	10	10	10	10	10	10	4	10	10	9	10	0	0	
9	4	0	5	2	7	7	6	7	13	7	7	7	7	7	7	0	7	7	9	7	4	4	
11	8	5	0	6	7	6	7	7	14	7	7	7	7	7	7	5	7	7	11	7	8	8	
10	6	2	6	0	6	8	7	6	13	6	6	6	6	6	6	2	6	6	10	6	6	6	
11	10	7	7	6	0	9	8	0	14	0	0	0	0	0	0	7	0	0	11	0	10	10	
7	6	7	6	8	9	0	1	9	10	9	9	9	9	9	9	7	9	9	7	9	6	6	
7	6	6	7	7	8	1	0	8	11	8	8	8	8	8	8	6	8	8	7	8	6	6	
11	10	7	7	6	0	9	8	0	14	0	0	0	0	0	0	7	0	0	11	0	10	10	
6	12	13	14	13	14	10	11	14	0	14	14	14	14	14	14	13	14	14	6	14	12	12	
11	10	7	7	6	0	9	8	0	14	0	0	0	0	0	0	7	0	0	11	0	10	10	
11	10	7	7	6	0	9	8	0	14	0	0	0	0	0	0	7	0	0	11	0	10	10	
11	10	7	7	6	0	9	8	0	14	0	0	0	0	0	0	7	0	0	11	0	10	10	
11	10	7	7	6	0	9	8	0	14	0	0	0	0	0	0	7	0	0	11	0	10	10	
11	10	7	7	6	0	9	8	0	14	0	0	0	0	0	0	7	0	0	11	0	10	10	
11	10	7	7	6	0	9	8	0	14	0	0	0	0	0	0	7	0	0	11	0	10	10	
9	4	0	5	2	7	7	6	7	13	7	7	7	7	7	7	0	7	7	9	7	4	4	
11	10	7	7	6	0	9	8	0	14	0	0	0	0	0	0	7	0	0	11	0	10	10	
11	10	7	7	6	0	9	8	0	14	0	0	0	0	0	0	7	0	0	11	0	10	10	
0	9	9	11	10	11	7	7	11	6	11	11	11	11	11	11	9	11	11	0	11	9	9	
11	10	7	7	6	0	9	8	0	14	0	0	0	0	0	0	7	0	0	11	0	10	10	
9	0	4	8	6	10	6	6	10	12	10	10	10	10	10	10	4	10	10	9	10	0	0	
9	0	4	8	6	10	6	6	10	12	10	10	10	10	10	10	4	10	10	9	10	0	0	

cost:134.0
