Instance Date:215-1

VehicleNumber---RequestNumber---MaxTravelTime---DisinfectionTime
2	11	90	30

VehicleCapacity---VehicleLunchReadyTime---VehicleLunchDueTime---VehicleLunchDuration
9	300	360	60

LocationID---StaffDemand---SeatDemand---ReadyTime---DueTime---ServiceTime
0	0	0.0	0	780	0	
1	2	3.0	30	750	8	
2	2	1.0	30	750	8	
3	2	2.5	60	120	10	
4	2	2.5	120	180	10	
5	2	1.5	345	435	8	
6	2	1.5	416	476	8	
7	2	2.5	45	105	10	
8	2	2.5	30	70	10	
9	2	1.0	30	750	8	
10	3	3.0	130	190	3	
11	3	1.5	180	240	8	
12	2	-3.0	30	750	3	
13	2	-1.0	30	750	3	
14	2	-2.5	90	150	3	
15	2	-2.5	150	210	3	
16	2	-1.5	375	465	3	
17	2	-1.5	416	506	10	
18	2	-2.5	75	135	3	
19	2	-2.5	30	110	3	
20	2	-1.0	30	750	3	
21	3	-3.0	150	210	3	
22	3	-1.5	180	260	27	

Travel Time Between Locations
0	0	0	15	12	11	11	19	25	0	8	11	12	12	0	0	19	14	8	0	11	11	10	
0	0	0	15	12	11	11	19	25	0	8	11	12	12	0	0	19	14	8	0	11	11	10	
0	0	0	15	12	11	11	19	25	0	8	11	12	12	0	0	19	14	8	0	11	11	10	
15	15	15	0	4	13	13	14	20	15	13	13	11	11	15	15	14	14	12	15	13	13	12	
12	12	12	4	0	11	11	15	19	12	16	11	12	12	12	12	10	10	11	12	11	11	13	
11	11	11	13	11	0	0	15	19	11	10	0	8	8	11	11	19	14	3	11	0	0	6	
11	11	11	13	11	0	0	15	19	11	10	0	8	8	11	11	19	14	3	11	0	0	6	
19	19	19	14	15	15	15	0	10	19	17	15	13	13	19	19	18	19	13	19	15	15	13	
25	25	25	20	19	19	19	10	0	25	22	19	18	18	25	25	20	21	19	25	19	19	18	
0	0	0	15	12	11	11	19	25	0	8	11	12	12	0	0	19	14	8	0	11	11	10	
8	8	8	13	16	10	10	17	22	8	0	10	10	10	8	8	18	13	8	8	10	10	9	
11	11	11	13	11	0	0	15	19	11	10	0	8	8	11	11	19	14	3	11	0	0	6	
12	12	12	11	12	8	8	13	18	12	10	8	0	0	12	12	16	15	5	12	8	8	4	
12	12	12	11	12	8	8	13	18	12	10	8	0	0	12	12	16	15	5	12	8	8	4	
0	0	0	15	12	11	11	19	25	0	8	11	12	12	0	0	19	14	8	0	11	11	10	
0	0	0	15	12	11	11	19	25	0	8	11	12	12	0	0	19	14	8	0	11	11	10	
19	19	19	14	10	19	19	18	20	19	18	19	16	16	19	19	0	11	18	19	19	19	17	
14	14	14	14	10	14	14	19	21	14	13	14	15	15	14	14	11	0	12	14	14	14	14	
8	8	8	12	11	3	3	13	19	8	8	3	5	5	8	8	18	12	0	8	3	3	4	
0	0	0	15	12	11	11	19	25	0	8	11	12	12	0	0	19	14	8	0	11	11	10	
11	11	11	13	11	0	0	15	19	11	10	0	8	8	11	11	19	14	3	11	0	0	6	
11	11	11	13	11	0	0	15	19	11	10	0	8	8	11	11	19	14	3	11	0	0	6	
10	10	10	12	13	6	6	13	18	10	9	6	4	4	10	10	17	14	4	10	6	6	0	

cost:184.0
