Instance Date:215-1

VehicleNumber---RequestNumber---MaxTravelTime---DisinfectionTime
2	12	90	30

VehicleCapacity---VehicleLunchReadyTime---VehicleLunchDueTime---VehicleLunchDuration
9	300	360	60

LocationID---StaffDemand---SeatDemand---ReadyTime---DueTime---ServiceTime
0	0	0.0	0	780	0	
1	2	1.5	110	170	10	
2	2	1.5	100	160	10	
3	2	1.0	284	434	8	
4	2	2.5	310	400	8	
5	2	1.5	360	450	8	
6	3	1.5	415	475	8	
7	2	3.0	30	750	8	
8	2	1.0	30	750	8	
9	2	2.5	60	120	10	
10	2	2.5	120	180	10	
11	2	1.5	345	435	8	
12	2	1.5	416	476	8	
13	2	-1.5	150	210	3	
14	2	-1.5	120	180	3	
15	2	-1.0	284	464	3	
16	2	-2.5	330	420	3	
17	2	-1.5	390	480	3	
18	3	-1.5	415	495	3	
19	2	-3.0	30	750	3	
20	2	-1.0	30	750	3	
21	2	-2.5	90	150	3	
22	2	-2.5	150	210	3	
23	2	-1.5	375	465	3	
24	2	-1.5	416	506	10

Travel Time Between Locations
0	27	8	0	0	11	11	0	0	15	12	11	11	11	11	11	8	12	11	12	12	0	0	19	14	
27	0	20	27	27	23	23	27	27	26	28	23	23	23	23	23	20	31	20	21	21	27	27	31	30	
8	20	0	8	8	6	6	8	8	9	10	6	6	6	6	6	5	14	3	7	7	8	8	18	12	
0	27	8	0	0	11	11	0	0	15	12	11	11	11	11	11	8	12	11	12	12	0	0	19	14	
0	27	8	0	0	11	11	0	0	15	12	11	11	11	11	11	8	12	11	12	12	0	0	19	14	
11	23	6	11	11	0	0	11	11	13	11	0	0	0	0	0	3	15	7	8	8	11	11	19	14	
11	23	6	11	11	0	0	11	11	13	11	0	0	0	0	0	3	15	7	8	8	11	11	19	14	
0	27	8	0	0	11	11	0	0	15	12	11	11	11	11	11	8	12	11	12	12	0	0	19	14	
0	27	8	0	0	11	11	0	0	15	12	11	11	11	11	11	8	12	11	12	12	0	0	19	14	
15	26	9	15	15	13	13	15	15	0	4	13	13	13	13	13	12	18	11	11	11	15	15	14	14	
12	28	10	12	12	11	11	12	12	4	0	11	11	11	11	11	11	22	13	12	12	12	12	10	10	
11	23	6	11	11	0	0	11	11	13	11	0	0	0	0	0	3	15	7	8	8	11	11	19	14	
11	23	6	11	11	0	0	11	11	13	11	0	0	0	0	0	3	15	7	8	8	11	11	19	14	
11	23	6	11	11	0	0	11	11	13	11	0	0	0	0	0	3	15	7	8	8	11	11	19	14	
11	23	6	11	11	0	0	11	11	13	11	0	0	0	0	0	3	15	7	8	8	11	11	19	14	
11	23	6	11	11	0	0	11	11	13	11	0	0	0	0	0	3	15	7	8	8	11	11	19	14	
8	20	5	8	8	3	3	8	8	12	11	3	3	3	3	3	0	14	5	5	5	8	8	18	12	
12	31	14	12	12	15	15	12	12	18	22	15	15	15	15	15	14	0	12	17	17	12	12	21	16	
11	20	3	11	11	7	7	11	11	11	13	7	7	7	7	7	5	12	0	7	7	11	11	18	13	
12	21	7	12	12	8	8	12	12	11	12	8	8	8	8	8	5	17	7	0	0	12	12	16	15	
12	21	7	12	12	8	8	12	12	11	12	8	8	8	8	8	5	17	7	0	0	12	12	16	15	
0	27	8	0	0	11	11	0	0	15	12	11	11	11	11	11	8	12	11	12	12	0	0	19	14	
0	27	8	0	0	11	11	0	0	15	12	11	11	11	11	11	8	12	11	12	12	0	0	19	14	
19	31	18	19	19	19	19	19	19	14	10	19	19	19	19	19	18	21	18	16	16	19	19	0	11	
14	30	12	14	14	14	14	14	14	14	10	14	14	14	14	14	12	16	13	15	15	14	14	11	0	

cost:200.0
