Instance Date:201-1

VehicleNumber---RequestNumber---MaxTravelTime---DisinfectionTime
2	13	90	30

VehicleCapacity---VehicleLunchReadyTime---VehicleLunchDueTime---VehicleLunchDuration
9	300	360	60

LocationID---StaffDemand---SeatDemand---ReadyTime---DueTime---ServiceTime
0	0	0.0	0	780	0	
1	2	3.0	30	300	8	
2	2	4.0	30	60	8	
3	2	1.5	30	90	10	
4	2	2.5	427	487	8	
5	2	1.0	300	750	8	
6	2	3.0	510	630	8	
7	2	1.5	30	90	10	
8	2	1.5	40	100	10	
9	2	2.5	40	100	10	
10	2	1.0	30	300	8	
11	2	1.5	90	150	10	
12	2	1.5	178	238	8	
13	2	4.0	160	220	10	
14	2	-3.0	30	300	3	
15	2	-4.0	15	105	3	
16	2	-1.5	60	120	3	
17	2	-2.5	427	507	10	
18	2	-1.0	300	750	10	
19	2	-3.0	510	660	10	
20	2	-1.5	60	120	3	
21	2	-1.5	60	120	3	
22	2	-2.5	60	120	3	
23	2	-1.0	30	300	3	
24	2	-1.5	120	180	3	
25	2	-1.5	178	258	10	
26	2	-4.0	180	240	3	

Travel Time Between Locations
0	0	12	12	0	12	12	13	8	8	0	4	11	8	12	0	11	11	4	2	11	11	0	11	11	4	0	
0	0	12	12	0	12	12	13	8	8	0	4	11	8	12	0	11	11	4	2	11	11	0	11	11	4	0	
12	12	0	3	12	0	0	15	9	9	12	14	8	10	0	12	8	2	12	12	8	8	12	8	8	14	12	
12	12	3	0	12	3	3	16	10	10	12	14	9	10	3	12	9	1	14	12	9	9	12	9	9	14	12	
0	0	12	12	0	12	12	13	8	8	0	4	11	8	12	0	11	11	4	2	11	11	0	11	11	4	0	
12	12	0	3	12	0	0	15	9	9	12	14	8	10	0	12	8	2	12	12	8	8	12	8	8	14	12	
12	12	0	3	12	0	0	15	9	9	12	14	8	10	0	12	8	2	12	12	8	8	12	8	8	14	12	
13	13	15	16	13	15	15	0	10	11	13	9	14	10	15	13	14	15	12	11	14	14	13	14	14	9	13	
8	8	9	10	8	9	9	10	0	3	8	5	8	6	9	8	8	10	7	6	8	8	8	8	8	5	8	
8	8	9	10	8	9	9	11	3	0	8	5	7	7	9	8	7	9	8	7	7	7	8	7	7	5	8	
0	0	12	12	0	12	12	13	8	8	0	4	11	8	12	0	11	11	4	2	11	11	0	11	11	4	0	
4	4	14	14	4	14	14	9	5	5	4	0	11	8	14	4	11	13	4	2	11	11	4	11	11	0	4	
11	11	8	9	11	8	8	14	8	7	11	11	0	7	8	11	0	8	11	10	0	0	11	0	0	11	11	
8	8	10	10	8	10	10	10	6	7	8	8	7	0	10	8	7	10	8	7	7	7	8	7	7	8	8	
12	12	0	3	12	0	0	15	9	9	12	14	8	10	0	12	8	2	12	12	8	8	12	8	8	14	12	
0	0	12	12	0	12	12	13	8	8	0	4	11	8	12	0	11	11	4	2	11	11	0	11	11	4	0	
11	11	8	9	11	8	8	14	8	7	11	11	0	7	8	11	0	8	11	10	0	0	11	0	0	11	11	
11	11	2	1	11	2	2	15	10	9	11	13	8	10	2	11	8	0	13	11	8	8	11	8	8	13	11	
4	4	12	14	4	12	12	12	7	8	4	4	11	8	12	4	11	13	0	2	11	11	4	11	11	4	4	
2	2	12	12	2	12	12	11	6	7	2	2	10	7	12	2	10	11	2	0	10	10	2	10	10	2	2	
11	11	8	9	11	8	8	14	8	7	11	11	0	7	8	11	0	8	11	10	0	0	11	0	0	11	11	
11	11	8	9	11	8	8	14	8	7	11	11	0	7	8	11	0	8	11	10	0	0	11	0	0	11	11	
0	0	12	12	0	12	12	13	8	8	0	4	11	8	12	0	11	11	4	2	11	11	0	11	11	4	0	
11	11	8	9	11	8	8	14	8	7	11	11	0	7	8	11	0	8	11	10	0	0	11	0	0	11	11	
11	11	8	9	11	8	8	14	8	7	11	11	0	7	8	11	0	8	11	10	0	0	11	0	0	11	11	
4	4	14	14	4	14	14	9	5	5	4	0	11	8	14	4	11	13	4	2	11	11	4	11	11	0	4	
0	0	12	12	0	12	12	13	8	8	0	4	11	8	12	0	11	11	4	2	11	11	0	11	11	4	0	

cost:142.0
