Instance Date:202-3

VehicleNumber---RequestNumber---MaxTravelTime---DisinfectionTime
2	13	90	30

VehicleCapacity---VehicleLunchReadyTime---VehicleLunchDueTime---VehicleLunchDuration
9	300	360	60

LocationID---StaffDemand---SeatDemand---ReadyTime---DueTime---ServiceTime
0	0	0.0	0	780	0	
1	2	2.5	439	499	8	
2	3	1.0	510	630	8	
3	2	1.0	570	720	8	
4	2	1.5	467	587	8	
5	2	1.0	445	595	8	
6	2	3.0	300	750	8	
7	2	1.5	30	60	10	
8	2	1.5	30	50	10	
9	2	2.5	30	90	10	
10	2	1.0	30	750	8	
11	2	1.5	100	160	9	
12	2	1.5	165	255	8	
13	3	1.5	176	236	8	
14	2	-2.5	439	519	10	
15	3	-1.0	510	650	3	
16	2	-1.0	570	750	3	
17	2	-1.5	467	607	3	
18	2	-1.0	445	625	3	
19	2	-3.0	300	750	10	
20	2	-1.5	30	90	3	
21	2	-1.5	30	90	3	
22	2	-2.5	60	120	3	
23	2	-1.0	30	750	3	
24	2	-1.5	120	180	3	
25	2	-1.5	195	285	3	
26	3	-1.5	176	256	9

Travel Time Between Locations
0	0	12	0	0	0	11	9	12	13	0	11	11	11	11	11	11	11	11	5	11	11	0	11	11	0	8	
0	0	12	0	0	0	11	9	12	13	0	11	11	11	11	11	11	11	11	5	11	11	0	11	11	0	8	
12	12	0	12	12	12	8	8	1	12	12	3	8	8	4	6	8	8	8	9	8	8	12	8	8	12	11	
0	0	12	0	0	0	11	9	12	13	0	11	11	11	11	11	11	11	11	5	11	11	0	11	11	0	8	
0	0	12	0	0	0	11	9	12	13	0	11	11	11	11	11	11	11	11	5	11	11	0	11	11	0	8	
0	0	12	0	0	0	11	9	12	13	0	11	11	11	11	11	11	11	11	5	11	11	0	11	11	0	8	
11	11	8	11	11	11	0	12	8	13	11	6	0	0	9	8	0	0	0	6	0	0	11	0	0	11	7	
9	9	8	9	9	9	12	0	7	17	9	9	12	12	10	7	12	12	12	8	12	12	9	12	12	9	11	
12	12	1	12	12	12	8	7	0	11	12	4	8	8	3	5	8	8	8	9	8	8	12	8	8	12	10	
13	13	12	13	13	13	13	17	11	0	13	12	13	13	12	14	13	13	13	11	13	13	13	13	13	13	6	
0	0	12	0	0	0	11	9	12	13	0	11	11	11	11	11	11	11	11	5	11	11	0	11	11	0	8	
11	11	3	11	11	11	6	9	4	12	11	0	6	6	7	7	6	6	6	7	6	6	11	6	6	11	9	
11	11	8	11	11	11	0	12	8	13	11	6	0	0	9	8	0	0	0	6	0	0	11	0	0	11	7	
11	11	8	11	11	11	0	12	8	13	11	6	0	0	9	8	0	0	0	6	0	0	11	0	0	11	7	
11	11	4	11	11	11	9	10	3	12	11	7	9	9	0	7	9	9	9	9	9	9	11	9	9	11	10	
11	11	6	11	11	11	8	7	5	14	11	7	8	8	7	0	8	8	8	8	8	8	11	8	8	11	8	
11	11	8	11	11	11	0	12	8	13	11	6	0	0	9	8	0	0	0	6	0	0	11	0	0	11	7	
11	11	8	11	11	11	0	12	8	13	11	6	0	0	9	8	0	0	0	6	0	0	11	0	0	11	7	
11	11	8	11	11	11	0	12	8	13	11	6	0	0	9	8	0	0	0	6	0	0	11	0	0	11	7	
5	5	9	5	5	5	6	8	9	11	5	7	6	6	9	8	6	6	6	0	6	6	5	6	6	5	8	
11	11	8	11	11	11	0	12	8	13	11	6	0	0	9	8	0	0	0	6	0	0	11	0	0	11	7	
11	11	8	11	11	11	0	12	8	13	11	6	0	0	9	8	0	0	0	6	0	0	11	0	0	11	7	
0	0	12	0	0	0	11	9	12	13	0	11	11	11	11	11	11	11	11	5	11	11	0	11	11	0	8	
11	11	8	11	11	11	0	12	8	13	11	6	0	0	9	8	0	0	0	6	0	0	11	0	0	11	7	
11	11	8	11	11	11	0	12	8	13	11	6	0	0	9	8	0	0	0	6	0	0	11	0	0	11	7	
0	0	12	0	0	0	11	9	12	13	0	11	11	11	11	11	11	11	11	5	11	11	0	11	11	0	8	
8	8	11	8	8	8	7	11	10	6	8	9	7	7	10	8	7	7	7	8	7	7	8	7	7	8	0	

cost:136.0
