Instance Date:202-4

VehicleNumber---RequestNumber---MaxTravelTime---DisinfectionTime
2	13	90	30

VehicleCapacity---VehicleLunchReadyTime---VehicleLunchDueTime---VehicleLunchDuration
9	300	360	60

LocationID---StaffDemand---SeatDemand---ReadyTime---DueTime---ServiceTime
0	0	0.0	0	780	0	
1	2	1.5	30	60	10	
2	2	1.5	30	50	10	
3	2	2.5	30	90	10	
4	2	1.0	30	300	8	
5	2	1.5	100	160	9	
6	3	1.5	176	236	8	
7	2	1.5	165	255	8	
8	2	1.5	467	587	8	
9	2	1.0	445	595	8	
10	2	1.0	582	732	8	
11	2	1.0	248	368	8	
12	2	2.5	231	291	8	
13	2	2.5	315	375	10	
14	2	-1.5	30	90	3	
15	2	-1.5	30	90	3	
16	2	-2.5	60	120	3	
17	2	-1.0	30	300	3	
18	2	-1.5	120	180	3	
19	3	-1.5	176	256	9	
20	2	-1.5	195	285	3	
21	2	-1.5	467	607	3	
22	2	-1.0	445	625	3	
23	2	-1.0	582	750	3	
24	2	-1.0	248	388	10	
25	2	-2.5	231	321	10	
26	2	-2.5	345	405	3

Travel Time Between Locations
0	9	12	13	0	11	11	11	0	0	0	0	0	13	11	11	0	11	11	8	0	11	11	11	9	15	0	
9	0	7	17	9	9	12	12	9	9	9	9	9	11	12	12	9	12	12	11	9	12	12	12	9	12	9	
12	7	0	11	12	4	8	8	12	12	12	12	12	5	8	8	12	8	8	10	12	8	8	8	6	5	12	
13	17	11	0	13	12	13	13	13	13	13	13	13	9	13	13	13	13	13	6	13	13	13	13	9	12	13	
0	9	12	13	0	11	11	11	0	0	0	0	0	13	11	11	0	11	11	8	0	11	11	11	9	15	0	
11	9	4	12	11	0	6	6	11	11	11	11	11	6	6	6	11	6	6	9	11	6	6	6	5	8	11	
11	12	8	13	11	6	0	0	11	11	11	11	11	9	0	0	11	0	0	7	11	0	0	0	5	12	11	
11	12	8	13	11	6	0	0	11	11	11	11	11	9	0	0	11	0	0	7	11	0	0	0	5	12	11	
0	9	12	13	0	11	11	11	0	0	0	0	0	13	11	11	0	11	11	8	0	11	11	11	9	15	0	
0	9	12	13	0	11	11	11	0	0	0	0	0	13	11	11	0	11	11	8	0	11	11	11	9	15	0	
0	9	12	13	0	11	11	11	0	0	0	0	0	13	11	11	0	11	11	8	0	11	11	11	9	15	0	
0	9	12	13	0	11	11	11	0	0	0	0	0	13	11	11	0	11	11	8	0	11	11	11	9	15	0	
0	9	12	13	0	11	11	11	0	0	0	0	0	13	11	11	0	11	11	8	0	11	11	11	9	15	0	
13	11	5	9	13	6	9	9	13	13	13	13	13	0	9	9	13	9	9	11	13	9	9	9	8	4	13	
11	12	8	13	11	6	0	0	11	11	11	11	11	9	0	0	11	0	0	7	11	0	0	0	5	12	11	
11	12	8	13	11	6	0	0	11	11	11	11	11	9	0	0	11	0	0	7	11	0	0	0	5	12	11	
0	9	12	13	0	11	11	11	0	0	0	0	0	13	11	11	0	11	11	8	0	11	11	11	9	15	0	
11	12	8	13	11	6	0	0	11	11	11	11	11	9	0	0	11	0	0	7	11	0	0	0	5	12	11	
11	12	8	13	11	6	0	0	11	11	11	11	11	9	0	0	11	0	0	7	11	0	0	0	5	12	11	
8	11	10	6	8	9	7	7	8	8	8	8	8	11	7	7	8	7	7	0	8	7	7	7	7	11	8	
0	9	12	13	0	11	11	11	0	0	0	0	0	13	11	11	0	11	11	8	0	11	11	11	9	15	0	
11	12	8	13	11	6	0	0	11	11	11	11	11	9	0	0	11	0	0	7	11	0	0	0	5	12	11	
11	12	8	13	11	6	0	0	11	11	11	11	11	9	0	0	11	0	0	7	11	0	0	0	5	12	11	
11	12	8	13	11	6	0	0	11	11	11	11	11	9	0	0	11	0	0	7	11	0	0	0	5	12	11	
9	9	6	9	9	5	5	5	9	9	9	9	9	8	5	5	9	5	5	7	9	5	5	5	0	9	9	
15	12	5	12	15	8	12	12	15	15	15	15	15	4	12	12	15	12	12	11	15	12	12	12	9	0	15	
0	9	12	13	0	11	11	11	0	0	0	0	0	13	11	11	0	11	11	8	0	11	11	11	9	15	0	

cost:139.0
