Instance Date:214-3

VehicleNumber---RequestNumber---MaxTravelTime---DisinfectionTime
2	14	90	30

VehicleCapacity---VehicleLunchReadyTime---VehicleLunchDueTime---VehicleLunchDuration
9	225	285	60

LocationID---StaffDemand---SeatDemand---ReadyTime---DueTime---ServiceTime
0	0	0.0	0	780	0	
1	3	2.5	220	280	8	
2	2	2.5	190	250	3	
3	2	4.0	219	279	8	
4	2	3.0	311	431	8	
5	2	1.5	330	390	10	
6	2	1.5	391	451	8	
7	2	1.0	30	300	8	
8	2	1.5	30	50	3	
9	2	1.5	40	100	10	
10	2	1.0	30	300	8	
11	2	1.5	45	135	8	
12	2	3.0	350	500	8	
13	2	1.0	465	585	8	
14	2	3.0	510	630	8	
15	3	-2.5	220	300	3	
16	2	-2.5	210	270	3	
17	2	-4.0	219	299	10	
18	2	-3.0	311	451	10	
19	2	-1.5	360	420	3	
20	2	-1.5	391	471	10	
21	2	-1.0	30	300	3	
22	2	-1.5	30	90	3	
23	2	-1.5	60	120	3	
24	2	-1.0	30	300	3	
25	2	-1.5	75	165	3	
26	2	-3.0	350	530	3	
27	2	-1.0	465	605	10	
28	2	-3.0	510	650	10

Travel Time Between Locations
0	0	7	0	0	6	11	0	7	9	11	11	0	0	12	7	0	7	7	11	9	11	11	11	0	0	12	11	11	
0	0	7	0	0	6	11	0	7	9	11	11	0	0	12	7	0	7	7	11	9	11	11	11	0	0	12	11	11	
7	7	0	7	7	3	11	7	10	11	11	11	7	7	14	0	7	10	2	11	11	11	11	11	7	7	14	13	13	
0	0	7	0	0	6	11	0	7	9	11	11	0	0	12	7	0	7	7	11	9	11	11	11	0	0	12	11	11	
0	0	7	0	0	6	11	0	7	9	11	11	0	0	12	7	0	7	7	11	9	11	11	11	0	0	12	11	11	
6	6	3	6	6	0	14	6	10	12	14	14	6	6	16	3	6	10	3	14	12	14	14	14	6	6	16	13	13	
11	11	11	11	11	14	0	11	7	8	0	0	11	11	8	11	11	7	13	0	8	0	0	0	11	11	8	6	6	
0	0	7	0	0	6	11	0	7	9	11	11	0	0	12	7	0	7	7	11	9	11	11	11	0	0	12	11	11	
7	7	10	7	7	10	7	7	0	2	7	7	7	7	7	10	7	0	10	7	2	7	7	7	7	7	7	5	5	
9	9	11	9	9	12	8	9	2	0	8	8	9	9	8	11	9	2	11	8	0	8	8	8	9	9	8	6	6	
11	11	11	11	11	14	0	11	7	8	0	0	11	11	8	11	11	7	13	0	8	0	0	0	11	11	8	6	6	
11	11	11	11	11	14	0	11	7	8	0	0	11	11	8	11	11	7	13	0	8	0	0	0	11	11	8	6	6	
0	0	7	0	0	6	11	0	7	9	11	11	0	0	12	7	0	7	7	11	9	11	11	11	0	0	12	11	11	
0	0	7	0	0	6	11	0	7	9	11	11	0	0	12	7	0	7	7	11	9	11	11	11	0	0	12	11	11	
12	12	14	12	12	16	8	12	7	8	8	8	12	12	0	14	12	7	15	8	8	8	8	8	12	12	0	6	6	
7	7	0	7	7	3	11	7	10	11	11	11	7	7	14	0	7	10	2	11	11	11	11	11	7	7	14	13	13	
0	0	7	0	0	6	11	0	7	9	11	11	0	0	12	7	0	7	7	11	9	11	11	11	0	0	12	11	11	
7	7	10	7	7	10	7	7	0	2	7	7	7	7	7	10	7	0	10	7	2	7	7	7	7	7	7	5	5	
7	7	2	7	7	3	13	7	10	11	13	13	7	7	15	2	7	10	0	13	11	13	13	13	7	7	15	14	14	
11	11	11	11	11	14	0	11	7	8	0	0	11	11	8	11	11	7	13	0	8	0	0	0	11	11	8	6	6	
9	9	11	9	9	12	8	9	2	0	8	8	9	9	8	11	9	2	11	8	0	8	8	8	9	9	8	6	6	
11	11	11	11	11	14	0	11	7	8	0	0	11	11	8	11	11	7	13	0	8	0	0	0	11	11	8	6	6	
11	11	11	11	11	14	0	11	7	8	0	0	11	11	8	11	11	7	13	0	8	0	0	0	11	11	8	6	6	
11	11	11	11	11	14	0	11	7	8	0	0	11	11	8	11	11	7	13	0	8	0	0	0	11	11	8	6	6	
0	0	7	0	0	6	11	0	7	9	11	11	0	0	12	7	0	7	7	11	9	11	11	11	0	0	12	11	11	
0	0	7	0	0	6	11	0	7	9	11	11	0	0	12	7	0	7	7	11	9	11	11	11	0	0	12	11	11	
12	12	14	12	12	16	8	12	7	8	8	8	12	12	0	14	12	7	15	8	8	8	8	8	12	12	0	6	6	
11	11	13	11	11	13	6	11	5	6	6	6	11	11	6	13	11	5	14	6	6	6	6	6	11	11	6	0	0	
11	11	13	11	11	13	6	11	5	6	6	6	11	11	6	13	11	5	14	6	6	6	6	6	11	11	6	0	0	

cost:124.0
