Instance Date:215-2

VehicleNumber---RequestNumber---MaxTravelTime---DisinfectionTime
2	14	90	30

VehicleCapacity---VehicleLunchReadyTime---VehicleLunchDueTime---VehicleLunchDuration
9	300	360	60

LocationID---StaffDemand---SeatDemand---ReadyTime---DueTime---ServiceTime
0	0	0.0	0	780	0	
1	2	1.5	30	90	10	
2	2	1.5	40	100	10	
3	2	1.5	30	60	8	
4	2	1.0	386	536	8	
5	2	1.0	256	406	8	
6	2	1.5	415	475	8	
7	2	1.5	420	480	8	
8	3	1.0	559	679	8	
9	2	3.0	300	750	8	
10	2	3.0	510	630	8	
11	2	1.0	510	630	8	
12	2	3.0	207	327	8	
13	2	1.5	203	263	8	
14	2	1.5	200	260	8	
15	2	-1.5	60	120	3	
16	2	-1.5	60	120	3	
17	2	-1.5	45	135	3	
18	2	-1.0	386	566	3	
19	2	-1.0	256	436	3	
20	2	-1.5	415	495	10	
21	2	-1.5	420	500	10	
22	3	-1.0	559	699	3	
23	2	-3.0	300	750	3	
24	2	-3.0	510	650	10	
25	2	-1.0	510	650	10	
26	2	-3.0	207	337	3	
27	2	-1.5	203	283	10	
28	2	-1.5	200	290	10

Travel Time Between Locations
0	7	7	11	0	0	11	11	0	0	12	12	8	11	11	11	11	0	11	11	7	7	5	12	10	7	11	13	6	
7	0	1	9	7	7	9	9	7	7	9	9	6	9	9	9	9	7	9	9	6	6	3	9	6	6	9	9	10	
7	1	0	8	7	7	8	8	7	7	9	9	5	8	8	8	8	7	8	8	5	5	3	9	7	5	8	8	11	
11	9	8	0	11	11	0	0	11	11	8	8	3	0	0	0	0	11	0	0	10	10	8	8	6	9	0	7	14	
0	7	7	11	0	0	11	11	0	0	12	12	8	11	11	11	11	0	11	11	7	7	5	12	10	7	11	13	6	
0	7	7	11	0	0	11	11	0	0	12	12	8	11	11	11	11	0	11	11	7	7	5	12	10	7	11	13	6	
11	9	8	0	11	11	0	0	11	11	8	8	3	0	0	0	0	11	0	0	10	10	8	8	6	9	0	7	14	
11	9	8	0	11	11	0	0	11	11	8	8	3	0	0	0	0	11	0	0	10	10	8	8	6	9	0	7	14	
0	7	7	11	0	0	11	11	0	0	12	12	8	11	11	11	11	0	11	11	7	7	5	12	10	7	11	13	6	
0	7	7	11	0	0	11	11	0	0	12	12	8	11	11	11	11	0	11	11	7	7	5	12	10	7	11	13	6	
12	9	9	8	12	12	8	8	12	12	0	0	5	8	8	8	8	12	8	8	12	12	9	0	5	7	8	7	16	
12	9	9	8	12	12	8	8	12	12	0	0	5	8	8	8	8	12	8	8	12	12	9	0	5	7	8	7	16	
8	6	5	3	8	8	3	3	8	8	5	5	0	3	3	3	3	8	3	3	10	10	7	5	5	6	3	6	12	
11	9	8	0	11	11	0	0	11	11	8	8	3	0	0	0	0	11	0	0	10	10	8	8	6	9	0	7	14	
11	9	8	0	11	11	0	0	11	11	8	8	3	0	0	0	0	11	0	0	10	10	8	8	6	9	0	7	14	
11	9	8	0	11	11	0	0	11	11	8	8	3	0	0	0	0	11	0	0	10	10	8	8	6	9	0	7	14	
11	9	8	0	11	11	0	0	11	11	8	8	3	0	0	0	0	11	0	0	10	10	8	8	6	9	0	7	14	
0	7	7	11	0	0	11	11	0	0	12	12	8	11	11	11	11	0	11	11	7	7	5	12	10	7	11	13	6	
11	9	8	0	11	11	0	0	11	11	8	8	3	0	0	0	0	11	0	0	10	10	8	8	6	9	0	7	14	
11	9	8	0	11	11	0	0	11	11	8	8	3	0	0	0	0	11	0	0	10	10	8	8	6	9	0	7	14	
7	6	5	10	7	7	10	10	7	7	12	12	10	10	10	10	10	7	10	10	0	0	8	12	9	8	10	13	12	
7	6	5	10	7	7	10	10	7	7	12	12	10	10	10	10	10	7	10	10	0	0	8	12	9	8	10	13	12	
5	3	3	8	5	5	8	8	5	5	9	9	7	8	8	8	8	5	8	8	8	8	0	9	8	5	8	10	8	
12	9	9	8	12	12	8	8	12	12	0	0	5	8	8	8	8	12	8	8	12	12	9	0	5	7	8	7	16	
10	6	7	6	10	10	6	6	10	10	5	5	5	6	6	6	6	10	6	6	9	9	8	5	0	6	6	5	14	
7	6	5	9	7	7	9	9	7	7	7	7	6	9	9	9	9	7	9	9	8	8	5	7	6	0	9	7	10	
11	9	8	0	11	11	0	0	11	11	8	8	3	0	0	0	0	11	0	0	10	10	8	8	6	9	0	7	14	
13	9	8	7	13	13	7	7	13	13	7	7	6	7	7	7	7	13	7	7	13	13	10	7	5	7	7	0	13	
6	10	11	14	6	6	14	14	6	6	16	16	12	14	14	14	14	6	14	14	12	12	8	16	14	10	14	13	0	

cost:124.0
