Instance Date:218-1

VehicleNumber---RequestNumber---MaxTravelTime---DisinfectionTime
2	14	90	30

VehicleCapacity---VehicleLunchReadyTime---VehicleLunchDueTime---VehicleLunchDuration
9	300	360	60

LocationID---StaffDemand---SeatDemand---ReadyTime---DueTime---ServiceTime
0	0	0.0	0	780	0	
1	2	1.0	342	492	8	
2	2	1.5	367	427	8	
3	2	1.5	422	482	8	
4	3	2.5	208	268	8	
5	2	1.0	270	390	8	
6	2	1.0	270	390	8	
7	2	1.5	193	313	8	
8	2	1.5	208	328	8	
9	2	1.5	213	273	8	
10	2	4.0	300	360	10	
11	2	1.5	30	60	10	
12	2	1.5	40	100	10	
13	2	1.5	75	165	8	
14	2	1.5	45	135	8	
15	2	-1.0	342	522	3	
16	2	-1.5	367	447	10	
17	2	-1.5	422	502	10	
18	3	-2.5	208	288	3	
19	2	-1.0	270	410	10	
20	2	-1.0	270	410	10	
21	2	-1.5	193	333	3	
22	2	-1.5	208	348	3	
23	2	-1.5	213	293	10	
24	2	-4.0	330	390	3	
25	2	-1.5	30	90	3	
26	2	-1.5	60	120	3	
27	2	-1.5	105	195	3	
28	2	-1.5	75	165	3

Travel Time Between Locations
0	0	11	11	0	11	11	0	0	11	10	7	6	11	11	11	15	15	7	6	11	11	11	12	0	11	11	0	0	
0	0	11	11	0	11	11	0	0	11	10	7	6	11	11	11	15	15	7	6	11	11	11	12	0	11	11	0	0	
11	11	0	0	11	0	0	11	11	0	8	14	8	0	0	0	10	10	10	11	6	0	0	8	11	0	0	11	11	
11	11	0	0	11	0	0	11	11	0	8	14	8	0	0	0	10	10	10	11	6	0	0	8	11	0	0	11	11	
0	0	11	11	0	11	11	0	0	11	10	7	6	11	11	11	15	15	7	6	11	11	11	12	0	11	11	0	0	
11	11	0	0	11	0	0	11	11	0	8	14	8	0	0	0	10	10	10	11	6	0	0	8	11	0	0	11	11	
11	11	0	0	11	0	0	11	11	0	8	14	8	0	0	0	10	10	10	11	6	0	0	8	11	0	0	11	11	
0	0	11	11	0	11	11	0	0	11	10	7	6	11	11	11	15	15	7	6	11	11	11	12	0	11	11	0	0	
0	0	11	11	0	11	11	0	0	11	10	7	6	11	11	11	15	15	7	6	11	11	11	12	0	11	11	0	0	
11	11	0	0	11	0	0	11	11	0	8	14	8	0	0	0	10	10	10	11	6	0	0	8	11	0	0	11	11	
10	10	8	8	10	8	8	10	10	8	0	15	10	8	8	8	7	7	8	11	5	8	8	3	10	8	8	10	10	
7	7	14	14	7	14	14	7	7	14	15	0	7	14	14	14	19	19	11	9	14	14	14	15	7	14	14	7	7	
6	6	8	8	6	8	8	6	6	8	10	7	0	8	8	8	14	14	5	6	10	8	8	10	6	8	8	6	6	
11	11	0	0	11	0	0	11	11	0	8	14	8	0	0	0	10	10	10	11	6	0	0	8	11	0	0	11	11	
11	11	0	0	11	0	0	11	11	0	8	14	8	0	0	0	10	10	10	11	6	0	0	8	11	0	0	11	11	
11	11	0	0	11	0	0	11	11	0	8	14	8	0	0	0	10	10	10	11	6	0	0	8	11	0	0	11	11	
15	15	10	10	15	10	10	15	15	10	7	19	14	10	10	10	0	0	11	14	8	10	10	8	15	10	10	15	15	
15	15	10	10	15	10	10	15	15	10	7	19	14	10	10	10	0	0	11	14	8	10	10	8	15	10	10	15	15	
7	7	10	10	7	10	10	7	7	10	8	11	5	10	10	10	11	11	0	5	6	10	10	7	7	10	10	7	7	
6	6	11	11	6	11	11	6	6	11	11	9	6	11	11	11	14	14	5	0	9	11	11	11	6	11	11	6	6	
11	11	6	6	11	6	6	11	11	6	5	14	10	6	6	6	8	8	6	9	0	6	6	4	11	6	6	11	11	
11	11	0	0	11	0	0	11	11	0	8	14	8	0	0	0	10	10	10	11	6	0	0	8	11	0	0	11	11	
11	11	0	0	11	0	0	11	11	0	8	14	8	0	0	0	10	10	10	11	6	0	0	8	11	0	0	11	11	
12	12	8	8	12	8	8	12	12	8	3	15	10	8	8	8	8	8	7	11	4	8	8	0	12	8	8	12	12	
0	0	11	11	0	11	11	0	0	11	10	7	6	11	11	11	15	15	7	6	11	11	11	12	0	11	11	0	0	
11	11	0	0	11	0	0	11	11	0	8	14	8	0	0	0	10	10	10	11	6	0	0	8	11	0	0	11	11	
11	11	0	0	11	0	0	11	11	0	8	14	8	0	0	0	10	10	10	11	6	0	0	8	11	0	0	11	11	
0	0	11	11	0	11	11	0	0	11	10	7	6	11	11	11	15	15	7	6	11	11	11	12	0	11	11	0	0	
0	0	11	11	0	11	11	0	0	11	10	7	6	11	11	11	15	15	7	6	11	11	11	12	0	11	11	0	0	

cost:139.0
