Instance Date:219-4

VehicleNumber---RequestNumber---MaxTravelTime---DisinfectionTime
2	14	90	30

VehicleCapacity---VehicleLunchReadyTime---VehicleLunchDueTime---VehicleLunchDuration
9	240	300	60

LocationID---StaffDemand---SeatDemand---ReadyTime---DueTime---ServiceTime
0	0	0.0	0	780	0	
1	2	1.5	30	60	10	
2	3	1.5	30	50	9	
3	2	1.5	30	60	8	
4	2	1.0	30	750	8	
5	2	3.0	75	165	8	
6	3	2.5	433	493	8	
7	2	2.5	432	492	8	
8	2	1.5	30	60	10	
9	2	1.5	30	50	10	
10	2	1.5	201	321	8	
11	2	1.0	228	378	8	
12	2	1.5	222	342	8	
13	3	1.0	300	750	8	
14	2	2.5	340	400	10	
15	2	-1.5	30	90	3	
16	3	-1.5	30	90	3	
17	2	-1.5	45	135	3	
18	2	-1.0	30	750	3	
19	2	-3.0	105	195	3	
20	3	-2.5	433	523	15	
21	2	-2.5	432	512	10	
22	2	-1.5	30	90	3	
23	2	-1.5	30	90	3	
24	2	-1.5	201	341	3	
25	2	-1.0	228	408	3	
26	2	-1.5	222	362	3	
27	3	-1.0	300	750	9	
28	2	-2.5	360	420	3

Travel Time Between Locations
0	5	5	11	11	11	0	8	13	11	0	0	0	11	6	11	11	0	0	0	13	14	11	11	11	11	11	6	0	
5	0	0	8	8	8	5	6	8	7	5	5	5	8	3	8	8	5	5	5	8	9	8	8	8	8	8	3	5	
5	0	0	8	8	8	5	6	8	7	5	5	5	8	3	8	8	5	5	5	8	9	8	8	8	8	8	3	5	
11	8	8	0	0	0	11	3	11	8	11	11	11	0	6	0	0	11	11	11	12	12	0	0	0	0	0	6	11	
11	8	8	0	0	0	11	3	11	8	11	11	11	0	6	0	0	11	11	11	12	12	0	0	0	0	0	6	11	
11	8	8	0	0	0	11	3	11	8	11	11	11	0	6	0	0	11	11	11	12	12	0	0	0	0	0	6	11	
0	5	5	11	11	11	0	8	13	11	0	0	0	11	6	11	11	0	0	0	13	14	11	11	11	11	11	6	0	
8	6	6	3	3	3	8	0	8	5	8	8	8	3	5	3	3	8	8	8	10	11	3	3	3	3	3	5	8	
13	8	8	11	11	11	13	8	0	6	13	13	13	11	7	11	11	13	13	13	8	11	11	11	11	11	11	7	13	
11	7	7	8	8	8	11	5	6	0	11	11	11	8	6	8	8	11	11	11	9	10	8	8	8	8	8	6	11	
0	5	5	11	11	11	0	8	13	11	0	0	0	11	6	11	11	0	0	0	13	14	11	11	11	11	11	6	0	
0	5	5	11	11	11	0	8	13	11	0	0	0	11	6	11	11	0	0	0	13	14	11	11	11	11	11	6	0	
0	5	5	11	11	11	0	8	13	11	0	0	0	11	6	11	11	0	0	0	13	14	11	11	11	11	11	6	0	
11	8	8	0	0	0	11	3	11	8	11	11	11	0	6	0	0	11	11	11	12	12	0	0	0	0	0	6	11	
6	3	3	6	6	6	6	5	7	6	6	6	6	6	0	6	6	6	6	6	11	12	6	6	6	6	6	0	6	
11	8	8	0	0	0	11	3	11	8	11	11	11	0	6	0	0	11	11	11	12	12	0	0	0	0	0	6	11	
11	8	8	0	0	0	11	3	11	8	11	11	11	0	6	0	0	11	11	11	12	12	0	0	0	0	0	6	11	
0	5	5	11	11	11	0	8	13	11	0	0	0	11	6	11	11	0	0	0	13	14	11	11	11	11	11	6	0	
0	5	5	11	11	11	0	8	13	11	0	0	0	11	6	11	11	0	0	0	13	14	11	11	11	11	11	6	0	
0	5	5	11	11	11	0	8	13	11	0	0	0	11	6	11	11	0	0	0	13	14	11	11	11	11	11	6	0	
13	8	8	12	12	12	13	10	8	9	13	13	13	12	11	12	12	13	13	13	0	4	12	12	12	12	12	11	13	
14	9	9	12	12	12	14	11	11	10	14	14	14	12	12	12	12	14	14	14	4	0	12	12	12	12	12	12	14	
11	8	8	0	0	0	11	3	11	8	11	11	11	0	6	0	0	11	11	11	12	12	0	0	0	0	0	6	11	
11	8	8	0	0	0	11	3	11	8	11	11	11	0	6	0	0	11	11	11	12	12	0	0	0	0	0	6	11	
11	8	8	0	0	0	11	3	11	8	11	11	11	0	6	0	0	11	11	11	12	12	0	0	0	0	0	6	11	
11	8	8	0	0	0	11	3	11	8	11	11	11	0	6	0	0	11	11	11	12	12	0	0	0	0	0	6	11	
11	8	8	0	0	0	11	3	11	8	11	11	11	0	6	0	0	11	11	11	12	12	0	0	0	0	0	6	11	
6	3	3	6	6	6	6	5	7	6	6	6	6	6	0	6	6	6	6	6	11	12	6	6	6	6	6	0	6	
0	5	5	11	11	11	0	8	13	11	0	0	0	11	6	11	11	0	0	0	13	14	11	11	11	11	11	6	0	

cost:121.0
