Instance Date:219-4

VehicleNumber---RequestNumber---MaxTravelTime---DisinfectionTime
2	15	90	30

VehicleCapacity---VehicleLunchReadyTime---VehicleLunchDueTime---VehicleLunchDuration
9	240	300	60

LocationID---StaffDemand---SeatDemand---ReadyTime---DueTime---ServiceTime
0	0	0.0	0	780	0	
1	2	1.5	30	60	10	
2	2	1.5	30	50	10	
3	2	1.5	201	321	8	
4	2	1.0	228	378	8	
5	2	1.5	222	342	8	
6	3	1.0	300	750	8	
7	2	2.5	340	400	10	
8	2	1.0	90	240	8	
9	2	1.0	90	240	8	
10	2	1.0	90	240	8	
11	2	3.0	90	240	8	
12	2	2.5	100	160	9	
13	2	2.5	330	390	10	
14	2	1.5	390	450	10	
15	3	1.5	411	471	8	
16	2	-1.5	30	90	3	
17	2	-1.5	30	90	3	
18	2	-1.5	201	341	3	
19	2	-1.0	228	408	3	
20	2	-1.5	222	362	3	
21	3	-1.0	300	750	9	
22	2	-2.5	360	420	3	
23	2	-1.0	90	270	3	
24	2	-1.0	90	270	3	
25	2	-1.0	90	270	3	
26	2	-3.0	90	270	3	
27	2	-2.5	120	180	3	
28	2	-2.5	360	420	3	
29	2	-1.5	420	480	3	
30	3	-1.5	411	491	3	

Travel Time Between Locations
0	13	11	0	0	0	11	6	0	0	0	0	9	14	12	11	11	11	11	11	11	6	0	12	12	12	12	0	8	11	8	
13	0	6	13	13	13	11	7	13	13	13	13	6	11	3	11	11	11	11	11	11	7	13	3	3	3	3	13	8	11	13	
11	6	0	11	11	11	8	6	11	11	11	11	6	10	4	8	8	8	8	8	8	6	11	6	6	6	6	11	5	8	12	
0	13	11	0	0	0	11	6	0	0	0	0	9	14	12	11	11	11	11	11	11	6	0	12	12	12	12	0	8	11	8	
0	13	11	0	0	0	11	6	0	0	0	0	9	14	12	11	11	11	11	11	11	6	0	12	12	12	12	0	8	11	8	
0	13	11	0	0	0	11	6	0	0	0	0	9	14	12	11	11	11	11	11	11	6	0	12	12	12	12	0	8	11	8	
11	11	8	11	11	11	0	6	11	11	11	11	8	12	10	0	0	0	0	0	0	6	11	8	8	8	8	11	3	0	11	
6	7	6	6	6	6	6	0	6	6	6	6	6	12	6	6	6	6	6	6	6	0	6	7	7	7	7	6	5	6	9	
0	13	11	0	0	0	11	6	0	0	0	0	9	14	12	11	11	11	11	11	11	6	0	12	12	12	12	0	8	11	8	
0	13	11	0	0	0	11	6	0	0	0	0	9	14	12	11	11	11	11	11	11	6	0	12	12	12	12	0	8	11	8	
0	13	11	0	0	0	11	6	0	0	0	0	9	14	12	11	11	11	11	11	11	6	0	12	12	12	12	0	8	11	8	
0	13	11	0	0	0	11	6	0	0	0	0	9	14	12	11	11	11	11	11	11	6	0	12	12	12	12	0	8	11	8	
9	6	6	9	9	9	8	6	9	9	9	9	0	10	7	8	8	8	8	8	8	6	9	5	5	5	5	9	5	8	12	
14	11	10	14	14	14	12	12	14	14	14	14	10	0	8	12	12	12	12	12	12	12	14	10	10	10	10	14	11	12	16	
12	3	4	12	12	12	10	6	12	12	12	12	7	8	0	10	10	10	10	10	10	6	12	6	6	6	6	12	7	10	14	
11	11	8	11	11	11	0	6	11	11	11	11	8	12	10	0	0	0	0	0	0	6	11	8	8	8	8	11	3	0	11	
11	11	8	11	11	11	0	6	11	11	11	11	8	12	10	0	0	0	0	0	0	6	11	8	8	8	8	11	3	0	11	
11	11	8	11	11	11	0	6	11	11	11	11	8	12	10	0	0	0	0	0	0	6	11	8	8	8	8	11	3	0	11	
11	11	8	11	11	11	0	6	11	11	11	11	8	12	10	0	0	0	0	0	0	6	11	8	8	8	8	11	3	0	11	
11	11	8	11	11	11	0	6	11	11	11	11	8	12	10	0	0	0	0	0	0	6	11	8	8	8	8	11	3	0	11	
11	11	8	11	11	11	0	6	11	11	11	11	8	12	10	0	0	0	0	0	0	6	11	8	8	8	8	11	3	0	11	
6	7	6	6	6	6	6	0	6	6	6	6	6	12	6	6	6	6	6	6	6	0	6	7	7	7	7	6	5	6	9	
0	13	11	0	0	0	11	6	0	0	0	0	9	14	12	11	11	11	11	11	11	6	0	12	12	12	12	0	8	11	8	
12	3	6	12	12	12	8	7	12	12	12	12	5	10	6	8	8	8	8	8	8	7	12	0	0	0	0	12	5	8	14	
12	3	6	12	12	12	8	7	12	12	12	12	5	10	6	8	8	8	8	8	8	7	12	0	0	0	0	12	5	8	14	
12	3	6	12	12	12	8	7	12	12	12	12	5	10	6	8	8	8	8	8	8	7	12	0	0	0	0	12	5	8	14	
12	3	6	12	12	12	8	7	12	12	12	12	5	10	6	8	8	8	8	8	8	7	12	0	0	0	0	12	5	8	14	
0	13	11	0	0	0	11	6	0	0	0	0	9	14	12	11	11	11	11	11	11	6	0	12	12	12	12	0	8	11	8	
8	8	5	8	8	8	3	5	8	8	8	8	5	11	7	3	3	3	3	3	3	5	8	5	5	5	5	8	0	3	10	
11	11	8	11	11	11	0	6	11	11	11	11	8	12	10	0	0	0	0	0	0	6	11	8	8	8	8	11	3	0	11	
8	13	12	8	8	8	11	9	8	8	8	8	12	16	14	11	11	11	11	11	11	9	8	14	14	14	14	8	10	11	0	

cost:138.0
